"NP                                                                                                                    "
    112.020, -71887.970,-6.4575E-01, 3.4998E+00,-4.0161E-01, 2.4890E+00, 7.5684E-02, 5.3101E+00, 5.2490E-02, 6.5698E+00
"P                                                                                                                     "
    141.330, -71858.660, 2.2437E+00, 6.3647E+00, 1.5295E+00, 4.3909E+00,-1.2207E-03, 5.2307E+00, 5.0049E-02, 6.5698E+00
"G                                                                                                                     "
    740.970, -71259.020,-6.4453E-01, 3.5059E+00, 1.7285E+00, 4.5618E+00,-6.0547E-01, 4.6301E+00,-3.7231E-01, 6.1487E+00
"B                                                                                                                     "
    741.810, -71258.180,-6.2378E-01, 3.5120E+00, 1.6223E+00, 4.4678E+00,-6.0791E-01, 4.6313E+00,-3.6987E-01, 6.1487E+00
"F2                                                                                                                    "
    742.500, -71257.490,-5.6274E-01, 3.5388E+00, 1.6772E+00, 4.5337E+00,-6.0791E-01, 4.6301E+00,-3.7476E-01, 6.1487E+00
"G                                                                                                                     "
    744.180, -71255.810,-6.4819E-01, 3.5120E+00, 1.6809E+00, 4.5300E+00,-6.0913E-01, 4.6301E+00,-3.7231E-01, 6.1499E+00
"F1                                                                                                                    "
    744.930, -71255.060,-6.5918E-01, 3.4924E+00, 1.6724E+00, 4.5374E+00,-6.0791E-01, 4.6313E+00,-3.7231E-01, 6.1499E+00
"B                                                                                                                     "
    745.830, -71254.160,-6.5186E-01, 3.4912E+00, 1.6260E+00, 4.4604E+00,-6.0547E-01, 4.6301E+00,-3.7109E-01, 6.1499E+00
"F2                                                                                                                    "
    746.550, -71253.440,-6.5674E-01, 3.4912E+00, 1.6748E+00, 4.5215E+00,-6.0791E-01, 4.6313E+00,-3.7231E-01, 6.1499E+00
"G                                                                                                                     "
    998.790, -71001.200,-6.4941E-01, 3.4949E+00, 1.7310E+00, 4.5654E+00,-5.9570E-01, 4.6387E+00,-3.6621E-01, 6.1548E+00
"F1                                                                                                                    "
    999.330, -71000.660,-6.5308E-01, 3.4949E+00, 1.6931E+00, 4.5398E+00,-5.9692E-01, 4.6387E+00,-3.6377E-01, 6.1560E+00
"B                                                                                                                     "
   1000.380, -70999.610,-6.5430E-01, 3.4949E+00, 1.6565E+00, 4.5007E+00,-5.9937E-01, 4.6387E+00,-3.6377E-01, 6.1560E+00
"F2                                                                                                                    "
   1001.070, -70998.920,-6.4575E-01, 3.4961E+00, 1.6907E+00, 4.5276E+00,-5.9570E-01, 4.6387E+00,-3.6621E-01, 6.1560E+00
"G                                                                                                                     "
   1682.640, -70317.350,-6.5063E-01, 3.4985E+00,-3.8574E-01, 2.5061E+00,-6.0425E-01, 4.6362E+00,-3.6987E-01, 6.1536E+00
"Z                                                                                                                     "
   2528.400, -69471.590, 2.6392E+00, 6.7310E+00, 9.9731E-01, 4.0479E+00,-5.9814E-01, 4.6399E+00,-3.6499E-01, 6.1572E+00
"P                                                                                                                     "
   2561.640, -69438.350, 2.6172E+00, 6.7175E+00, 8.4839E-01, 3.7134E+00,-6.0181E-01, 4.6399E+00,-3.6255E-01, 6.1572E+00
"B2                                                                                                                    "
   2564.910, -69435.080, 2.4353E+00, 6.5295E+00, 9.5459E-01, 3.7939E+00,-5.9326E-01, 4.6411E+00,-3.6011E-01, 6.1572E+00
"P                                                                                                                     "
   2597.760, -69402.230, 2.4780E+00, 6.5771E+00, 6.2134E-01, 3.4985E+00,-5.9326E-01, 4.6411E+00,-3.6255E-01, 6.1584E+00
"B2                                                                                                                    "
   2604.510, -69395.480, 2.3438E+00, 6.4343E+00, 6.6162E-01, 3.5327E+00,-5.9814E-01, 4.6411E+00,-3.6377E-01, 6.1584E+00
"P                                                                                                                     "
   2664.540, -69335.450, 2.6306E+00, 6.7590E+00, 6.6528E-01, 3.5315E+00,-5.9692E-01, 4.6411E+00,-3.6133E-01, 6.1584E+00
"B2                                                                                                                    "
   2670.360, -69329.630, 2.3608E+00, 6.4978E+00, 7.4829E-01, 3.6182E+00,-5.9204E-01, 4.6423E+00,-3.6255E-01, 6.1584E+00
"P                                                                                                                     "
   2722.950, -69277.040, 2.4683E+00, 6.6138E+00, 6.5430E-01, 3.5132E+00,-5.9204E-01, 4.6423E+00,-3.6133E-01, 6.1584E+00
"B2                                                                                                                    "
   2732.760, -69267.230, 2.3035E+00, 6.4893E+00, 6.9946E-01, 3.5657E+00,-5.9204E-01, 4.6411E+00,-3.6133E-01, 6.1584E+00
"P                                                                                                                     "
   2748.090, -69251.900, 2.5635E+00, 6.6602E+00, 7.8003E-01, 3.6353E+00,-5.9814E-01, 4.6411E+00,-3.6377E-01, 6.1597E+00
"C                                                                                                                     "
   2750.250, -69249.740, 2.7771E+00, 6.8530E+00, 7.0557E-01, 3.5730E+00,-5.9570E-01, 4.6411E+00,-3.6255E-01, 6.1584E+00
"D                                                                                                                     "
   2751.690, -69248.300, 2.6318E+00, 6.7297E+00, 6.0791E-01, 3.4827E+00,-5.9814E-01, 4.6411E+00,-3.6255E-01, 6.1597E+00
"C                                                                                                                     "
   2753.850, -69246.140, 2.7014E+00, 6.7725E+00, 8.2397E-01, 3.6865E+00,-5.9937E-01, 4.6411E+00,-3.6255E-01, 6.1597E+00
"D                                                                                                                     "
   2757.390, -69242.600, 2.4585E+00, 6.6455E+00, 5.8472E-01, 3.4399E+00,-5.9692E-01, 4.6423E+00,-3.6133E-01, 6.1584E+00
"F2                                                                                                                    "
   2758.860, -69241.130, 2.5769E+00, 6.6711E+00, 5.8960E-01, 3.4412E+00,-5.9326E-01, 4.6411E+00,-3.6255E-01, 6.1584E+00
"P                                                                                                                     "
   2763.240, -69236.750, 2.6196E+00, 6.7163E+00, 6.3232E-01, 3.5059E+00,-5.9937E-01, 4.6411E+00,-3.6255E-01, 6.1584E+00
"B2                                                                                                                    "
   2768.670, -69231.320, 2.7332E+00, 6.8140E+00, 6.0913E-01, 3.4827E+00,-5.9692E-01, 4.6411E+00,-3.6255E-01, 6.1584E+00
"P                                                                                                                     "
   2776.140, -69223.850, 2.4329E+00, 6.5259E+00, 8.5449E-01, 3.7097E+00,-5.9570E-01, 4.6411E+00,-3.6255E-01, 6.1584E+00
"C                                                                                                                     "
   2783.340, -69216.650, 2.6453E+00, 6.7322E+00, 8.4473E-01, 3.7244E+00,-5.9204E-01, 4.6411E+00,-3.6011E-01, 6.1597E+00
"D                                                                                                                     "
   2788.800, -69211.190, 2.4646E+00, 6.5576E+00, 7.4463E-01, 3.6084E+00,-5.9448E-01, 4.6423E+00,-3.6133E-01, 6.1584E+00
"F2                                                                                                                    "
   2789.910, -69210.080, 2.7527E+00, 6.8176E+00, 7.1045E-01, 3.5449E+00,-5.9692E-01, 4.6399E+00,-3.6255E-01, 6.1584E+00
"B                                                                                                                     "
   2792.940, -69207.050, 2.6270E+00, 6.7175E+00, 9.0942E-01, 3.7659E+00,-5.9326E-01, 4.6411E+00,-3.6377E-01, 6.1584E+00
"C                                                                                                                     "
   2800.890, -69199.100, 2.6208E+00, 6.7212E+00, 8.7524E-01, 3.7549E+00,-6.0425E-01, 4.6399E+00,-3.6255E-01, 6.1584E+00
"F2                                                                                                                    "
   2802.570, -69197.420, 2.5842E+00, 6.7676E+00, 7.6538E-01, 3.6462E+00,-6.0059E-01, 4.6411E+00,-3.6499E-01, 6.1572E+00
"FB                                                                                                                    "
   2804.580, -69195.410, 2.6343E+00, 6.7371E+00, 5.9204E-01, 3.4277E+00,-5.9814E-01, 4.6399E+00,-3.6499E-01, 6.1584E+00
"B                                                                                                                     "
   2814.060, -69185.930, 2.6111E+00, 6.7053E+00, 8.3130E-01, 3.6963E+00,-6.0059E-01, 4.6411E+00,-3.6377E-01, 6.1584E+00
"F2                                                                                                                    "
   2814.690, -69185.300, 2.5952E+00, 6.6968E+00, 7.9590E-01, 3.6597E+00,-5.9326E-01, 4.6411E+00,-3.6133E-01, 6.1584E+00
"B                                                                                                                     "
   2817.780, -69182.210, 2.6147E+00, 6.7029E+00, 1.6638E+00, 4.1394E+00,-5.9448E-01, 4.6399E+00,-3.6499E-01, 6.1584E+00
"C                                                                                                                     "
   2821.830, -69178.160, 2.4829E+00, 6.5845E+00, 9.0820E-01, 3.7683E+00,-5.9814E-01, 4.6411E+00,-3.6255E-01, 6.1584E+00
"D                                                                                                                     "
   2831.400, -69168.590, 2.6013E+00, 6.6858E+00, 9.0088E-01, 3.7463E+00,-5.9570E-01, 4.6399E+00,-3.6255E-01, 6.1584E+00
"F1                                                                                                                    "
   2832.270, -69167.720, 2.7905E+00, 6.8677E+00, 8.9478E-01, 3.7390E+00,-5.9570E-01, 4.6399E+00,-3.6621E-01, 6.1584E+00
"F2                                                                                                                    "
   2834.130, -69165.860, 2.6453E+00, 6.7456E+00, 1.4893E+00, 4.0442E+00,-6.0181E-01, 4.6411E+00,-3.6499E-01, 6.1584E+00
"F1                                                                                                                    "
   2834.640, -69165.350, 2.6514E+00, 6.7456E+00, 8.2642E-01, 3.7219E+00,-5.9448E-01, 4.6411E+00,-3.6255E-01, 6.1584E+00
"B                                                                                                                     "
   2839.740, -69160.250, 2.5256E+00, 6.6199E+00, 8.9478E-01, 3.7366E+00,-5.9326E-01, 4.6411E+00,-3.6377E-01, 6.1572E+00
"C                                                                                                                     "
   2842.110, -69157.880, 2.5476E+00, 6.6541E+00, 8.6914E-01, 3.7292E+00,-5.9937E-01, 4.6399E+00,-3.6133E-01, 6.1584E+00
"D                                                                                                                     "
   2843.160, -69156.830, 2.5696E+00, 6.6614E+00, 8.5693E-01, 3.7256E+00,-5.9082E-01, 4.6399E+00,-3.6255E-01, 6.1584E+00
"F2                                                                                                                    "
   2845.320, -69154.670, 2.6758E+00, 6.7468E+00, 8.1787E-01, 3.6633E+00,-5.9326E-01, 4.6399E+00,-3.6377E-01, 6.1584E+00
"FB                                                                                                                    "
   2847.270, -69152.720, 2.6257E+00, 6.7236E+00, 9.7290E-01, 3.8147E+00,-5.9570E-01, 4.6399E+00,-3.6255E-01, 6.1584E+00
"C                                                                                                                     "
   2848.980, -69151.010, 2.5000E+00, 6.5833E+00, 1.5869E+00, 4.2712E+00,-5.9937E-01, 4.6411E+00,-3.6377E-01, 6.1584E+00
"D                                                                                                                     "
   2849.730, -69150.260, 2.5769E+00, 6.6650E+00, 9.0210E-01, 3.7451E+00,-5.9570E-01, 4.6411E+00,-3.6621E-01, 6.1584E+00
"B                                                                                                                     "
   2851.860, -69148.130, 2.6074E+00, 6.7041E+00, 1.0059E+00, 3.8721E+00,-6.0181E-01, 4.6411E+00,-3.6255E-01, 6.1584E+00
"C                                                                                                                     "
   2854.140, -69145.850, 2.6904E+00, 6.7859E+00, 1.2402E+00, 4.0894E+00,-5.9814E-01, 4.6411E+00,-3.6499E-01, 6.1584E+00
"D                                                                                                                     "
   2859.750, -69140.240, 2.6831E+00, 6.7688E+00, 1.0144E+00, 3.8965E+00,-5.9326E-01, 4.6411E+00,-3.6377E-01, 6.1584E+00
"F2                                                                                                                    "
   2862.060, -69137.930, 2.6355E+00, 6.7432E+00, 8.2153E-01, 3.7109E+00,-5.9814E-01, 4.6411E+00,-3.6377E-01, 6.1584E+00
"FB                                                                                                                    "
   2863.950, -69136.040, 2.7869E+00, 6.8848E+00, 5.9814E-01, 3.4753E+00,-6.0059E-01, 4.6399E+00,-3.6621E-01, 6.1572E+00
"B                                                                                                                     "
   2882.610, -69117.380, 4.1113E+00,-6.0669E-01, 6.1340E+00, 4.2456E+00, 3.2446E+00,-2.3108E+00, 2.9785E+00, 2.5671E+00
"C                                                                                                                     "
   2884.950, -69115.040, 2.7271E+00, 6.7871E+00, 8.9355E-01, 3.7463E+00,-5.9448E-01, 4.6399E+00,-3.6377E-01, 6.1584E+00
"D                                                                                                                     "
   2889.660, -69110.330, 2.6245E+00, 6.7126E+00, 8.4106E-01, 3.6902E+00,-5.9448E-01, 4.6399E+00,-3.6621E-01, 6.1572E+00
"F2                                                                                                                    "
   2892.060, -69107.930, 2.6355E+00, 6.7297E+00, 8.0322E-01, 3.6755E+00,-6.0059E-01, 4.6399E+00,-3.6499E-01, 6.1572E+00
"B                                                                                                                     "
   2894.610, -69105.380, 2.4072E+00, 6.4917E+00, 9.2163E-01, 3.7598E+00,-5.9937E-01, 4.6387E+00,-3.6499E-01, 6.1572E+00
"F2                                                                                                                    "
   2896.530, -69103.460, 2.6294E+00, 6.5601E+00, 7.7148E-01, 3.6316E+00,-5.9692E-01, 4.6399E+00,-3.6377E-01, 6.1572E+00
"B                                                                                                                     "
   2899.740, -69100.250, 2.5146E+00, 6.6064E+00, 8.8379E-01, 3.7170E+00,-5.8105E-01, 4.6814E+00,-3.6499E-01, 6.1572E+00
"F2                                                                                                                    "
   2900.970, -69099.020, 2.6917E+00, 6.7566E+00, 8.0688E-01, 3.6780E+00,-5.2734E-01, 4.7729E+00,-3.6377E-01, 6.1572E+00
"B                                                                                                                     "
   2904.870, -69095.120, 2.4280E+00, 6.5198E+00, 9.2163E-01, 3.7695E+00, 1.4893E-01, 5.3638E+00,-3.6621E-01, 6.1572E+00
"C                                                                                                                     "
   2906.580, -69093.410, 2.5879E+00, 6.6833E+00, 8.9966E-01, 3.7573E+00,-5.9937E-01, 4.6436E+00,-3.6743E-01, 6.1572E+00
"B                                                                                                                     "
   2907.360, -69092.630, 2.6086E+00, 6.7029E+00, 8.8501E-01, 3.7451E+00,-5.9326E-01, 4.6436E+00,-3.6255E-01, 6.1572E+00
"F2                                                                                                                    "
   2910.240, -69089.750, 2.5464E+00, 6.6370E+00, 7.0313E-01, 3.5645E+00,-5.9204E-01, 4.6399E+00,-3.6377E-01, 6.1572E+00
"B                                                                                                                     "
   2913.450, -69086.540, 2.5684E+00, 6.6565E+00, 9.8999E-01, 3.8342E+00,-5.9937E-01, 4.6423E+00,-3.6621E-01, 6.1572E+00
"C                                                                                                                     "
   2914.560, -69085.430, 2.5610E+00, 6.6626E+00, 1.0669E+00, 3.9294E+00,-5.9326E-01, 4.6411E+00,-3.6499E-01, 6.1572E+00
"F2                                                                                                                    "
   2915.970, -69084.020, 2.5659E+00, 6.7920E+00, 9.4482E-01, 3.8135E+00,-5.9692E-01, 4.6399E+00,-3.6377E-01, 6.1572E+00
"B                                                                                                                     "
   2923.770, -69076.220, 2.6465E+00, 6.7407E+00, 1.0657E+00, 3.8660E+00,-5.9570E-01, 4.6411E+00,-3.6499E-01, 6.1572E+00
"C                                                                                                                     "
   2925.210, -69074.780, 2.6636E+00, 6.7468E+00, 1.1584E+00, 4.0088E+00,-6.0425E-01, 4.6399E+00,-3.6377E-01, 6.1572E+00
"D                                                                                                                     "
   2950.440, -69049.550, 2.6025E+00, 6.7139E+00, 1.1731E+00, 4.0430E+00,-5.9814E-01, 4.6423E+00,-3.6499E-01, 6.1572E+00
"F2                                                                                                                    "
   2951.940, -69048.050, 2.6379E+00, 6.7310E+00, 8.7524E-01, 3.7305E+00,-5.9814E-01, 4.6411E+00,-3.5278E-01, 6.1633E+00
"B                                                                                                                     "
   2955.600, -69044.390, 2.6270E+00, 6.7114E+00, 1.0364E+00, 3.8391E+00,-5.9448E-01, 4.6411E+00,-3.6499E-01, 6.1584E+00
"D                                                                                                                     "
   3019.470, -68980.520, 2.3218E+00, 6.4221E+00, 1.2744E+00, 4.1052E+00,-6.0791E-01, 4.6387E+00,-3.6621E-01, 6.1560E+00
"C                                                                                                                     "
   3020.520, -68979.470, 2.3645E+00, 6.4575E+00, 1.1487E+00, 3.9893E+00,-5.9692E-01, 4.6375E+00,-3.6499E-01, 6.1572E+00
"D                                                                                                                     "
   3138.870, -68861.120, 2.2656E+00, 6.3782E+00, 1.2683E+00, 4.0967E+00,-6.0669E-01, 4.6350E+00,-3.6621E-01, 6.1560E+00
"C                                                                                                                     "
   3140.970, -68859.020, 2.5891E+00, 6.6833E+00, 1.0754E+00, 3.9441E+00,-6.0059E-01, 4.6387E+00,-3.6743E-01, 6.1560E+00
"D                                                                                                                     "
   3246.000, -68753.990,-5.4077E-01, 3.8806E+00, 1.1926E+00, 4.0845E+00,-5.9570E-01, 4.6387E+00,-3.6133E-01, 6.1572E+00
"B                                                                                                                     "
   3246.930, -68753.060,-6.2622E-01, 3.5193E+00, 9.0332E-01, 3.7537E+00,-6.0303E-01, 4.6399E+00,-3.5522E-01, 6.1658E+00
"F2                                                                                                                    "
   3247.620, -68752.370,-6.3354E-01, 3.5144E+00, 8.7280E-01, 3.7317E+00,-5.9448E-01, 4.6387E+00,-3.6377E-01, 6.1572E+00
"B                                                                                                                     "
   3248.220, -68751.770,-6.2134E-01, 3.5193E+00, 8.3984E-01, 3.7280E+00,-5.9814E-01, 4.6387E+00,-3.6499E-01, 6.1584E+00
"FB                                                                                                                    "
   3249.870, -68750.120,-5.3345E-01, 3.5718E+00, 1.0339E+00, 3.9160E+00,-6.0059E-01, 4.6399E+00,-3.6377E-01, 6.1572E+00
"C                                                                                                                     "
   3250.620, -68749.370,-6.5186E-01, 3.5034E+00, 1.8567E+00, 4.6643E+00,-5.9937E-01, 4.6399E+00,-3.6499E-01, 6.1572E+00
"D                                                                                                                     "
   3256.710, -68743.280,-6.3843E-01, 3.5107E+00, 1.1548E+00, 4.0015E+00,-5.9692E-01, 4.6375E+00,-3.6621E-01, 6.1572E+00
"C                                                                                                                     "
   3257.370, -68742.620,-6.3843E-01, 3.5071E+00, 1.3879E+00, 4.4067E+00,-6.0059E-01, 4.6399E+00,-3.6255E-01, 6.1572E+00
"F2                                                                                                                    "
   3257.910, -68742.080,-6.4575E-01, 3.5071E+00, 2.1399E+00, 4.7302E+00,-6.0059E-01, 4.6375E+00,-3.6743E-01, 6.1572E+00
"C                                                                                                                     "
   3258.570, -68741.420,-6.3477E-01, 3.5120E+00, 1.5100E+00, 4.2383E+00,-6.0303E-01, 4.6399E+00,-3.6621E-01, 6.1572E+00
"D                                                                                                                     "
   3443.610, -68556.380,-6.4209E-01, 3.5034E+00, 1.4783E+00, 4.1724E+00,-5.9326E-01, 4.6411E+00,-3.6255E-01, 6.1584E+00
"F1                                                                                                                    "
   3444.240, -68555.750,-6.4575E-01, 3.5046E+00, 1.3147E+00, 4.1846E+00,-5.9814E-01, 4.6411E+00,-3.6255E-01, 6.1584E+00
"FB                                                                                                                    "
   3447.930, -68552.060,-6.4819E-01, 3.5022E+00, 9.6436E-01, 3.8220E+00,-5.9570E-01, 4.6411E+00,-3.6499E-01, 6.1584E+00
"Z                                                                                                                     "
  36000.000, -35999.990,-6.4575E-01, 3.4998E+00,-4.1382E-01, 2.4670E+00,-5.9082E-01, 4.6436E+00,-3.5522E-01, 6.1597E+00
