"NP                                                                                                                    "
    236.010, -71763.980, 8.8379E-01, 4.2029E+00, 6.5918E-02, 2.9309E+00, 7.2021E-02, 5.3076E+00, 5.6152E-02, 6.5686E+00
"P                                                                                                                     "
    259.230, -71740.760, 1.7517E+00, 5.8496E+00, 7.3242E-03, 2.8784E+00, 7.3242E-02, 5.3076E+00, 5.3711E-02, 6.5686E+00
"G                                                                                                                     "
    314.730, -71685.260, 2.3145E+00, 6.4233E+00,-3.5034E-01, 2.5256E+00,-5.2368E-01, 4.7119E+00, 5.3711E-02, 6.5698E+00
"B                                                                                                                     "
    315.360, -71684.630, 2.4084E+00, 6.5015E+00,-3.4668E-01, 2.5256E+00,-5.1880E-01, 4.7131E+00, 5.4932E-02, 6.5686E+00
"F1                                                                                                                    "
    316.020, -71683.970, 2.5122E+00, 6.6138E+00,-3.5278E-01, 2.5269E+00,-5.2368E-01, 4.7107E+00, 5.3711E-02, 6.5698E+00
"G                                                                                                                     "
   6120.480, -65879.510, 1.1853E+00, 5.2917E+00,-8.0566E-02, 2.7905E+00,-5.2734E-01, 4.7070E+00,-3.3569E-01, 6.1853E+00
"P                                                                                                                     "
   6127.080, -65872.910, 1.5955E+00, 5.6897E+00,-7.5684E-02, 2.7930E+00,-5.2612E-01, 4.7070E+00,-3.3569E-01, 6.1865E+00
"Z                                                                                                                     "
  36000.090, -35999.900,-6.0547E-01, 3.5376E+00,-3.5400E-01, 2.5208E+00, 3.0273E-01, 5.5383E+00,-3.4302E-01, 6.1792E+00
