"NP                                                                                                                    "
   1503.450, -70496.540, 1.3220E+00, 4.1565E+00,-3.6621E-01, 2.5061E+00,-5.2490E-01, 4.7009E+00,-3.0640E-01, 6.2109E+00
"P                                                                                                                     "
   1555.560, -70444.430, 2.7625E+00, 6.8201E+00,-3.6377E-01, 2.5073E+00,-5.3101E-01, 4.7021E+00,-3.1250E-01, 6.2036E+00
"C                                                                                                                     "
   1558.170, -70441.820, 2.7759E+00, 6.8506E+00,-3.6621E-01, 2.5073E+00,-5.2856E-01, 4.7009E+00,-3.1128E-01, 6.2036E+00
"G                                                                                                                     "
   1572.090, -70427.900, 2.9736E+00, 7.0435E+00,-3.6743E-01, 2.5073E+00,-5.3101E-01, 4.7009E+00,-3.1128E-01, 6.2036E+00
"P                                                                                                                     "
   1602.870, -70397.120, 2.6465E+00, 6.7053E+00,-3.6499E-01, 2.5073E+00,-5.2490E-01, 4.7021E+00,-3.1006E-01, 6.2048E+00
"G                                                                                                                     "
   1649.550, -70350.440, 2.8601E+00, 6.9482E+00,-3.6499E-01, 2.5073E+00,-5.2368E-01, 4.7021E+00,-3.0884E-01, 6.2048E+00
"C                                                                                                                     "
   1663.410, -70336.580, 3.0359E+00, 7.1094E+00,-3.6499E-01, 2.5073E+00,-5.2734E-01, 4.7034E+00,-3.0884E-01, 6.2048E+00
"G                                                                                                                     "
   1702.620, -70297.370, 2.8650E+00, 6.9495E+00,-3.6255E-01, 2.5085E+00,-5.2734E-01, 4.7034E+00,-3.0884E-01, 6.2048E+00
"G                                                                                                                     "
   1812.330, -70187.660, 2.8198E+00, 6.8188E+00,-3.6011E-01, 2.5085E+00,-4.9561E-01, 4.7314E+00,-3.0762E-01, 6.2036E+00
"C                                                                                                                     "
   1826.580, -70173.410, 3.0725E+00, 7.1411E+00,-3.6499E-01, 2.5085E+00,-5.0415E-01, 4.7302E+00,-3.1250E-01, 6.2036E+00
"G                                                                                                                     "
   1868.490, -70131.500, 2.8455E+00, 6.9336E+00,-3.6255E-01, 2.5085E+00,-5.0537E-01, 4.7192E+00,-3.0884E-01, 6.2024E+00
"P                                                                                                                     "
   1888.950, -70111.040, 2.7173E+00, 6.7847E+00,-3.6743E-01, 2.5073E+00,-5.1147E-01, 4.7168E+00,-3.1128E-01, 6.2024E+00
"G                                                                                                                     "
   1901.850, -70098.140, 2.6257E+00, 6.7126E+00,-3.6621E-01, 2.5073E+00,-5.1514E-01, 4.7156E+00,-3.1372E-01, 6.2024E+00
"P                                                                                                                     "
   1926.150, -70073.840, 2.6636E+00, 6.7334E+00,-3.6743E-01, 2.5073E+00,-5.1147E-01, 4.7168E+00,-3.1128E-01, 6.2024E+00
"G                                                                                                                     "
   1984.080, -70015.910, 2.6257E+00, 6.7261E+00,-3.6621E-01, 2.5073E+00,-5.2734E-01, 4.7021E+00,-3.1006E-01, 6.2024E+00
"FB                                                                                                                    "
   1990.980, -70009.010, 2.7844E+00, 6.8384E+00,-3.6621E-01, 2.5073E+00,-5.2856E-01, 4.6997E+00,-3.1128E-01, 6.2024E+00
"C                                                                                                                     "
   2007.060, -69992.930, 2.6233E+00, 6.7004E+00,-3.6743E-01, 2.5073E+00,-5.2734E-01, 4.7070E+00,-3.1250E-01, 6.2024E+00
"B                                                                                                                     "
   2009.790, -69990.200, 2.6819E+00, 6.7493E+00,-3.6621E-01, 2.5073E+00,-2.2217E-01, 5.0037E+00,-3.1128E-01, 6.2024E+00
"C                                                                                                                     "
   2016.540, -69983.450, 2.8491E+00, 6.9226E+00,-3.6621E-01, 2.5073E+00,-2.7466E-01, 4.9548E+00,-3.1128E-01, 6.2024E+00
"C                                                                                                                     "
   2048.160, -69951.830, 2.7161E+00, 6.8030E+00,-3.6377E-01, 2.5073E+00,-2.6733E-01, 4.9585E+00,-3.1006E-01, 6.2036E+00
"G                                                                                                                     "
   2048.160, -69951.830, 2.7161E+00, 6.8030E+00,-3.6377E-01, 2.5073E+00,-2.6733E-01, 4.9585E+00,-3.1006E-01, 6.2036E+00
"F2                                                                                                                    "
   2051.280, -69948.710, 2.5916E+00, 6.6968E+00,-3.6255E-01, 2.5073E+00,-2.7954E-01, 4.9451E+00,-3.0762E-01, 6.2024E+00
"B                                                                                                                     "
   2055.570, -69944.420, 2.5781E+00, 6.6663E+00,-3.6743E-01, 2.5073E+00,-2.7710E-01, 4.9463E+00,-3.1250E-01, 6.2024E+00
"G                                                                                                                     "
   2260.320, -69739.670, 2.5061E+00, 6.6016E+00,-3.6255E-01, 2.5085E+00,-1.0388E+00, 4.2102E+00,-3.1006E-01, 6.2048E+00
"FB                                                                                                                    "
   2264.460, -69735.530, 2.5513E+00, 6.6345E+00,-3.6499E-01, 2.5085E+00, 1.4429E+00, 6.6479E+00,-3.0762E-01, 6.2048E+00
"P                                                                                                                     "
   2328.060, -69671.930, 2.5525E+00, 6.6431E+00,-3.6377E-01, 2.5085E+00, 3.8818E-01, 5.7751E+00,-3.0884E-01, 6.2048E+00
"G                                                                                                                     "
   2673.330, -69326.660, 2.6477E+00, 6.7310E+00,-3.6987E-01, 2.5073E+00, 1.0010E+00, 6.2146E+00,-3.1250E-01, 6.2024E+00
"F2                                                                                                                    "
   2673.780, -69326.210, 2.5757E+00, 6.6895E+00,-3.6255E-01, 2.5073E+00, 1.0120E+00, 6.2244E+00,-3.1128E-01, 6.2024E+00
"B                                                                                                                     "
   2674.890, -69325.100, 2.6172E+00, 6.6980E+00,-3.6621E-01, 2.5073E+00, 1.0327E+00, 6.2427E+00,-3.1128E-01, 6.2036E+00
"F2                                                                                                                    "
   2675.340, -69324.650, 2.6208E+00, 6.6968E+00,-3.6499E-01, 2.5073E+00, 1.0388E+00, 6.2500E+00,-3.1006E-01, 6.2024E+00
"B                                                                                                                     "
   2675.880, -69324.110, 2.6233E+00, 6.7310E+00,-3.6621E-01, 2.5085E+00, 1.0461E+00, 6.2561E+00,-3.0884E-01, 6.2036E+00
"F2                                                                                                                    "
   2676.570, -69323.420, 2.6086E+00, 6.7041E+00,-3.6499E-01, 2.5073E+00, 1.0486E+00, 6.2634E+00,-3.1250E-01, 6.2024E+00
"B                                                                                                                     "
   2677.500, -69322.490, 2.6025E+00, 6.7065E+00,-3.6499E-01, 2.5085E+00, 1.0547E+00, 6.2732E+00,-3.1372E-01, 6.2036E+00
"F2                                                                                                                    "
   2678.400, -69321.590, 2.5781E+00, 6.6797E+00,-3.6255E-01, 2.5073E+00, 1.0718E+00, 6.2842E+00,-3.1006E-01, 6.2024E+00
"B                                                                                                                     "
   2682.750, -69317.240, 2.7954E+00, 6.8823E+00,-3.6377E-01, 2.5073E+00, 8.5815E-01, 6.0730E+00,-3.1250E-01, 6.2024E+00
"D                                                                                                                     "
   2696.700, -69303.290, 2.4719E+00, 6.5576E+00,-3.6621E-01, 2.5085E+00, 1.0718E+00, 6.2891E+00,-3.1250E-01, 6.2024E+00
"C                                                                                                                     "
   2701.980, -69298.010, 2.5049E+00, 6.5979E+00,-3.6377E-01, 2.5073E+00, 8.7524E-01, 6.0925E+00,-3.1128E-01, 6.2024E+00
"D                                                                                                                     "
   2724.660, -69275.330, 2.5623E+00, 6.6479E+00,-3.6377E-01, 2.5085E+00, 1.0193E+00, 6.2366E+00,-3.1128E-01, 6.2024E+00
"B                                                                                                                     "
   2726.670, -69273.320, 4.6191E+00, 8.4021E+00,-3.6255E-01, 2.5085E+00, 1.0559E+00, 6.2671E+00,-3.1250E-01, 6.2024E+00
"C                                                                                                                     "
   2727.840, -69272.150, 2.8381E+00, 6.9128E+00,-3.6255E-01, 2.5073E+00, 1.0669E+00, 6.2817E+00,-3.1128E-01, 6.2024E+00
"D                                                                                                                     "
   2950.440, -69049.550, 2.9639E+00, 7.0496E+00,-3.6499E-01, 2.5098E+00, 1.1243E+00, 6.3391E+00,-3.1006E-01, 6.2061E+00
"DG                                                                                                                    "
   3708.960, -68291.030, 2.7661E+00, 6.8042E+00,-3.5767E-01, 2.5110E+00,-5.0781E-01, 4.7217E+00,-3.0762E-01, 6.2061E+00
"D                                                                                                                    "
   3724.110, -68275.880, 1.6418E+00, 6.3721E+00,-3.6133E-01, 2.5110E+00,-5.2368E-01, 4.7119E+00,-3.0518E-01, 6.2073E+00
"C                                                                                                                     "
   3725.100, -68274.890, 2.8723E+00, 6.9580E+00,-3.6255E-01, 2.5110E+00,-5.2490E-01, 4.7095E+00,-3.0884E-01, 6.2073E+00
"DG                                                                                                                    "
   4033.080, -67966.910, 2.8455E+00, 6.9287E+00,-3.6377E-01, 2.5098E+00,-4.9316E-01, 4.7412E+00,-3.1006E-01, 6.2048E+00
"D                                                                                                                     "
   4103.130, -67896.860, 2.2156E+00, 6.3232E+00,-3.6133E-01, 2.5098E+00,-4.8340E-01, 4.7437E+00,-3.0884E-01, 6.2048E+00
"Z                                                                                                                     "
  13346.100, -58653.890,-5.8105E-01, 3.5474E+00,-3.6743E-01, 2.5049E+00,-5.3101E-01, 4.6973E+00, 3.9063E-02, 6.5503E+00
"P                                                                                                                     "
  13360.350, -58639.640, 1.8762E+00, 5.8423E+00,-3.6743E-01, 2.5061E+00,-5.3589E-01, 4.6973E+00, 8.6670E-01, 7.3694E+00
"C                                                                                                                     "
  13369.770, -58630.220, 1.9958E+00, 6.1035E+00,-3.6743E-01, 2.5049E+00,-5.3589E-01, 4.6960E+00, 1.0486E+00, 7.5525E+00
"D                                                                                                                     "
  13377.330, -58622.660, 2.1204E+00, 6.2268E+00,-3.6621E-01, 2.5061E+00,-5.3101E-01, 4.6973E+00, 3.7842E-02, 6.5442E+00
"C                                                                                                                     "
  13383.150, -58616.840, 2.3718E+00, 6.4685E+00,-3.6865E-01, 2.5061E+00,-5.3345E-01, 4.6973E+00, 4.2725E-02, 6.5540E+00
"D                                                                                                                     "
  13425.870, -58574.120, 2.6611E+00, 6.7615E+00,-3.6865E-01, 2.5049E+00,-5.3223E-01, 4.6960E+00, 4.1504E-02, 6.5491E+00
"C                                                                                                                     "
  13431.180, -58568.810, 2.8479E+00, 6.9360E+00,-3.6987E-01, 2.5061E+00,-5.3589E-01, 4.6973E+00, 4.0283E-02, 6.5540E+00
"D                                                                                                                     "
  13445.580, -58554.410, 2.9504E+00, 7.0459E+00,-3.6743E-01, 2.5049E+00,-5.3101E-01, 4.6973E+00, 4.0283E-02, 6.5515E+00
"C                                                                                                                     "
  13448.790, -58551.200, 2.9846E+00, 7.0691E+00,-3.6621E-01, 2.5049E+00,-5.3589E-01, 4.6960E+00, 4.1504E-02, 6.5527E+00
"D                                                                                                                     "
  13458.540, -58541.450, 3.1201E+00, 7.1936E+00,-3.6621E-01, 2.5049E+00,-5.3589E-01, 4.6960E+00, 3.7842E-02, 6.5503E+00
"C                                                                                                                     "
  13460.280, -58539.710, 2.9504E+00, 7.0654E+00,-3.6865E-01, 2.5049E+00,-5.3345E-01, 4.6960E+00, 4.2725E-02, 6.5503E+00
"D                                                                                                                     "
  13570.080, -58429.910, 2.7393E+00, 6.8176E+00,-3.6987E-01, 2.5037E+00,-5.3711E-01, 4.6899E+00, 4.0283E-02, 6.5479E+00
"F2                                                                                                                    "
  13574.010, -58425.980, 2.5244E+00, 6.6467E+00,-3.7109E-01, 2.5037E+00,-5.2979E-01, 4.6948E+00, 4.2725E-02, 6.5479E+00
"FB                                                                                                                    "
  13579.200, -58420.790, 2.7856E+00, 6.8689E+00,-3.6865E-01, 2.5037E+00,-5.3711E-01, 4.6936E+00, 3.4180E-02, 6.5466E+00
"C                                                                                                                     "
  13579.950, -58420.040, 2.8748E+00, 6.9360E+00,-3.6621E-01, 2.5049E+00,-5.3101E-01, 4.6936E+00, 3.7842E-02, 6.5466E+00
"G                                                                                                                     "
  13585.830, -58414.160, 2.7771E+00, 6.8408E+00,-3.6987E-01, 2.5037E+00,-5.3467E-01, 4.6924E+00, 3.9063E-02, 6.5466E+00
"B                                                                                                                     "
  13587.540, -58412.450, 2.7454E+00, 6.8225E+00,-3.6987E-01, 2.5049E+00,-5.3711E-01, 4.6948E+00, 3.4180E-02, 6.5466E+00
"C                                                                                                                     "
  13595.880, -58404.110, 2.5586E+00, 6.6479E+00,-3.6987E-01, 2.5037E+00,-5.3955E-01, 4.6924E+00, 3.5400E-02, 6.5442E+00
"F2                                                                                                                    "
  13596.630, -58403.360, 2.5635E+00, 6.6846E+00,-3.7109E-01, 2.5049E+00,-5.3833E-01, 4.6936E+00, 3.2959E-02, 6.5442E+00
"B                                                                                                                     "
  13599.750, -58400.240, 2.8687E+00, 6.9031E+00,-3.6865E-01, 2.5049E+00,-5.3467E-01, 4.6936E+00, 3.6621E-02, 6.5442E+00
"FB                                                                                                                    "
  13602.720, -58397.270, 2.7551E+00, 6.7847E+00,-3.6865E-01, 2.5037E+00,-5.3467E-01, 4.6936E+00, 3.4180E-02, 6.5442E+00
"C                                                                                                                     "
  13610.400, -58389.590, 2.7209E+00, 6.7969E+00,-3.6621E-01, 2.5037E+00,-5.3711E-01, 4.6924E+00, 3.7842E-02, 6.5454E+00
"G                                                                                                                     "
  14678.400, -57321.590, 5.4810E-01, 4.6741E+00,-3.6865E-01, 2.5037E+00,-3.1372E-01, 4.9170E+00, 3.0518E-02, 6.5417E+00
"CG                                                                                                                    "
  14830.440, -57169.550, 5.7251E-01, 4.6948E+00,-3.7109E-01, 2.5024E+00,-7.3364E-01, 4.4958E+00, 3.2959E-02, 6.5430E+00
"G                                                                                                                     "
  15916.350, -56083.640, 7.3608E-01, 4.8535E+00,-3.6987E-01, 2.5037E+00, 3.4180E-01, 5.5640E+00,-3.1128E-01, 6.2012E+00
"DG                                                                                                                    "
  16011.150, -55988.840, 6.8848E-01, 4.8132E+00,-3.6865E-01, 2.5037E+00, 5.8960E-01, 5.8105E+00,-3.1738E-01, 6.1987E+00
"G                                                                                                                     "
  16106.880, -55893.110, 8.1543E-01, 4.9377E+00,-3.6987E-01, 2.5024E+00, 6.7383E-01, 5.8997E+00,-3.1494E-01, 6.1975E+00
"C                                                                                                                     "
  16110.180, -55889.810, 5.8960E-01, 4.7095E+00,-3.7231E-01, 2.5024E+00, 6.7871E-01, 5.8972E+00,-3.1616E-01, 6.1975E+00
"G                                                                                                                     "
  18634.020, -53365.970, 6.6650E-01, 4.7803E+00,-3.6987E-01, 2.5037E+00,-4.1260E-01, 4.8071E+00,-3.1494E-01, 6.1975E+00
"C                                                                                                                     "
  18637.170, -53362.820, 5.7617E-01, 4.7009E+00,-3.6865E-01, 2.5024E+00,-4.2358E-01, 4.8096E+00,-3.1738E-01, 6.1963E+00
"G                                                                                                                     "
  18649.230, -53350.760, 6.8604E-01, 4.7998E+00,-3.7109E-01, 2.5024E+00,-4.1504E-01, 4.8096E+00,-3.1250E-01, 6.1987E+00
"D                                                                                                                     "
  18684.270, -53315.720, 1.7456E+00, 6.0583E+00,-3.6987E-01, 2.5024E+00,-4.2358E-01, 4.8096E+00,-3.1616E-01, 6.1963E+00
"C                                                                                                                     "
  18686.700, -53313.290, 2.2522E+00, 6.3379E+00,-3.7354E-01, 2.5024E+00,-4.1382E-01, 4.8096E+00,-3.1982E-01, 6.1975E+00
"G                                                                                                                     "
  22942.020, -49057.970, 1.8188E-01, 4.3140E+00,-3.6743E-01, 2.5049E+00, 6.4819E-01, 5.8655E+00,-3.1616E-01, 6.1975E+00
"CG                                                                                                                    "
  23103.270, -48896.720, 2.7100E-01, 4.3958E+00,-3.6621E-01, 2.5061E+00, 7.9102E-01, 6.0083E+00,-3.1128E-01, 6.2000E+00
"G                                                                                                                     "
  23125.110, -48874.880,-4.6387E-01, 4.0808E+00,-3.6499E-01, 2.5061E+00, 1.0974E+00, 6.3086E+00,-3.1250E-01, 6.2000E+00
"Z                                                                                                                     "
  27970.650, -44029.340,-4.5410E-01, 3.6145E+00,-3.6621E-01, 2.5085E+00,-5.3589E-01, 4.6936E+00,-3.0762E-01, 6.2073E+00
"P                                                                                                                     "
  27980.940, -44019.050,-5.9082E-01, 3.5718E+00,-3.6743E-01, 2.5073E+00,-5.3467E-01, 4.6936E+00,-3.0640E-01, 6.2073E+00
"Z                                                                                                                     "
  27994.410, -44005.580,-5.8838E-01, 3.5510E+00,-3.6743E-01, 2.5073E+00,-5.3223E-01, 4.6936E+00,-3.0640E-01, 6.2061E+00
"P                                                                                                                     "
  28021.440, -43978.550, 1.8799E-01, 4.2993E+00,-3.6743E-01, 2.5073E+00,-5.3589E-01, 4.6924E+00,-3.0762E-01, 6.2048E+00
"B2                                                                                                                    "
  28024.950, -43975.040, 2.1851E-01, 4.3127E+00,-3.6865E-01, 2.5073E+00,-5.3711E-01, 4.6924E+00,-3.1128E-01, 6.2048E+00
"P                                                                                                                     "
  28063.230, -43936.760, 3.9551E-01, 4.5325E+00,-3.6621E-01, 2.5073E+00,-5.4077E-01, 4.6924E+00,-3.1128E-01, 6.2036E+00
"C                                                                                                                     "
  28069.650, -43930.340, 6.3354E-01, 4.8120E+00,-3.6743E-01, 2.5073E+00,-5.4077E-01, 4.6912E+00,-3.1250E-01, 6.2024E+00
"C                                                                                                                     "
  28100.520, -43899.470, 9.7046E-01, 5.0916E+00,-3.6743E-01, 2.5061E+00,-5.3711E-01, 4.6899E+00,-3.1128E-01, 6.2048E+00
"DG                                                                                                                    "
  28140.120, -43859.870, 1.5051E+00, 5.6116E+00,-3.6621E-01, 2.5061E+00,-5.3589E-01, 4.6912E+00,-3.1006E-01, 6.2012E+00
"G                                                                                                                     "
  28176.630, -43823.360, 1.8445E+00, 5.9521E+00,-3.6865E-01, 2.5061E+00,-5.3955E-01, 4.6899E+00,-3.0884E-01, 6.2036E+00
"F2                                                                                                                    "
  28179.720, -43820.270, 1.8677E+00, 5.9473E+00,-3.7109E-01, 2.5061E+00,-5.3833E-01, 4.6912E+00,-3.1250E-01, 6.2024E+00
"B                                                                                                                     "
  28191.690, -43808.300, 2.0190E+00, 6.0986E+00,-3.6743E-01, 2.5061E+00,-5.4321E-01, 4.6912E+00,-3.1006E-01, 6.2024E+00
"C                                                                                                                     "
  28192.860, -43807.130, 1.9617E+00, 6.0657E+00,-3.6987E-01, 2.5073E+00,-5.3711E-01, 4.6899E+00,-3.1128E-01, 6.2036E+00
"DG                                                                                                                    "
  28384.500, -43615.490, 1.5808E+00, 5.6921E+00,-3.6621E-01, 2.5085E+00,-5.3589E-01, 4.6948E+00,-3.1494E-01, 6.2000E+00
"D                                                                                                                     "
  28396.620, -43603.370, 1.3867E+00, 5.4956E+00,-3.6743E-01, 2.5085E+00,-5.3711E-01, 4.6960E+00,-3.1494E-01, 6.2000E+00
"G                                                                                                                     "
  28600.860, -43399.130, 1.1572E+00, 5.2747E+00,-3.6377E-01, 2.5098E+00,-1.0730E+00, 4.1699E+00,-3.1372E-01, 6.2012E+00
"F2                                                                                                                    "
  28603.830, -43396.160, 1.2292E+00, 5.3320E+00,-3.6621E-01, 2.5098E+00,-8.2031E-01, 4.4116E+00,-3.1372E-01, 6.2012E+00
"B                                                                                                                     "
  28605.900, -43394.090, 1.0876E+00, 5.2014E+00,-3.6377E-01, 2.5110E+00,-8.7891E-01, 4.3506E+00,-3.1250E-01, 6.2012E+00
"F2                                                                                                                    "
  28607.100, -43392.890, 1.2939E+00, 5.3650E+00,-3.6621E-01, 2.5110E+00,-8.5693E-01, 4.3628E+00,-3.1372E-01, 6.2012E+00
"B                                                                                                                     "
  28607.790, -43392.200, 1.2683E+00, 5.3906E+00,-3.6377E-01, 2.5098E+00,-9.0088E-01, 4.3152E+00,-3.1128E-01, 6.2012E+00
"G                                                                                                                     "
  35295.840, -36704.150,-2.9663E-01, 3.8440E+00,-3.6499E-01, 2.5110E+00,-5.3833E-01, 4.6936E+00,-3.1372E-01, 6.2000E+00
"CG                                                                                                                    "
  35668.020, -36331.970,-2.5879E-01, 3.8684E+00,-3.6743E-01, 2.5098E+00,-5.3833E-01, 4.6899E+00,-3.1616E-01, 6.1975E+00
"G                                                                                                                     "
  36000.230, -35999.760, 1.3391E+00, 5.4468E+00,-3.6621E-01, 2.5085E+00,-5.3833E-01, 4.6899E+00,-3.1494E-01, 6.1963E+00
