"NP                                                                                                                    "
     65.940, -71934.050,-3.7842E-02, 4.0930E+00,-3.6011E-01, 2.5208E+00, 4.0906E+00, 8.7305E+00, 5.3711E-02, 6.5649E+00
"P                                                                                                                     "
     99.750, -71900.240,-3.9063E-02, 4.0930E+00,-3.6377E-01, 2.5183E+00, 3.3008E+00, 8.5022E+00,-1.8555E-01, 6.3403E+00
"B2                                                                                                                    "
    102.390, -71897.600,-3.6621E-02, 4.0930E+00,-3.6255E-01, 2.5195E+00, 3.3557E+00, 8.5571E+00,-2.1606E-01, 6.2903E+00
"P                                                                                                                     "
    118.590, -71881.400,-3.2959E-02, 4.0930E+00,-3.6499E-01, 2.5183E+00,-2.9785E-01, 5.2637E+00,-3.0151E-01, 6.2146E+00
"Z                                                                                                                     "
  36000.030, -35999.960, 1.9531E+00, 6.0522E+00,-3.4180E-01, 2.5317E+00,-4.9072E-01, 4.7339E+00,-3.0518E-01, 6.2061E+00
