"NP                                                                                                                    "
    888.930, -71111.060, 3.2581E+00, 7.3401E+00,-4.2847E-01, 2.4646E+00, 3.2434E+00, 8.4436E+00,-3.0640E-01, 6.2061E+00
"P                                                                                                                     "
    934.530, -71065.460, 3.2532E+00, 7.3389E+00,-7.5806E-01, 2.1484E+00, 3.2214E+00, 8.4290E+00,-3.0884E-01, 6.2061E+00
"C                                                                                                                     "
    945.870, -71054.120, 3.2983E+00, 7.3682E+00,-4.4678E-01, 2.4377E+00, 3.3130E+00, 8.5071E+00,-3.1006E-01, 6.2061E+00
"B                                                                                                                     "
    947.640, -71052.350, 3.2776E+00, 7.3828E+00,-4.5654E-01, 2.4341E+00, 3.5168E+00, 8.6926E+00,-3.1128E-01, 6.2061E+00
"C                                                                                                                     "
    951.300, -71048.690, 3.2568E+00, 7.3413E+00,-5.2124E-01, 2.4207E+00, 3.2861E+00, 8.4937E+00,-3.1250E-01, 6.2061E+00
"D                                                                                                                     "
    969.060, -71030.930, 3.2141E+00, 7.3010E+00,-2.5146E-01, 2.6343E+00, 3.1458E+00, 8.3728E+00,-3.0884E-01, 6.2061E+00
"F2                                                                                                                    "
    970.470, -71029.520, 3.0444E+00, 7.2083E+00,-2.0142E-01, 2.6819E+00, 3.0066E+00, 8.2068E+00,-3.0762E-01, 6.2073E+00
"B                                                                                                                     "
    976.170, -71023.820, 3.2251E+00, 7.3096E+00,-5.9326E-01, 2.3096E+00, 3.4424E+00, 8.6560E+00,-3.1250E-01, 6.2061E+00
"C                                                                                                                     "
    979.530, -71020.460, 3.0798E+00, 7.2217E+00,-2.6367E-01, 2.6147E+00, 3.3032E+00, 8.5144E+00,-3.1128E-01, 6.2073E+00
"D                                                                                                                     "
    981.390, -71018.600, 3.2300E+00, 7.3132E+00,-3.1982E-01, 2.5964E+00, 3.2312E+00, 8.4387E+00,-3.1250E-01, 6.2061E+00
"B                                                                                                                     "
    983.400, -71016.590, 3.2153E+00, 7.3096E+00, 2.2583E-01, 2.8613E+00, 3.2214E+00, 8.4290E+00,-3.0884E-01, 6.2061E+00
"D                                                                                                                     "
    997.110, -71002.880, 3.2178E+00, 7.2815E+00,-4.5654E-01, 2.4536E+00, 3.2605E+00, 8.4741E+00,-3.0884E-01, 6.2073E+00
"C                                                                                                                     "
    999.390, -71000.600, 3.0017E+00, 7.1863E+00,-2.8198E-01, 2.5977E+00, 3.5095E+00, 8.7146E+00,-3.0640E-01, 6.2073E+00
"D                                                                                                                     "
   1008.540, -70991.450, 3.0273E+00, 7.1155E+00,-3.0762E-01, 2.5891E+00, 3.1995E+00, 8.3972E+00,-3.0762E-01, 6.2073E+00
"B                                                                                                                     "
   1011.960, -70988.030, 2.6453E+00, 6.7444E+00,-5.0781E-01, 2.3718E+00, 3.2446E+00, 8.4460E+00,-3.0396E-01, 6.2085E+00
"D                                                                                                                     "
   1057.800, -70942.190, 3.2861E+00, 7.3779E+00,-2.7100E-01, 2.6367E+00, 3.3435E+00, 8.5425E+00,-3.0762E-01, 6.2109E+00
"B                                                                                                                     "
   1061.250, -70938.740, 3.2910E+00, 7.3865E+00,-2.9907E-01, 2.5879E+00, 3.3057E+00, 8.5132E+00,-3.0762E-01, 6.2097E+00
"D                                                                                                                     "
   1174.620, -70825.370,-4.6997E-01, 3.6707E+00,-8.1787E-02, 2.7771E+00, 3.5388E+00, 8.7500E+00,-3.0518E-01, 6.2122E+00
"B                                                                                                                     "
   1177.410, -70822.580,-4.6265E-01, 3.6768E+00,-3.9185E-01, 2.5183E+00, 3.4351E+00, 8.6560E+00,-3.0640E-01, 6.2122E+00
"D                                                                                                                     "
   1216.290, -70783.700,-5.6885E-01, 3.5718E+00, 6.4697E-02, 2.9272E+00, 3.1006E+00, 8.3032E+00,-3.0396E-01, 6.2134E+00
"B                                                                                                                     "
   1218.330, -70781.660,-5.7007E-01, 3.5718E+00,-2.1362E-01, 2.6636E+00, 3.3521E+00, 8.6194E+00,-3.0273E-01, 6.2134E+00
"F2                                                                                                                    "
   1220.910, -70779.080,-5.7251E-01, 3.5706E+00,-3.2349E-01, 2.5537E+00, 3.2324E+00, 8.4290E+00,-3.0518E-01, 6.2134E+00
"B                                                                                                                     "
   1226.130, -70773.860,-5.7495E-01, 3.5693E+00,-1.3184E-01, 2.7490E+00, 3.6951E+00, 8.8977E+00,-3.0029E-01, 6.2146E+00
"D                                                                                                                     "
   1397.310, -70602.680, 1.9104E+00, 5.9924E+00, 1.7944E-01, 3.0579E+00, 3.5718E+00, 8.7732E+00,-3.0151E-01, 6.2134E+00
"B                                                                                                                     "
   1400.610, -70599.380, 2.1069E+00, 6.2402E+00, 1.4526E-01, 3.0164E+00, 3.5535E+00, 8.7878E+00,-2.9907E-01, 6.2134E+00
"D                                                                                                                     "
   1417.560, -70582.430, 1.9690E+00, 6.0535E+00, 1.0620E-01, 2.9004E+00, 1.1951E+00, 6.1487E+00,-3.0273E-01, 6.2134E+00
"B                                                                                                                     "
   1420.950, -70579.040, 2.1826E+00, 6.4075E+00,-2.3193E-02, 2.8503E+00,-3.1372E-01, 4.9194E+00,-3.0518E-01, 6.2134E+00
"D                                                                                                                     "
   1624.440, -70375.550, 3.1653E+00, 7.2559E+00,-1.8311E-02, 2.9443E+00,-4.8828E-01, 4.7388E+00,-2.9297E-01, 6.2219E+00
"B                                                                                                                     "
   1628.820, -70371.170, 3.1750E+00, 7.0923E+00,-2.4414E-03, 2.8210E+00,-4.9072E-01, 4.7400E+00,-2.9663E-01, 6.2207E+00
"D                                                                                                                     "
   1752.330, -70247.660, 2.3499E+00, 6.4734E+00, 8.3008E-02, 2.9480E+00,-4.8950E-01, 4.7412E+00,-2.9297E-01, 6.2219E+00
"F2                                                                                                                    "
   1753.770, -70246.220, 2.0386E+00, 6.1670E+00,-1.8555E-01, 2.6990E+00,-4.8950E-01, 4.7412E+00,-2.9541E-01, 6.2219E+00
"B                                                                                                                     "
   1755.240, -70244.750, 3.4290E+00, 7.4829E+00,-2.9541E-01, 2.6135E+00,-4.9072E-01, 4.7412E+00,-2.9175E-01, 6.2219E+00
"Z                                                                                                                     "
  20481.510, -51518.480, 2.1289E+00, 6.1182E+00,-5.1758E-01, 2.5269E+00, 3.4668E-01, 5.5835E+00,-2.9663E-01, 6.2219E+00
"P                                                                                                                     "
  20518.620, -51481.370, 2.0129E+00, 6.1206E+00,-3.5156E-01, 2.4512E+00, 3.3203E-01, 5.5566E+00,-2.9419E-01, 6.2207E+00
"Z                                                                                                                     "
  20519.220, -51480.770, 2.1143E+00, 6.0608E+00,-7.5928E-01, 2.3657E+00, 3.5522E-01, 5.5713E+00,-2.9541E-01, 6.2207E+00
"P                                                                                                                     "
  20559.930, -51440.060, 2.0337E+00, 6.1389E+00,-3.2837E-01, 2.5281E+00, 3.5889E-01, 5.5835E+00,-2.9419E-01, 6.2207E+00
"Z                                                                                                                     "
  20572.980, -51427.010, 1.7249E+00, 5.9229E+00,-3.1494E-01, 2.5598E+00,-4.0527E-01, 4.8291E+00,-2.9785E-01, 6.2207E+00
"P                                                                                                                     "
  20601.510, -51398.480, 2.0410E+00, 6.1499E+00,-1.2244E+00, 1.6821E+00, 3.0518E-01, 5.5310E+00,-2.9541E-01, 6.2207E+00
"B2                                                                                                                    "
  20605.260, -51394.730, 1.8567E+00, 6.0535E+00,-1.2415E+00, 1.6467E+00, 2.5391E-01, 5.4785E+00,-2.9419E-01, 6.2207E+00
"P                                                                                                                     "
  20647.560, -51352.430, 2.0264E+00, 6.0327E+00,-9.6924E-01, 1.9153E+00, 3.2104E-01, 5.5432E+00,-2.9663E-01, 6.2207E+00
"C                                                                                                                     "
  20652.600, -51347.390, 2.0996E+00, 6.1719E+00,-1.0059E+00, 1.9031E+00,-3.9185E-01, 4.8315E+00,-2.9297E-01, 6.2207E+00
"D                                                                                                                     "
  20688.990, -51311.000, 1.9995E+00, 6.1133E+00,-9.2529E-01, 1.9629E+00,-3.9795E-01, 4.8376E+00,-2.9541E-01, 6.2207E+00
"F2                                                                                                                    "
  20690.520, -51309.470, 1.8359E+00, 6.0156E+00,-8.3496E-01, 2.0398E+00,-3.9063E-01, 4.8401E+00,-2.9541E-01, 6.2207E+00
"B                                                                                                                     "
  20696.310, -51303.680, 1.9641E+00, 6.0742E+00,-1.1072E+00, 1.7908E+00, 4.3213E-01, 5.6482E+00,-2.9663E-01, 6.2207E+00
"DG                                                                                                                    "
  20704.860, -51295.130, 1.7444E+00, 5.9631E+00,-9.3018E-01, 1.9617E+00, 2.9785E-01, 5.5225E+00,-2.9541E-01, 6.2207E+00
"B                                                                                                                     "
  20708.580, -51291.410, 1.8030E+00, 5.9558E+00,-1.0278E+00, 1.8616E+00, 2.8687E-01, 5.5042E+00,-2.9541E-01, 6.2207E+00
"C                                                                                                                     "
  20709.480, -51290.510, 2.0618E+00, 6.1743E+00,-7.7148E-01, 2.1094E+00, 2.7710E-01, 5.4968E+00,-2.9541E-01, 6.2207E+00
"D                                                                                                                     "
  20775.000, -51224.990, 1.9543E+00, 6.0718E+00,-7.0557E-01, 2.1777E+00,-4.0283E-01, 4.8340E+00,-2.9663E-01, 6.2207E+00
"F2                                                                                                                    "
  20778.030, -51221.960, 1.9739E+00, 6.0803E+00,-7.7637E-01, 2.1240E+00, 4.9316E-01, 5.7178E+00,-2.9541E-01, 6.2207E+00
"B                                                                                                                     "
  20782.320, -51217.670, 1.8640E+00, 5.9082E+00,-9.0576E-01, 1.9836E+00, 4.3945E-01, 5.6555E+00,-2.9541E-01, 6.2219E+00
"C                                                                                                                     "
  20784.840, -51215.150, 1.8677E+00, 5.9265E+00,-7.5195E-01, 2.1338E+00, 4.1748E-01, 5.6360E+00,-2.9419E-01, 6.2207E+00
"D                                                                                                                     "
  20905.470, -51094.520, 1.9543E+00, 6.1108E+00,-4.6631E-01, 2.4011E+00, 2.6855E-01, 5.5017E+00,-2.9785E-01, 6.2207E+00
"F2                                                                                                                    "
  20906.910, -51093.080, 2.0459E+00, 6.1157E+00,-4.9805E-01, 2.3804E+00, 2.5879E-01, 5.4785E+00,-2.9297E-01, 6.2207E+00
"B                                                                                                                     "
  20913.600, -51086.390, 2.0496E+00, 6.1438E+00,-7.1045E-01, 2.1814E+00,-3.8696E-01, 4.8376E+00,-2.9419E-01, 6.2207E+00
"C                                                                                                                     "
  20915.640, -51084.350, 2.0300E+00, 6.1316E+00,-4.3335E-01, 2.4707E+00,-3.9673E-01, 4.8364E+00,-2.9663E-01, 6.2207E+00
"D                                                                                                                     "
  20996.460, -51003.530, 1.8213E+00, 5.9753E+00,-3.0396E-01, 2.6245E+00,-3.8940E-01, 4.8376E+00,-2.9419E-01, 6.2195E+00
"B                                                                                                                     "
  21000.510, -50999.480, 2.0081E+00, 6.0974E+00,-3.1860E-01, 2.5696E+00,-3.9307E-01, 4.8364E+00,-2.9663E-01, 6.2195E+00
"D                                                                                                                     "
  21378.540, -50621.450, 1.9775E+00, 6.0852E+00,-2.7100E-01, 2.6404E+00,-3.9673E-01, 4.8438E+00,-2.9785E-01, 6.2195E+00
"F1                                                                                                                    "
  21380.970, -50619.020, 2.0007E+00, 6.0999E+00,-2.8320E-01, 2.6563E+00,-3.8452E-01, 4.8401E+00,-2.9419E-01, 6.2195E+00
"F2                                                                                                                    "
  21383.670, -50616.320, 2.0789E+00, 6.0559E+00,-1.3794E-01, 2.7417E+00,-3.9795E-01, 4.8340E+00,-2.9541E-01, 6.2195E+00
"F3                                                                                                                    "
  21389.220, -50610.770, 1.8860E+00, 5.9619E+00,-1.4160E-01, 2.7856E+00, 4.0405E-01, 5.6262E+00,-2.9419E-01, 6.2195E+00
"F4                                                                                                                    "
  21392.430, -50607.560, 2.0691E+00, 6.1487E+00,-2.4780E-01, 2.6282E+00, 1.6724E-01, 5.3979E+00,-2.9663E-01, 6.2195E+00
"B                                                                                                                     "
  21396.570, -50603.420, 2.0166E+00, 5.9802E+00,-2.9419E-01, 2.5366E+00,-4.1382E-01, 4.8218E+00,-3.0029E-01, 6.2195E+00
"C                                                                                                                     "
  21397.200, -50602.790, 1.8933E+00, 6.0315E+00,-2.2461E-01, 2.6746E+00,-3.9917E-01, 4.8340E+00,-3.0151E-01, 6.2195E+00
"D                                                                                                                     "
  21642.030, -50357.960, 1.9751E+00, 6.0242E+00,-2.6611E-01, 2.6025E+00, 4.0649E-01, 5.6213E+00,-2.9663E-01, 6.2195E+00
"F2                                                                                                                    "
  21643.230, -50356.760, 2.0227E+00, 6.1169E+00,-2.4902E-01, 2.6318E+00, 3.9063E-01, 5.6116E+00,-2.9907E-01, 6.2195E+00
"B                                                                                                                     "
  21647.640, -50352.350, 1.9946E+00, 6.0938E+00, 5.2612E-01, 3.2605E+00, 3.8330E-01, 5.6006E+00,-2.9785E-01, 6.2195E+00
"C                                                                                                                     "
  21648.180, -50351.810, 2.0374E+00, 6.1377E+00,-1.5015E-01, 2.7222E+00, 3.7842E-01, 5.6018E+00,-2.9785E-01, 6.2195E+00
"B                                                                                                                     "
  21649.500, -50350.490, 2.0374E+00, 6.0571E+00,-2.0386E-01, 2.6587E+00, 3.7354E-01, 5.5969E+00,-2.9541E-01, 6.2195E+00
"C                                                                                                                     "
  21650.910, -50349.080, 2.0862E+00, 6.1646E+00, 2.0264E-01, 3.0005E+00, 3.7476E-01, 5.5908E+00,-2.9785E-01, 6.2195E+00
"D                                                                                                                     "
  22576.980, -49423.010, 1.8713E+00, 6.0071E+00, 3.2959E-02, 2.8955E+00,-4.1138E-01, 4.8132E+00,-2.9419E-01, 6.2183E+00
"P                                                                                                                     "
  22581.900, -49418.090, 1.9604E+00, 5.9949E+00,-3.0396E-01, 2.5671E+00,-3.9673E-01, 4.8315E+00,-2.9785E-01, 6.2183E+00
"Z                                                                                                                     "
  35996.020, -36003.970,-5.8838E-01, 3.5559E+00,-3.1372E-01, 2.5574E+00,-4.1870E-01, 4.8181E+00, 4.1992E-01, 6.9336E+00
