"NP                                                                                                                    "
   1007.910, -70992.080,-5.7007E-01, 3.5730E+00, 8.2153E-01, 3.6938E+00, 1.0535E+00, 5.9668E+00,-2.8442E-01, 6.2280E+00
"P                                                                                                                     "
   1406.250, -70593.740,-5.1147E-01, 3.6340E+00,-3.3203E-01, 2.5415E+00,-2.3682E-01, 4.9927E+00,-2.9541E-01, 6.2183E+00
"G                                                                                                                     "
   1559.900, -70440.090,-5.7495E-01, 3.5657E+00,-3.3325E-01, 2.5403E+00,-2.4536E-01, 4.9829E+00,-2.9785E-01, 6.2219E+00
"Z                                                                                                                     "
   7774.220, -64225.770, 2.4084E+00, 6.5710E+00,-3.3203E-01, 2.5415E+00,-2.7100E-01, 4.8706E+00,-2.1484E-01, 6.3013E+00
"P                                                                                                                     "
   7842.380, -64157.610, 2.3242E+00, 6.4270E+00,-3.3691E-01, 2.5415E+00,-4.6021E-01, 4.7900E+00,-2.2217E-01, 6.2952E+00
"Z                                                                                                                     "
  19432.040, -52567.950,-5.4077E-01, 3.6011E+00,-2.9297E-01, 2.5769E+00,-3.0396E-01, 4.7937E+00,-2.5757E-01, 6.2622E+00
"P                                                                                                                     "
  19450.850, -52549.140,-5.3223E-01, 3.6023E+00,-2.9175E-01, 2.5769E+00,-4.0527E-01, 4.8401E+00,-2.5024E-01, 6.2622E+00
"Z                                                                                                                     "
  23093.990, -48906.000,-5.7861E-01, 3.5681E+00,-3.3569E-01, 2.5403E+00,-4.9072E-01, 4.7412E+00,-2.6367E-01, 6.2549E+00
"P                                                                                                                     "
  23112.710, -48887.280,-5.7617E-01, 3.5645E+00,-3.2959E-01, 2.5403E+00,-4.2358E-01, 4.7498E+00,-2.5757E-01, 6.2549E+00
"G                                                                                                                     "
  23132.750, -48867.240,-5.7373E-01, 3.5657E+00,-3.2837E-01, 2.5415E+00, 2.9297E-02, 5.2527E+00,-2.5879E-01, 6.2549E+00
"P                                                                                                                     "
  23156.030, -48843.960,-5.7373E-01, 3.5645E+00,-3.3325E-01, 2.5403E+00,-3.0151E-01, 4.9219E+00,-2.5635E-01, 6.2561E+00
"G                                                                                                                     "
  23167.550, -48832.440,-5.7495E-01, 3.5669E+00,-3.3203E-01, 2.5403E+00,-5.0293E-01, 4.8254E+00,-2.6001E-01, 6.2549E+00
"Z                                                                                                                     "
  23172.500, -48827.490,-5.7373E-01, 3.5718E+00,-3.3203E-01, 2.5403E+00, 2.9297E-02, 5.0159E+00,-2.6123E-01, 6.2549E+00
"P                                                                                                                     "
  23207.840, -48792.150,-6.7017E-01, 3.4875E+00,-3.3081E-01, 2.5403E+00,-3.4302E-01, 4.8962E+00,-2.6001E-01, 6.2549E+00
"B2                                                                                                                    "
  23212.280, -48787.710,-6.4087E-01, 3.5242E+00,-3.3203E-01, 2.5403E+00,-4.0894E-01, 4.8083E+00,-2.6001E-01, 6.2549E+00
"P                                                                                                                     "
  23297.900, -48702.090,-5.7251E-01, 3.5645E+00,-3.2959E-01, 2.5403E+00,-3.1738E-01, 5.1318E+00,-2.6001E-01, 6.2549E+00
"Z                                                                                                                     "
  23604.020, -48395.970, 1.1548E+00, 5.2637E+00,-3.3081E-01, 2.5403E+00,-4.8462E-01, 4.7412E+00,-2.6001E-01, 6.2549E+00
"P                                                                                                                     "
  23653.160, -48346.830, 8.7646E-01, 4.9719E+00,-3.3081E-01, 2.5403E+00,-4.3213E-01, 4.9268E+00,-2.5879E-01, 6.2549E+00
"Z                                                                                                                     "
  23659.760, -48340.230, 8.0566E-01, 4.9304E+00,-3.2959E-01, 2.5403E+00,-4.6509E-01, 4.7644E+00,-2.6001E-01, 6.2549E+00
"P                                                                                                                     "
  23750.450, -48249.540, 1.5100E+00, 5.6067E+00,-3.3081E-01, 2.5403E+00,-4.8462E-01, 4.7461E+00,-2.6123E-01, 6.2549E+00
"Z                                                                                                                     "
  23790.080, -48209.910, 1.3867E+00, 5.6226E+00,-3.3081E-01, 2.5403E+00, 3.7109E-01, 5.1440E+00,-2.5635E-01, 6.2549E+00
"P                                                                                                                     "
  23832.560, -48167.430, 1.4771E+00, 5.7544E+00,-3.3203E-01, 2.5391E+00,-1.8311E-02, 5.2405E+00,-2.6367E-01, 6.2549E+00
"D                                                                                                                     "
  23840.660, -48159.330, 1.8713E+00, 5.9656E+00,-3.3081E-01, 2.5403E+00,-9.5215E-02, 5.1282E+00,-2.6001E-01, 6.2549E+00
"C                                                                                                                     "
  23844.890, -48155.100, 1.5979E+00, 5.6921E+00,-3.2837E-01, 2.5403E+00,-1.1841E-01, 5.1245E+00,-2.5757E-01, 6.2561E+00
"D                                                                                                                     "
  23982.260, -48017.730, 1.8408E+00, 5.9473E+00,-3.3325E-01, 2.5403E+00, 1.1108E-01, 5.3418E+00,-2.6001E-01, 6.2549E+00
"C                                                                                                                     "
  23990.630, -48009.360, 1.5283E+00, 5.6335E+00,-3.3691E-01, 2.5403E+00, 4.3213E-01, 5.7190E+00,-2.6245E-01, 6.2549E+00
"DG                                                                                                                    "
  24043.970, -47956.020,-5.7495E-01, 3.5681E+00,-3.3203E-01, 2.5403E+00, 5.6763E-01, 5.7837E+00,-2.6123E-01, 6.2561E+00
"G                                                                                                                     "
  24090.140, -47909.850,-5.8350E-01, 3.5645E+00,-3.3203E-01, 2.5403E+00, 5.5176E-01, 5.7788E+00,-2.6245E-01, 6.2561E+00
"D                                                                                                                     "
  25177.460, -46822.530,-5.8228E-01, 3.5620E+00,-3.3447E-01, 2.5378E+00, 1.3269E+00, 6.5417E+00,-2.6245E-01, 6.2549E+00
"F2                                                                                                                    "
  25182.530, -46817.460,-6.0059E-01, 3.5510E+00,-3.3569E-01, 2.5378E+00, 7.4341E-01, 6.0095E+00,-2.6123E-01, 6.2549E+00
"P                                                                                                                     "
  25187.720, -46812.270,-5.7739E-01, 3.5608E+00,-3.3203E-01, 2.5378E+00, 5.0537E-01, 5.7141E+00,-2.6001E-01, 6.2549E+00
"Z                                                                                                                     "
  36000.050, -35999.940,-5.8838E-01, 3.5547E+00, 1.0510E+00, 3.8892E+00,-5.0293E-01, 4.7314E+00,-2.5879E-01, 6.2585E+00
