"NP                                                                                                                    "
  11057.760, -60942.230, 1.2439E+00, 4.7388E+00,-3.2104E-01, 2.5586E+00,-4.8828E-01, 4.7461E+00, 1.5771E+00, 8.1384E+00
"P                                                                                                                     "
  11082.120, -60917.870, 3.2715E-01, 4.4580E+00,-3.2104E-01, 2.5586E+00,-4.8706E-01, 4.7473E+00, 1.7883E+00, 8.2886E+00
"B2                                                                                                                    "
  11087.520, -60912.470, 4.2236E-01, 4.5300E+00,-3.1372E-01, 2.5586E+00,-4.8462E-01, 4.7473E+00, 1.7102E+00, 8.2263E+00
"P                                                                                                                     "
  11094.900, -60905.090, 3.7231E-01, 4.5068E+00,-3.1616E-01, 2.5598E+00,-4.8706E-01, 4.7461E+00, 1.8018E+00, 8.2959E+00
"B2                                                                                                                    "
  11097.690, -60902.300, 4.7119E-01, 4.5605E+00,-3.2104E-01, 2.5586E+00,-4.8462E-01, 4.7473E+00, 1.7871E+00, 8.2874E+00
"P                                                                                                                     "
  11116.230, -60883.760, 6.0303E-01, 4.7083E+00,-3.1738E-01, 2.5598E+00,-4.8706E-01, 4.7473E+00, 1.8127E+00, 8.3142E+00
"B2                                                                                                                    "
  11122.950, -60877.040, 6.1523E-01, 4.6826E+00,-3.1982E-01, 2.5598E+00,-4.8340E-01, 4.7473E+00, 1.7920E+00, 8.2886E+00
"B                                                                                                                     "
  11137.830, -60862.160, 9.4604E-01, 4.9512E+00,-3.1860E-01, 2.5586E+00,-4.8462E-01, 4.7473E+00, 1.8079E+00, 8.3093E+00
"C                                                                                                                     "
  11140.020, -60859.970, 6.6895E-01, 4.8035E+00,-3.2227E-01, 2.5598E+00,-4.8462E-01, 4.7473E+00, 1.6516E+00, 8.1726E+00
"B                                                                                                                     "
  11149.230, -60850.760, 8.1909E-01, 5.0256E+00,-3.1250E-01, 2.5586E+00,-4.8340E-01, 4.7473E+00, 1.7725E+00, 8.2666E+00
"C                                                                                                                     "
  11149.950, -60850.040, 8.7524E-01, 4.9512E+00,-3.1860E-01, 2.5586E+00,-4.8218E-01, 4.7461E+00, 1.8152E+00, 8.2471E+00
"D                                                                                                                     "
  11153.730, -60846.260, 8.4229E-01, 4.9719E+00,-3.1860E-01, 2.5586E+00,-4.8340E-01, 4.7461E+00, 1.7786E+00, 8.2727E+00
"C                                                                                                                     "
  11154.480, -60845.510, 7.9834E-01, 4.9170E+00,-3.1982E-01, 2.5586E+00,-4.8340E-01, 4.7473E+00, 1.7822E+00, 8.2800E+00
"B                                                                                                                     "
  11155.140, -60844.850, 7.2998E-01, 4.8633E+00,-3.2104E-01, 2.5586E+00,-4.8462E-01, 4.7473E+00, 1.7456E+00, 8.2678E+00
"B2                                                                                                                    "
  11157.030, -60842.960, 4.9438E-01, 4.6252E+00,-3.1860E-01, 2.5586E+00,-4.8828E-01, 4.7473E+00, 1.8201E+00, 8.2874E+00
"B                                                                                                                     "
  11162.730, -60837.260, 6.7383E-01, 4.8108E+00,-3.1616E-01, 2.5598E+00,-4.8340E-01, 4.7461E+00, 1.8188E+00, 8.3142E+00
"C                                                                                                                     "
  11166.420, -60833.570, 1.0205E+00, 5.1196E+00,-3.1494E-01, 2.5598E+00,-4.8218E-01, 4.7461E+00, 1.7993E+00, 8.2874E+00
"D                                                                                                                     "
  11178.270, -60821.720, 9.7900E-01, 5.1025E+00,-3.1738E-01, 2.5586E+00,-4.8706E-01, 4.7461E+00, 1.8054E+00, 8.3008E+00
"F2                                                                                                                    "
  11183.460, -60816.530, 8.7524E-01, 5.0415E+00,-3.1616E-01, 2.5598E+00,-4.8340E-01, 4.7461E+00, 1.7847E+00, 8.2788E+00
"B                                                                                                                     "
  11190.450, -60809.540, 1.0742E+00, 5.2124E+00,-3.1494E-01, 2.5586E+00,-4.8218E-01, 4.7473E+00, 1.8054E+00, 8.2935E+00
"C                                                                                                                     "
  11191.290, -60808.700, 1.1230E+00, 5.2478E+00,-3.1616E-01, 2.5586E+00,-4.8218E-01, 4.7473E+00, 1.6882E+00, 8.1726E+00
"D                                                                                                                     "
  11253.720, -60746.270, 1.1560E+00, 5.2917E+00,-3.1616E-01, 2.5598E+00,-4.8706E-01, 4.7473E+00, 1.7920E+00, 8.2886E+00
"C                                                                                                                     "
  11262.600, -60737.390, 1.2170E+00, 5.3174E+00,-3.1494E-01, 2.5598E+00,-4.8096E-01, 4.7473E+00, 1.6492E+00, 8.0737E+00
"F2                                                                                                                    "
  11264.430, -60735.560, 1.1548E+00, 5.1880E+00,-3.1860E-01, 2.5598E+00,-4.8462E-01, 4.7473E+00, 1.7798E+00, 8.2703E+00
"B                                                                                                                     "
  11268.030, -60731.960, 8.8257E-01, 5.0049E+00,-3.1494E-01, 2.5598E+00,-4.8584E-01, 4.7473E+00, 1.7944E+00, 8.2898E+00
"C                                                                                                                     "
  11272.830, -60727.160, 1.1841E+00, 5.3137E+00,-3.1860E-01, 2.5598E+00,-4.8462E-01, 4.7473E+00, 1.7859E+00, 8.2825E+00
"D                                                                                                                     "
  11358.150, -60641.840, 1.3647E+00, 5.4407E+00,-3.1616E-01, 2.5586E+00,-4.8462E-01, 4.7473E+00, 1.7065E+00, 8.2019E+00
"C                                                                                                                     "
  11360.310, -60639.680, 1.3538E+00, 5.4834E+00,-3.1616E-01, 2.5586E+00,-4.8218E-01, 4.7473E+00, 1.7822E+00, 8.2813E+00
"D                                                                                                                     "
  11452.710, -60547.280, 1.3660E+00, 5.4846E+00,-3.1860E-01, 2.5598E+00,-4.8340E-01, 4.7473E+00, 1.8445E+00, 8.3093E+00
"C                                                                                                                     "
  11454.480, -60545.510, 1.3391E+00, 5.4724E+00,-3.1860E-01, 2.5586E+00,-4.8462E-01, 4.7473E+00, 1.8188E+00, 8.2629E+00
"D                                                                                                                     "
  11488.560, -60511.430, 1.3428E+00, 5.4736E+00,-3.1738E-01, 2.5586E+00,-4.8462E-01, 4.7473E+00, 1.6919E+00, 8.2019E+00
"F2                                                                                                                    "
  11491.740, -60508.250, 1.1292E+00, 5.2722E+00,-3.1982E-01, 2.5586E+00,-4.8340E-01, 4.7473E+00, 1.7957E+00, 8.3032E+00
"B                                                                                                                     "
  11497.260, -60502.730, 8.0078E-01, 4.9316E+00,-3.1860E-01, 2.5598E+00,-4.8340E-01, 4.7473E+00, 1.7932E+00, 8.2849E+00
"D                                                                                                                     "
  11498.670, -60501.320, 9.8999E-01, 5.1025E+00,-3.2227E-01, 2.5586E+00,-4.8584E-01, 4.7473E+00, 1.8542E+00, 8.2874E+00
"B                                                                                                                     "
  11501.160, -60498.830, 1.0205E+00, 5.1233E+00,-3.1128E-01, 2.5586E+00,-4.8340E-01, 4.7473E+00, 1.7810E+00, 8.2751E+00
"D                                                                                                                     "
  11527.050, -60472.940, 1.2805E+00, 5.3821E+00,-3.1494E-01, 2.5598E+00,-4.7974E-01, 4.7473E+00, 1.7932E+00, 8.2849E+00
"C                                                                                                                     "
  11527.950, -60472.040, 1.2512E+00, 5.3662E+00,-3.1494E-01, 2.5586E+00,-4.8218E-01, 4.7473E+00, 1.7554E+00, 8.2629E+00
"D                                                                                                                     "
  11528.760, -60471.230, 1.1780E+00, 5.2905E+00,-3.1616E-01, 2.5586E+00,-4.8340E-01, 4.7473E+00, 1.7810E+00, 8.2825E+00
"B                                                                                                                     "
  11529.390, -60470.600, 1.1975E+00, 5.3101E+00,-3.1372E-01, 2.5586E+00,-4.8462E-01, 4.7473E+00, 1.7786E+00, 8.2861E+00
"C                                                                                                                     "
  11532.960, -60467.030, 1.7603E+00, 5.6750E+00,-3.1616E-01, 2.5598E+00,-4.8340E-01, 4.7473E+00, 1.7834E+00, 8.2788E+00
"D                                                                                                                     "
  11643.480, -60356.510, 1.6235E+00, 5.5444E+00,-3.1128E-01, 2.5586E+00,-4.8096E-01, 4.7473E+00, 1.8127E+00, 8.3020E+00
"C                                                                                                                     "
  11645.970, -60354.020, 1.3452E+00, 5.4553E+00,-3.1860E-01, 2.5586E+00,-4.8462E-01, 4.7473E+00, 1.6797E+00, 8.1372E+00
"D                                                                                                                     "
  11681.520, -60318.470, 1.4734E+00, 5.6506E+00,-3.1372E-01, 2.5586E+00,-4.7974E-01, 4.7473E+00, 1.8042E+00, 8.2971E+00
"C                                                                                                                     "
  11686.110, -60313.880, 1.5295E+00, 5.4956E+00,-3.1372E-01, 2.5586E+00,-4.8096E-01, 4.7473E+00, 1.8079E+00, 8.3008E+00
"D                                                                                                                     "
  11691.240, -60308.750, 1.2585E+00, 5.3735E+00,-3.1616E-01, 2.5586E+00,-4.8096E-01, 4.7473E+00, 1.7834E+00, 8.2764E+00
"F2                                                                                                                    "
  11695.350, -60304.640, 1.0376E+00, 5.1465E+00,-3.1982E-01, 2.5598E+00,-4.8584E-01, 4.7473E+00, 1.7969E+00, 8.3008E+00
"B                                                                                                                     "
  11702.040, -60297.950, 1.0217E+00, 5.1550E+00,-3.1738E-01, 2.5586E+00,-4.8096E-01, 4.7473E+00, 1.7651E+00, 8.2642E+00
"F2                                                                                                                    "
  11707.470, -60292.520, 9.3506E-01, 5.1038E+00,-3.2227E-01, 2.5586E+00,-4.8340E-01, 4.7473E+00, 1.7798E+00, 8.2800E+00
"B                                                                                                                     "
  11713.470, -60286.520, 1.0291E+00, 5.1172E+00,-3.1494E-01, 2.5586E+00,-4.8096E-01, 4.7473E+00, 1.7871E+00, 8.2800E+00
"C                                                                                                                     "
  11715.030, -60284.960, 1.7847E+00, 5.7166E+00,-3.1616E-01, 2.5586E+00,-4.8340E-01, 4.7473E+00, 1.6541E+00, 8.1836E+00
"D                                                                                                                     "
  11748.120, -60251.870, 1.2683E+00, 5.3870E+00,-3.1860E-01, 2.5586E+00,-4.8340E-01, 4.7473E+00, 1.7859E+00, 8.2800E+00
"C                                                                                                                     "
  11750.430, -60249.560, 1.3440E+00, 5.4846E+00,-3.1738E-01, 2.5586E+00,-4.8584E-01, 4.7473E+00, 1.7749E+00, 8.2678E+00
"D                                                                                                                     "
  11854.740, -60145.250, 1.6394E+00, 5.6128E+00,-3.1250E-01, 2.5586E+00,-4.8340E-01, 4.7473E+00, 1.6565E+00, 8.1860E+00
"C                                                                                                                     "
  11856.810, -60143.180, 1.3879E+00, 5.5188E+00,-3.1372E-01, 2.5586E+00,-4.8340E-01, 4.7473E+00, 1.7700E+00, 8.2605E+00
"D                                                                                                                     "
  11988.150, -60011.840, 1.1584E+00, 5.2686E+00,-3.1128E-01, 2.5586E+00,-4.8584E-01, 4.7473E+00, 1.7749E+00, 8.2654E+00
"F2                                                                                                                    "
  11991.600, -60008.390, 1.0425E+00, 5.0354E+00,-3.1738E-01, 2.5586E+00,-4.8584E-01, 4.7473E+00, 1.7920E+00, 8.2874E+00
"B                                                                                                                     "
  11993.130, -60006.860, 1.2952E+00, 5.3979E+00,-3.1616E-01, 2.5586E+00,-4.8218E-01, 4.7473E+00, 1.7798E+00, 8.2715E+00
"C                                                                                                                     "
  11994.990, -60005.000, 1.6882E+00, 5.8594E+00,-3.2104E-01, 2.5586E+00,-4.8218E-01, 4.7473E+00, 1.7480E+00, 8.2654E+00
"D                                                                                                                     "
  12211.200, -59788.790, 1.4392E+00, 5.5957E+00,-3.2104E-01, 2.5586E+00,-4.8584E-01, 4.7473E+00, 1.8164E+00, 8.3167E+00
"C                                                                                                                     "
  12213.750, -59786.240, 1.5186E+00, 5.6750E+00,-3.1616E-01, 2.5586E+00,-4.8340E-01, 4.7461E+00, 1.8396E+00, 8.3386E+00
"D                                                                                                                     "
  12257.820, -59742.170, 1.5576E+00, 5.6909E+00,-3.1860E-01, 2.5586E+00,-4.8584E-01, 4.7461E+00, 1.8274E+00, 8.3191E+00
"C                                                                                                                     "
  12259.860, -59740.130, 1.5088E+00, 5.7214E+00,-3.1616E-01, 2.5586E+00,-4.8706E-01, 4.7449E+00, 1.8286E+00, 8.3264E+00
"D                                                                                                                     "
  12658.770, -59341.220, 1.4868E+00, 5.6116E+00,-3.2349E-01, 2.5562E+00,-4.9072E-01, 4.7400E+00, 1.8347E+00, 8.3325E+00
"F1                                                                                                                    "
  12661.650, -59338.340, 1.2830E+00, 5.4602E+00,-3.2349E-01, 2.5562E+00,-4.9316E-01, 4.7412E+00, 1.8616E+00, 8.3606E+00
"F2                                                                                                                    "
  12662.940, -59337.050, 1.2817E+00, 5.4858E+00,-3.2349E-01, 2.5549E+00,-4.9072E-01, 4.7412E+00, 1.8481E+00, 8.3411E+00
"F3                                                                                                                    "
  12667.410, -59332.580, 1.2183E+00, 5.3394E+00,-3.2104E-01, 2.5562E+00,-4.8828E-01, 4.7424E+00, 1.6028E+00, 8.1763E+00
"F4                                                                                                                    "
  12672.480, -59327.510, 8.6304E-01, 4.9854E+00,-3.2227E-01, 2.5562E+00,-4.9072E-01, 4.7412E+00, 1.6797E+00, 8.2263E+00
"FB                                                                                                                    "
  12684.330, -59315.660, 1.1914E+00, 5.3003E+00,-3.2471E-01, 2.5549E+00,-4.9072E-01, 4.7400E+00, 1.8420E+00, 8.3435E+00
"C                                                                                                                     "
  12686.730, -59313.260, 1.2146E+00, 5.3076E+00,-3.1250E-01, 2.5549E+00,-4.8950E-01, 4.7412E+00, 1.8237E+00, 8.3167E+00
"D                                                                                                                     "
  12719.310, -59280.680, 1.2854E+00, 5.5054E+00,-3.2104E-01, 2.5549E+00,-4.9316E-01, 4.7400E+00, 1.8225E+00, 8.3191E+00
"C                                                                                                                     "
  12723.180, -59276.810, 1.3062E+00, 5.4089E+00,-3.1738E-01, 2.5562E+00,-4.9072E-01, 4.7400E+00, 1.8396E+00, 8.3301E+00
"D                                                                                                                     "
  13434.480, -58565.510, 1.4197E+00, 5.5627E+00,-3.2227E-01, 2.5549E+00,-4.8950E-01, 4.7412E+00, 1.5430E+00, 8.1396E+00
"F2                                                                                                                    "
  13436.280, -58563.710, 1.2573E+00, 5.4858E+00,-3.1860E-01, 2.5562E+00,-4.9072E-01, 4.7412E+00, 1.7969E+00, 8.2935E+00
"B                                                                                                                     "
  13442.010, -58557.980, 1.5674E+00, 5.6799E+00,-3.1860E-01, 2.5549E+00,-4.8828E-01, 4.7412E+00, 1.8677E+00, 8.3630E+00
"C                                                                                                                     "
  13445.820, -58554.170, 1.6589E+00, 5.7153E+00,-3.2349E-01, 2.5562E+00,-4.9316E-01, 4.7412E+00, 1.8250E+00, 8.3228E+00
"D                                                                                                                     "
  13470.360, -58529.630, 2.0264E+00, 6.0547E+00,-3.1616E-01, 2.5549E+00,-4.8584E-01, 4.7412E+00, 1.8469E+00, 8.3411E+00
"C                                                                                                                     "
  13472.640, -58527.350, 1.7822E+00, 5.7654E+00,-3.2104E-01, 2.5549E+00,-4.9072E-01, 4.7424E+00, 1.8713E+00, 8.3264E+00
"D                                                                                                                     "
  13507.230, -58492.760, 2.0020E+00, 6.0120E+00,-3.2349E-01, 2.5549E+00,-4.9072E-01, 4.7412E+00, 1.8103E+00, 8.3081E+00
"C                                                                                                                     "
  13509.450, -58490.540, 1.9751E+00, 6.0999E+00,-3.1860E-01, 2.5549E+00,-4.8950E-01, 4.7412E+00, 1.8152E+00, 8.3081E+00
"D                                                                                                                     "
  13534.710, -58465.280, 1.6809E+00, 5.8667E+00,-3.1738E-01, 2.5549E+00,-4.8828E-01, 4.7424E+00, 1.8103E+00, 8.3105E+00
"C                                                                                                                     "
  13536.030, -58463.960, 2.0886E+00, 6.0413E+00,-3.2349E-01, 2.5549E+00,-4.9316E-01, 4.7412E+00, 1.9116E+00, 8.3997E+00
"D                                                                                                                     "
  13590.270, -58409.720, 1.9604E+00, 5.8984E+00,-3.2104E-01, 2.5562E+00,-4.9316E-01, 4.7424E+00, 1.9019E+00, 8.3789E+00
"C                                                                                                                     "
  13591.440, -58408.550, 1.8311E+00, 6.0413E+00,-3.2227E-01, 2.5549E+00,-4.9194E-01, 4.7412E+00, 1.8616E+00, 8.3557E+00
"D                                                                                                                     "
  13764.840, -58235.150, 2.0837E+00, 6.1523E+00,-3.2104E-01, 2.5549E+00,-4.9072E-01, 4.7424E+00, 1.8384E+00, 8.2422E+00
"C                                                                                                                     "
  13766.490, -58233.500, 1.5649E+00, 5.7886E+00,-3.1738E-01, 2.5562E+00,-4.8706E-01, 4.7424E+00, 1.8152E+00, 8.3069E+00
"D                                                                                                                     "
  13806.300, -58193.690, 1.5930E+00, 5.8215E+00,-3.2227E-01, 2.5562E+00,-4.9194E-01, 4.7424E+00, 1.8054E+00, 8.3032E+00
"C                                                                                                                     "
  13807.470, -58192.520, 1.5417E+00, 5.7349E+00,-3.1738E-01, 2.5549E+00,-4.8950E-01, 4.7424E+00, 1.4636E+00, 8.0493E+00
"D                                                                                                                     "
  13915.230, -58084.760, 1.9849E+00, 5.9668E+00,-3.2227E-01, 2.5562E+00,-4.9194E-01, 4.7424E+00, 1.7883E+00, 8.2825E+00
"C                                                                                                                     "
  13916.820, -58083.170, 1.8420E+00, 5.9583E+00,-3.1860E-01, 2.5562E+00,-4.8828E-01, 4.7437E+00, 1.4832E+00, 7.9749E+00
"D                                                                                                                     "
  13985.550, -58014.440, 1.6101E+00, 5.8301E+00,-3.1982E-01, 2.5549E+00,-4.8828E-01, 4.7424E+00, 1.8042E+00, 8.3008E+00
"C                                                                                                                     "
  13987.170, -58012.820, 1.8726E+00, 5.9973E+00,-3.2227E-01, 2.5537E+00,-4.9072E-01, 4.7424E+00, 1.7810E+00, 8.2788E+00
"D                                                                                                                     "
  14038.260, -57961.730, 2.0544E+00, 5.9766E+00,-3.1860E-01, 2.5562E+00,-4.8706E-01, 4.7424E+00, 1.8713E+00, 8.3594E+00
"C                                                                                                                     "
  14039.250, -57960.740, 1.9531E+00, 6.0950E+00,-3.2227E-01, 2.5549E+00,-4.8828E-01, 4.7424E+00, 1.4844E+00, 7.9822E+00
"D                                                                                                                     "
  14130.540, -57869.450, 1.4941E+00, 5.6165E+00,-3.2349E-01, 2.5549E+00,-4.8950E-01, 4.7424E+00, 1.8079E+00, 8.3044E+00
"C                                                                                                                     "
  14132.100, -57867.890, 1.6345E+00, 5.8691E+00,-3.1982E-01, 2.5562E+00,-4.8828E-01, 4.7424E+00, 1.7639E+00, 8.2629E+00
"D                                                                                                                     "
  14365.200, -57634.790, 1.8237E+00, 5.6909E+00,-3.1738E-01, 2.5549E+00,-4.8706E-01, 4.7424E+00, 1.7944E+00, 8.2886E+00
"C                                                                                                                     "
  14366.910, -57633.080, 2.0276E+00, 6.0339E+00,-3.2349E-01, 2.5549E+00,-4.9194E-01, 4.7424E+00, 1.7969E+00, 8.2983E+00
"D                                                                                                                     "
  14435.730, -57564.260, 1.2390E+00, 5.3882E+00,-3.1738E-01, 2.5549E+00,-4.8828E-01, 4.7412E+00, 1.7798E+00, 8.2690E+00
"B                                                                                                                     "
  14439.120, -57560.870, 1.3208E+00, 5.4163E+00,-3.1738E-01, 2.5549E+00,-4.9072E-01, 4.7424E+00, 1.7920E+00, 8.2813E+00
"C                                                                                                                     "
  14444.670, -57555.320, 2.0154E+00, 5.9045E+00,-3.2104E-01, 2.5549E+00,-4.8950E-01, 4.7424E+00, 1.4441E+00, 7.9504E+00
"D                                                                                                                     "
  14493.120, -57506.870, 1.3977E+00, 5.5957E+00,-3.2227E-01, 2.5549E+00,-4.9072E-01, 4.7424E+00, 1.7737E+00, 8.2751E+00
"C                                                                                                                     "
  14494.830, -57505.160, 1.5210E+00, 5.8337E+00,-3.1860E-01, 2.5549E+00,-4.8828E-01, 4.7412E+00, 1.7725E+00, 8.2715E+00
"D                                                                                                                     "
  15129.420, -56870.570, 1.1914E+00, 5.3760E+00,-3.2227E-01, 2.5549E+00,-4.9072E-01, 4.7437E+00, 1.7285E+00, 8.0859E+00
"B                                                                                                                     "
  15132.840, -56867.150, 1.2817E+00, 5.4041E+00,-3.2349E-01, 2.5549E+00,-4.8828E-01, 4.7437E+00, 1.7615E+00, 8.2593E+00
"C                                                                                                                     "
  15134.340, -56865.650, 1.8811E+00, 6.0376E+00,-3.1494E-01, 2.5549E+00,-4.8584E-01, 4.7424E+00, 1.4575E+00, 7.9480E+00
"D                                                                                                                     "
  15137.640, -56862.350, 1.3806E+00, 5.4785E+00,-3.1738E-01, 2.5537E+00,-4.8950E-01, 4.7424E+00, 1.5247E+00, 8.0200E+00
"C                                                                                                                     "
  15140.010, -56859.980, 1.6077E+00, 5.6079E+00,-3.1616E-01, 2.5537E+00,-4.8584E-01, 4.7437E+00, 1.8201E+00, 8.3203E+00
"D                                                                                                                     "
  15744.930, -56255.060, 1.2573E+00, 5.6128E+00,-3.1738E-01, 2.5549E+00,-4.8706E-01, 4.7424E+00, 1.8433E+00, 8.3508E+00
"B                                                                                                                     "
  15748.140, -56251.850, 1.4868E+00, 5.5688E+00,-3.1494E-01, 2.5549E+00,-4.9072E-01, 4.7424E+00, 1.8640E+00, 8.3545E+00
"C                                                                                                                     "
  15750.270, -56249.720, 1.8933E+00, 5.8496E+00,-3.1494E-01, 2.5537E+00,-4.9072E-01, 4.7424E+00, 1.5796E+00, 8.1836E+00
"D                                                                                                                     "
  16539.420, -55460.570, 1.2793E+00, 5.5493E+00,-3.1860E-01, 2.5525E+00,-4.9316E-01, 4.7412E+00,-3.0518E-01, 6.2122E+00
"B                                                                                                                     "
  16542.870, -55457.120, 1.4075E+00, 5.5286E+00,-3.2349E-01, 2.5525E+00,-4.9438E-01, 4.7412E+00,-3.0273E-01, 6.2122E+00
"C                                                                                                                     "
  16544.340, -55455.650, 1.6895E+00, 5.8899E+00,-3.2471E-01, 2.5525E+00,-4.8950E-01, 4.7424E+00,-3.0884E-01, 6.2122E+00
"D                                                                                                                     "
  17048.820, -54951.170, 1.1707E+00, 5.2917E+00,-3.1616E-01, 2.5525E+00,-4.8950E-01, 4.7412E+00,-3.0396E-01, 6.2109E+00
"F2                                                                                                                    "
  17050.410, -54949.580, 1.1145E+00, 5.3601E+00,-3.2471E-01, 2.5513E+00,-4.8950E-01, 4.7412E+00,-3.0273E-01, 6.2122E+00
"B                                                                                                                     "
  17051.940, -54948.050, 1.9995E+00, 6.0376E+00,-3.2349E-01, 2.5525E+00,-4.9194E-01, 4.7424E+00,-3.0762E-01, 6.2109E+00
"C                                                                                                                     "
  17053.410, -54946.580, 1.6235E+00, 5.6714E+00,-3.2104E-01, 2.5525E+00,-4.9316E-01, 4.7424E+00,-3.0884E-01, 6.2122E+00
"D                                                                                                                     "
  17729.370, -54270.620, 1.1633E+00, 5.2917E+00,-3.1982E-01, 2.5513E+00,-4.8706E-01, 4.7412E+00, 1.3110E+00, 7.8076E+00
"B                                                                                                                     "
  17732.910, -54267.080, 1.3574E+00, 5.4456E+00,-3.1738E-01, 2.5513E+00,-4.9072E-01, 4.7400E+00, 1.3330E+00, 7.8223E+00
"C                                                                                                                     "
  17734.740, -54265.250, 1.9128E+00, 5.8594E+00,-3.2227E-01, 2.5513E+00,-4.9194E-01, 4.7400E+00, 1.3159E+00, 7.8223E+00
"D                                                                                                                     "
  18268.740, -53731.250, 1.1292E+00, 5.2856E+00,-3.2349E-01, 2.5500E+00,-4.9561E-01, 4.7388E+00, 1.4209E+00, 7.9175E+00
"F2                                                                                                                    "
  18269.520, -53730.470, 1.0474E+00, 5.1624E+00,-3.2471E-01, 2.5513E+00,-4.9316E-01, 4.7388E+00, 1.4124E+00, 7.9138E+00
"B                                                                                                                     "
  18271.800, -53728.190, 1.2878E+00, 5.3564E+00,-3.2104E-01, 2.5513E+00,-4.9072E-01, 4.7388E+00, 1.4246E+00, 7.9175E+00
"C                                                                                                                     "
  18273.420, -53726.570, 1.4380E+00, 5.6592E+00,-3.2104E-01, 2.5513E+00,-4.9316E-01, 4.7388E+00, 1.4319E+00, 7.9224E+00
"D                                                                                                                     "
  18696.990, -53303.000, 1.1316E+00, 5.2722E+00,-3.2349E-01, 2.5500E+00,-4.9072E-01, 4.7375E+00,-2.0020E-01, 6.3110E+00
"B                                                                                                                     "
  18697.590, -53302.400, 1.1316E+00, 5.1929E+00,-3.1982E-01, 2.5513E+00,-4.9438E-01, 4.7388E+00,-1.9897E-01, 6.3159E+00
"C                                                                                                                     "
  18698.640, -53301.350, 1.2183E+00, 5.4211E+00,-3.2471E-01, 2.5500E+00,-4.9316E-01, 4.7388E+00,-4.6387E-02, 6.7273E+00
"D                                                                                                                     "
  19060.410, -52939.580, 1.1548E+00, 5.3906E+00,-3.1860E-01, 2.5500E+00,-4.8950E-01, 4.7400E+00, 2.8809E-01, 6.7981E+00
"F2                                                                                                                    "
  19062.960, -52937.030, 1.1169E+00, 5.1855E+00,-3.2104E-01, 2.5500E+00,-4.9194E-01, 4.7388E+00, 1.1597E-01, 6.6260E+00
"B                                                                                                                     "
  19065.870, -52934.120, 1.2842E+00, 5.3857E+00,-3.2471E-01, 2.5500E+00,-4.9316E-01, 4.7388E+00,-7.3242E-02, 6.4429E+00
"C                                                                                                                     "
  19067.010, -52932.980, 1.6370E+00, 5.5786E+00,-3.1982E-01, 2.5500E+00,-4.8950E-01, 4.7388E+00,-1.0254E-01, 6.4124E+00
"D                                                                                                                     "
  19545.780, -52454.210, 1.4526E+00, 5.3479E+00,-3.2593E-01, 2.5500E+00,-4.9561E-01, 4.7388E+00,-2.2583E-01, 6.2927E+00
"C                                                                                                                     "
  19548.540, -52451.450, 1.7175E+00, 5.5688E+00,-3.2593E-01, 2.5488E+00,-4.9561E-01, 4.7388E+00,-1.9897E-01, 6.3269E+00
"D                                                                                                                     "
  19666.020, -52333.970, 1.9214E+00, 5.9058E+00,-3.2227E-01, 2.5500E+00,-4.9561E-01, 4.7388E+00,-1.9653E-01, 6.3245E+00
"C                                                                                                                     "
  19667.310, -52332.680, 1.2280E+00, 5.3406E+00,-3.2471E-01, 2.5500E+00,-4.9561E-01, 4.7388E+00,-1.9653E-01, 6.3220E+00
"D                                                                                                                     "
  19864.320, -52135.670, 1.0339E+00, 5.1636E+00,-3.2715E-01, 2.5488E+00,-4.9072E-01, 4.7388E+00,-2.2339E-01, 6.2927E+00
"F2                                                                                                                    "
  19866.300, -52133.690, 1.0046E+00, 5.1111E+00,-3.2471E-01, 2.5488E+00,-4.9438E-01, 4.7388E+00, 6.5796E-01, 6.6479E+00
"B                                                                                                                     "
  19868.970, -52131.020, 1.0791E+00, 5.1917E+00,-3.2349E-01, 2.5500E+00,-4.9194E-01, 4.7388E+00,-2.0752E-01, 6.3049E+00
"C                                                                                                                     "
  19870.410, -52129.580, 1.7773E+00, 5.6995E+00,-3.2471E-01, 2.5500E+00,-4.9194E-01, 4.7375E+00,-2.1606E-01, 6.3000E+00
"D                                                                                                                     "
  20592.450, -51407.540, 9.1187E-01, 5.0378E+00,-3.2104E-01, 2.5488E+00,-4.9316E-01, 4.7400E+00,-3.0518E-01, 6.2109E+00
"F2                                                                                                                    "
  20594.100, -51405.890, 8.8989E-01, 5.0098E+00,-3.2593E-01, 2.5488E+00,-4.9561E-01, 4.7388E+00,-3.0884E-01, 6.2109E+00
"B                                                                                                                     "
  20597.010, -51402.980, 1.6626E+00, 5.5872E+00,-3.1982E-01, 2.5488E+00,-4.9072E-01, 4.7400E+00,-3.0518E-01, 6.2109E+00
"C                                                                                                                     "
  20598.780, -51401.210, 1.1914E+00, 5.3137E+00,-3.2349E-01, 2.5488E+00,-4.9438E-01, 4.7400E+00,-3.0762E-01, 6.2109E+00
"D                                                                                                                     "
  21043.290, -50956.700, 1.0535E+00, 5.1904E+00,-3.1982E-01, 2.5488E+00,-4.9194E-01, 4.7388E+00,-2.1851E-01, 6.2939E+00
"C                                                                                                                     "
  21044.730, -50955.260, 1.8176E+00, 5.9802E+00,-3.2471E-01, 2.5488E+00,-4.9438E-01, 4.7388E+00,-2.2461E-01, 6.2915E+00
"D                                                                                                                     "
  21174.900, -50825.090, 1.0022E+00, 5.1550E+00,-3.2227E-01, 2.5488E+00,-4.9316E-01, 4.7388E+00,-2.3926E-01, 6.2744E+00
"C                                                                                                                     "
  21176.700, -50823.290, 1.0925E+00, 5.2185E+00,-3.2104E-01, 2.5488E+00,-4.9072E-01, 4.7388E+00,-2.3560E-01, 6.2793E+00
"D                                                                                                                     "
  21235.590, -50764.400, 1.1609E+00, 5.5811E+00,-3.2959E-01, 2.5488E+00,-4.9194E-01, 4.7388E+00,-2.0874E-01, 6.3086E+00
"B                                                                                                                     "
  21236.310, -50763.680, 2.5366E+00, 6.4209E+00,-3.2227E-01, 2.5488E+00,-4.9316E-01, 4.7388E+00,-2.0508E-01, 6.3074E+00
"C                                                                                                                     "
  21237.480, -50762.510, 1.6443E+00, 5.8960E+00,-3.1982E-01, 2.5488E+00,-4.9316E-01, 4.7375E+00,-2.0630E-01, 6.3086E+00
"D                                                                                                                     "
  21490.440, -50509.550, 1.0266E+00, 5.1599E+00,-3.2227E-01, 2.5488E+00,-4.9194E-01, 4.7400E+00,-2.1118E-01, 6.3049E+00
"B                                                                                                                     "
  21491.700, -50508.290, 1.1084E+00, 5.2197E+00,-3.2227E-01, 2.5488E+00,-4.9316E-01, 4.7388E+00,-2.0996E-01, 6.3049E+00
"C                                                                                                                     "
  21492.600, -50507.390, 1.0266E+00, 5.1709E+00,-3.2227E-01, 2.5488E+00,-4.9194E-01, 4.7388E+00,-2.0996E-01, 6.3049E+00
"D                                                                                                                     "
  21731.400, -50268.590, 9.9487E-01, 5.1074E+00,-3.2715E-01, 2.5476E+00,-4.9438E-01, 4.7388E+00,-2.2949E-01, 6.2878E+00
"F2                                                                                                                    "
  21733.320, -50266.670, 1.0864E+00, 5.1868E+00,-3.2715E-01, 2.5488E+00,-4.9438E-01, 4.7375E+00,-2.3193E-01, 6.2866E+00
"B                                                                                                                     "
  21735.810, -50264.180, 1.3245E+00, 5.4126E+00,-3.2104E-01, 2.5488E+00,-4.9316E-01, 4.7388E+00,-2.2827E-01, 6.2866E+00
"D                                                                                                                     "
  22230.450, -49769.540, 8.4229E-01, 4.9500E+00,-3.2349E-01, 2.5476E+00,-4.9683E-01, 4.7351E+00,-3.0884E-01, 6.2085E+00
"B                                                                                                                     "
  22232.130, -49767.860, 1.2109E+00, 4.8474E+00,-3.2593E-01, 2.5476E+00,-5.0049E-01, 4.7351E+00,-3.1006E-01, 6.2085E+00
"CG                                                                                                                   "
  22233.240, -49766.750, 9.5459E-01, 5.0781E+00,-3.2349E-01, 2.5476E+00,-4.9561E-01, 4.7351E+00,-3.0640E-01, 6.2085E+00
"D                                                                                                                     "
  22375.290, -49624.700, 1.0864E+00, 5.4077E+00,-3.2715E-01, 2.5464E+00,-4.9927E-01, 4.7339E+00,-3.1128E-01, 6.2073E+00
"F2                                                                                                                    "
  22378.440, -49621.550, 9.2407E-01, 5.0439E+00,-3.2349E-01, 2.5464E+00,-4.9805E-01, 4.7327E+00,-3.1128E-01, 6.2073E+00
"B                                                                                                                     "
  22388.790, -49611.200, 1.0754E+00, 5.1965E+00,-3.2349E-01, 2.5464E+00,-4.9805E-01, 4.7327E+00,-3.0762E-01, 6.2073E+00
"C                                                                                                                     "
  22389.930, -49610.060, 1.0059E+00, 5.1074E+00,-3.2471E-01, 2.5476E+00,-4.9805E-01, 4.7327E+00,-3.0762E-01, 6.2073E+00
"DG                                                                                                                    "
  22518.000, -49481.990, 1.2122E+00, 5.3259E+00,-3.2715E-01, 2.5464E+00,-4.9805E-01, 4.7327E+00,-3.1006E-01, 6.2073E+00
"G                                                                                                                     "
  26250.660, -45749.330, 9.9487E-01, 5.1099E+00,-3.2471E-01, 2.5439E+00,-5.0293E-01, 4.7302E+00,-3.1250E-01, 6.2048E+00
"DG                                                                                                                    "
  26319.810, -45680.180, 8.7402E-01, 5.0098E+00,-3.2837E-01, 2.5439E+00,-5.0049E-01, 4.7302E+00,-3.1250E-01, 6.2048E+00
"F2                                                                                                                    "
  26326.680, -45673.310, 9.7900E-01, 5.1001E+00,-3.2593E-01, 2.5439E+00,-5.0049E-01, 4.7302E+00,-3.1372E-01, 6.2048E+00
"B                                                                                                                     "
  26331.570, -45668.420, 7.6538E-01, 4.8755E+00,-3.2715E-01, 2.5439E+00,-5.0171E-01, 4.7302E+00,-3.1372E-01, 6.2048E+00
"DG                                                                                                                    "
  26649.390, -45350.600, 1.2183E+00, 5.3552E+00,-3.2471E-01, 2.5452E+00,-5.0049E-01, 4.7302E+00,-3.1250E-01, 6.2061E+00
"D                                                                                                                     "
  27728.370, -44271.620, 1.2183E+00, 5.3479E+00,-3.2837E-01, 2.5439E+00,-5.0415E-01, 4.7278E+00,-3.1372E-01, 6.2024E+00
"F2                                                                                                                    "
  27734.880, -44265.110, 1.0669E+00, 5.1526E+00,-3.2837E-01, 2.5439E+00,-5.0415E-01, 4.7278E+00,-3.1372E-01, 6.2024E+00
"B                                                                                                                     "
  27740.220, -44259.770, 9.7778E-01, 5.0879E+00,-3.2837E-01, 2.5439E+00,-5.0415E-01, 4.7290E+00,-3.1494E-01, 6.2024E+00
"C                                                                                                                     "
  27741.060, -44258.930, 9.3262E-01, 5.0659E+00,-3.2837E-01, 2.5439E+00,-5.0415E-01, 4.7278E+00,-3.1738E-01, 6.2036E+00
"B                                                                                                                     "
  27742.800, -44257.190, 1.3599E+00, 5.3845E+00,-3.3081E-01, 2.5439E+00,-5.0659E-01, 4.7278E+00,-3.1738E-01, 6.2024E+00
"C                                                                                                                     "
  27744.090, -44255.900, 1.1206E+00, 5.2539E+00,-3.2471E-01, 2.5439E+00,-5.0049E-01, 4.7278E+00,-3.1494E-01, 6.2024E+00
"D                                                                                                                     "
  29450.910, -42549.080, 1.5039E+00, 5.6506E+00,-3.2471E-01, 2.5439E+00,-5.0293E-01, 4.7266E+00,-3.1738E-01, 6.2024E+00
"F2                                                                                                                    "
  29458.650, -42541.340, 9.3140E-01, 5.0403E+00,-3.3081E-01, 2.5452E+00,-5.0537E-01, 4.7253E+00,-3.1616E-01, 6.2024E+00
"FB                                                                                                                    "
  29472.960, -42527.030, 9.6069E-01, 5.0671E+00,-3.2593E-01, 2.5439E+00,-5.0415E-01, 4.7278E+00,-3.1494E-01, 6.2024E+00
"D                                                                                                                     "
  30076.770, -41923.220, 1.0693E+00, 5.2332E+00,-3.2593E-01, 2.5464E+00,-5.0171E-01, 4.7314E+00,-3.1372E-01, 6.2048E+00
"F2                                                                                                                    "
  30081.870, -41918.120, 7.8491E-01, 4.9524E+00,-3.2715E-01, 2.5464E+00,-4.9927E-01, 4.7302E+00,-3.1250E-01, 6.2048E+00
"B                                                                                                                     "
  30086.730, -41913.260, 1.0217E+00, 5.1648E+00,-3.2715E-01, 2.5464E+00,-5.0171E-01, 4.7302E+00,-3.1372E-01, 6.2048E+00
"C                                                                                                                     "
  30087.690, -41912.300, 9.2896E-01, 5.0281E+00,-3.2349E-01, 2.5464E+00,-4.9805E-01, 4.7302E+00,-3.1250E-01, 6.2048E+00
"D                                                                                                                     "
  30645.300, -41354.690, 1.0681E+00, 5.1892E+00,-3.2837E-01, 2.5464E+00,-5.0171E-01, 4.7314E+00,-3.1250E-01, 6.2048E+00
"F2                                                                                                                    "
  30650.610, -41349.380, 8.1055E-01, 4.9402E+00,-3.3081E-01, 2.5464E+00,-5.0171E-01, 4.7314E+00,-3.1372E-01, 6.2048E+00
"B                                                                                                                     "
  30663.450, -41336.540, 1.1365E+00, 5.2380E+00,-3.2227E-01, 2.5476E+00,-5.0049E-01, 4.7314E+00,-3.1006E-01, 6.2048E+00
"C                                                                                                                     "
  30664.830, -41335.160, 1.1389E+00, 5.2405E+00,-3.2349E-01, 2.5464E+00,-4.9927E-01, 4.7314E+00,-3.1372E-01, 6.2048E+00
"DG                                                                                                                    "
  30750.270, -41249.720, 1.1011E+00, 5.2759E+00,-3.2959E-01, 2.5476E+00,-5.0049E-01, 4.7314E+00,-3.1494E-01, 6.2048E+00
"G                                                                                                                     "
  36000.030, -35999.960, 1.5479E+00, 5.6458E+00, 1.5295E+00, 4.3555E+00,-5.0415E-01, 4.7278E+00,-3.1250E-01, 6.2036E+00
