"NP                                                                                                                    "
    152.000, -71847.990, 6.3660E+00, 9.9988E+00,-2.9175E-01, 2.5659E+00,-5.0415E-01, 4.7314E+00, 5.4932E-02, 6.5686E+00
"P                                                                                                                     "
    182.810, -71817.180, 6.6992E+00, 9.9988E+00, 3.6523E+00, 6.9836E+00,-5.0293E-01, 4.7314E+00, 4.8828E-03, 6.5210E+00
"Z                                                                                                                     "
    205.730, -71794.260, 5.9875E+00, 9.9768E+00,-3.1738E-01, 2.5464E+00,-4.9805E-01, 4.7327E+00, 9.7656E-03, 6.5210E+00
"P                                                                                                                     "
    232.490, -71767.500, 5.9277E+00, 9.9023E+00, 4.1455E+00, 6.9287E+00,-4.9927E-01, 4.7314E+00,-2.8931E-01, 6.2292E+00
"P                                                                                                                     "
    234.260, -71765.730, 5.8240E+00, 9.8340E+00, 4.1956E+00, 6.9824E+00,-5.0049E-01, 4.7302E+00, 3.7439E+00, 8.5254E+00
"B2                                                                                                                    "
    237.860, -71762.130, 5.8826E+00, 9.9036E+00, 4.1199E+00, 6.9153E+00,-5.0049E-01, 4.7375E+00,-2.0630E-01, 6.3232E+00
"P                                                                                                                     "
    273.080, -71726.910, 5.8105E+00, 9.8376E+00, 4.3152E+00, 7.1204E+00,-5.0537E-01, 4.7314E+00,-7.3242E-03, 6.5076E+00
"Z                                                                                                                     "
    457.430, -71542.560, 5.0781E+00, 9.1455E+00, 4.6741E+00, 6.2610E+00, 1.8042E+00, 7.0422E+00, 2.1167E+00, 8.6072E+00
"P                                                                                                                     "
    509.000, -71490.990, 5.3271E+00, 9.3860E+00, 4.3591E+00, 7.2144E+00, 1.0205E+00, 6.2585E+00, 9.1919E-01, 7.3621E+00
"G                                                                                                                     "
    511.400, -71488.590, 5.0464E+00, 9.1089E+00, 4.5361E+00, 7.3145E+00, 1.1047E+00, 6.3354E+00, 9.2773E-02, 6.6064E+00
"P                                                                                                                     "
    533.540, -71466.450, 5.2966E+00, 9.3481E+00, 4.6973E+00, 7.4036E+00,-5.0293E-01, 4.7339E+00, 2.5146E-01, 6.8982E+00
"C                                                                                                                     "
    536.540, -71463.450, 5.3577E+00, 9.4055E+00, 4.5483E+00, 7.2424E+00,-5.5176E-01, 4.6094E+00,-8.7891E-02, 6.4270E+00
"D                                                                                                                     "
    537.920, -71462.070, 5.3662E+00, 9.4250E+00, 4.3726E+00, 7.1838E+00,-2.3132E+00, 2.9114E+00,-9.7656E-02, 6.4172E+00
"C                                                                                                                     "
    540.890, -71459.100, 5.7581E+00, 9.7766E+00, 4.5776E+00, 7.2192E+00,-4.8340E-01, 4.7388E+00,-9.6436E-02, 6.4209E+00
"D                                                                                                                     "
    544.760, -71455.230, 5.5054E+00, 9.5386E+00, 4.5300E+00, 7.3157E+00,-4.9316E-01, 4.7412E+00,-1.0254E-01, 6.4148E+00
"C                                                                                                                     "
    547.280, -71452.710, 5.5408E+00, 9.5715E+00, 4.3433E+00, 7.1460E+00,-6.4453E-01, 4.6606E+00,-9.0332E-02, 6.4246E+00
"D                                                                                                                     "
    548.510, -71451.480, 5.5505E+00, 9.5825E+00, 4.5056E+00, 7.2974E+00,-3.4546E-01, 4.8853E+00,-9.6436E-02, 6.4221E+00
"C                                                                                                                     "
    556.640, -71443.350, 5.3223E+00, 9.3872E+00, 5.0452E+00, 7.8674E+00,-4.9561E-01, 4.7351E+00,-7.2021E-02, 6.4404E+00
"D                                                                                                                     "
    572.390, -71427.600, 4.9060E+00, 8.9563E+00, 4.4348E+00, 7.2290E+00,-5.0293E-01, 4.7339E+00,-1.2939E-01, 6.3879E+00
"F2                                                                                                                    "
    574.580, -71425.410, 5.2332E+00, 9.2773E+00, 4.5361E+00, 7.3218E+00,-5.0049E-01, 4.7314E+00,-1.2939E-01, 6.3867E+00
"B                                                                                                                     "
    577.430, -71422.560, 5.2551E+00, 9.2981E+00, 4.9451E+00, 7.7258E+00,-5.1392E-01, 4.6814E+00,-1.2939E-01, 6.3867E+00
"C                                                                                                                     "
    580.010, -71419.980, 5.2576E+00, 9.2932E+00, 4.8999E+00, 7.6086E+00,-4.9072E-01, 4.7437E+00,-1.3184E-01, 6.3855E+00
"D                                                                                                                     "
    651.470, -71348.520, 5.1855E+00, 9.2578E+00, 4.3396E+00, 7.1375E+00,-5.0049E-01, 4.7363E+00,-1.2817E-01, 6.3892E+00
"F2                                                                                                                    "
    654.110, -71345.880, 5.2246E+00, 9.2932E+00, 4.4373E+00, 7.2290E+00,-4.6631E-01, 4.7705E+00,-1.3062E-01, 6.3879E+00
"B                                                                                                                     "
    657.800, -71342.190, 5.9338E+00, 9.9390E+00, 4.4080E+00, 7.2510E+00,-4.9438E-01, 4.7400E+00,-1.2939E-01, 6.3867E+00
"C                                                                                                                     "
    659.780, -71340.210, 5.0598E+00, 9.1223E+00, 4.5886E+00, 7.3047E+00,-4.6631E-01, 4.7681E+00,-1.3184E-01, 6.3855E+00
"D                                                                                                                     "
    670.010, -71329.980, 5.1855E+00, 9.2590E+00, 4.3872E+00, 7.2229E+00,-5.0293E-01, 4.7363E+00,-7.3242E-03, 6.5076E+00
"B                                                                                                                     "
    673.820, -71326.170, 4.7314E+00, 8.8074E+00, 4.6350E+00, 7.4512E+00,-4.9683E-01, 4.7363E+00,-1.4648E-02, 6.5015E+00
"B                                                                                                                     "
    676.550, -71323.440, 4.9670E+00, 9.0259E+00, 4.3420E+00, 7.1399E+00,-4.9683E-01, 4.7363E+00,-1.1841E-01, 6.3989E+00
"F2                                                                                                                    "
    677.810, -71322.180, 5.0256E+00, 9.0881E+00, 4.4592E+00, 7.2363E+00,-4.9805E-01, 4.7388E+00,-1.2451E-01, 6.3916E+00
"B                                                                                                                     "
    680.270, -71319.720, 5.0366E+00, 9.0967E+00, 4.4739E+00, 7.2876E+00,-4.9927E-01, 4.7363E+00,-9.8877E-02, 6.4197E+00
"C                                                                                                                     "
    683.240, -71316.750, 5.0000E+00, 9.0808E+00, 5.1135E+00, 7.7869E+00,-5.0415E-01, 4.7351E+00,-9.3994E-02, 6.4282E+00
"D                                                                                                                     "
    771.260, -71228.730, 4.8999E+00, 8.9661E+00, 4.5093E+00, 7.2986E+00,-4.9438E-01, 4.7400E+00,-1.2451E-01, 6.3916E+00
"DG                                                                                                                    "
    866.690, -71133.300, 5.2478E+00, 9.4556E+00, 4.5227E+00, 7.3279E+00,-4.9438E-01, 4.7375E+00,-1.1963E-01, 6.3965E+00
"P                                                                                                                     "
    868.790, -71131.200, 4.9695E+00, 9.0344E+00, 1.7090E-01, 3.9221E+00,-4.4556E-01, 4.7864E+00,-1.1719E-01, 6.3989E+00
"Z                                                                                                                     "
    879.170, -71120.820, 4.8865E+00, 8.9429E+00, 4.7241E+00, 7.4084E+00, 1.7700E-01, 5.4016E+00,-1.1841E-01, 6.3977E+00
"P                                                                                                                     "
    893.990, -71106.000, 5.0403E+00, 9.0869E+00, 4.3750E+00, 7.1069E+00,-1.3428E-02, 5.2136E+00,-1.2085E-01, 6.3965E+00
"C                                                                                                                     "
    898.700, -71101.290, 5.0000E+00, 9.0417E+00, 4.2163E+00, 7.0056E+00,-4.7607E-01, 4.7607E+00,-1.2817E-01, 6.3916E+00
"B                                                                                                                     "
    905.180, -71094.810, 4.9670E+00, 9.0308E+00, 4.3677E+00, 7.1057E+00,-4.8462E-01, 4.7510E+00,-1.2329E-01, 6.3940E+00
"C                                                                                                                     "
    908.570, -71091.420, 4.8596E+00, 8.9038E+00, 4.3567E+00, 7.1521E+00,-4.9072E-01, 4.7424E+00,-1.2573E-01, 6.3916E+00
"DG                                                                                                                    "
    922.220, -71077.770, 4.8840E+00, 8.9331E+00, 4.2273E+00, 6.9995E+00,-4.8828E-01, 4.7437E+00,-1.2695E-01, 6.3892E+00
"C                                                                                                                     "
    924.800, -71075.190, 4.8315E+00, 8.8965E+00, 4.5117E+00, 7.3059E+00,-4.9072E-01, 4.7461E+00,-1.3062E-01, 6.3879E+00
"D                                                                                                                     "
    926.270, -71073.720, 4.8755E+00, 8.9026E+00, 4.2505E+00, 7.0349E+00,-4.8706E-01, 4.7461E+00,-1.2939E-01, 6.3855E+00
"DG                                                                                                                    "
    956.930, -71043.060,-4.6387E-01, 3.7183E+00, 4.3042E+00, 7.1265E+00,-4.7974E-01, 4.7559E+00,-1.3062E-01, 6.3879E+00
"F2                                                                                                                    "
    959.630, -71040.360,-5.2734E-01, 3.6389E+00, 4.3823E+00, 7.1912E+00,-4.9072E-01, 4.7449E+00,-1.3184E-01, 6.3879E+00
"G                                                                                                                     "
    975.950, -71024.040,-5.7739E-01, 3.5718E+00, 4.6155E+00, 7.4023E+00,-4.8584E-01, 4.7534E+00,-1.2085E-01, 6.3989E+00
"B                                                                                                                     "
    981.500, -71018.490,-5.7251E-01, 3.5632E+00, 4.5630E+00, 7.3364E+00,-4.6387E-01, 4.7705E+00,-1.2939E-01, 6.3892E+00
"D                                                                                                                     "
   1059.830, -70940.160,-5.8960E-01, 3.5596E+00, 4.5532E+00, 7.3389E+00, 5.1758E-01, 5.7617E+00,-1.0742E-01, 6.4063E+00
"DG                                                                                                                    "
   1196.000, -70803.990,-5.8350E-01, 3.5596E+00, 4.5972E+00, 7.3779E+00,-4.7607E-01, 4.7546E+00,-1.2695E-01, 6.3892E+00
"C                                                                                                                     "
   1200.410, -70799.580,-5.9326E-01, 3.5596E+00, 4.5679E+00, 7.3572E+00,-1.8042E+00, 3.7097E+00,-1.2817E-01, 6.3904E+00
"D                                                                                                                     "
   1220.420, -70779.570,-5.7861E-01, 3.5657E+00, 4.6704E+00, 7.4524E+00, 1.9678E+00, 7.1228E+00,-1.3062E-01, 6.3879E+00
"B                                                                                                                     "
   1222.490, -70777.500,-5.8105E-01, 3.5632E+00, 4.5496E+00, 7.3364E+00, 1.8604E+00, 7.0703E+00,-1.2939E-01, 6.3879E+00
"D                                                                                                                     "
   1230.380, -70769.610,-5.8350E-01, 3.5632E+00, 4.9109E+00, 7.8027E+00, 2.2522E+00, 7.3218E+00,-1.3184E-01, 6.3867E+00
"B                                                                                                                     "
   1239.680, -70760.310,-5.7983E-01, 3.5620E+00, 4.6130E+00, 7.3975E+00, 1.5027E+00, 6.6748E+00,-1.3062E-01, 6.3855E+00
"DG                                                                                                                    "
   1271.960, -70728.030,-5.8716E-01, 3.5620E+00, 4.6619E+00, 7.4634E+00, 1.7407E+00, 7.0093E+00,-1.3062E-01, 6.3879E+00
"F2                                                                                                                    "
   1274.030, -70725.960,-5.7617E-01, 3.5620E+00, 4.7620E+00, 7.5269E+00, 1.7407E+00, 7.0166E+00,-1.2939E-01, 6.3879E+00
"B                                                                                                                     "
   1276.820, -70723.170,-5.7983E-01, 3.5608E+00, 4.6619E+00, 7.4426E+00, 1.6492E+00, 6.9067E+00,-1.2939E-01, 6.3867E+00
"CG                                                                                                                    "
   1279.820, -70720.170,-5.8350E-01, 3.5632E+00, 4.1003E+00, 6.8860E+00, 1.7285E+00, 6.9458E+00,-1.3062E-01, 6.3867E+00
"D                                                                                                                     "
   1431.920, -70568.070,-5.9204E-01, 3.5632E+00, 4.7839E+00, 7.6550E+00, 1.1157E+00, 6.3428E+00,-1.3184E-01, 6.3867E+00
"DG                                                                                                                    "
   1499.420, -70500.570,-5.7495E-01, 3.5693E+00, 4.4165E+00, 7.2070E+00,-4.0649E-01, 4.8120E+00,-1.2695E-01, 6.3916E+00
"F2                                                                                                                    "
   1500.950, -70499.040,-5.6641E-01, 3.5742E+00, 4.6924E+00, 7.4707E+00,-1.3245E+00, 4.2163E+00,-1.2695E-01, 6.3928E+00
"B                                                                                                                     "
   1503.590, -70496.400,-5.7373E-01, 3.5767E+00, 4.7925E+00, 7.5745E+00,-5.4565E-01, 4.5862E+00,-1.2573E-01, 6.3916E+00
"DG                                                                                                                    "
   1553.390, -70446.600,-5.8472E-01, 3.5657E+00, 4.6851E+00, 7.4744E+00, 1.0840E+00, 6.1755E+00,-1.2939E-01, 6.3867E+00
"P                                                                                                                     "
   1556.840, -70443.150,-5.8716E-01, 3.5645E+00, 8.0200E-01, 5.0574E+00, 8.5693E-01, 6.0498E+00,-1.3062E-01, 6.3867E+00
"Z                                                                                                                     "
   1904.420, -70095.570,-5.7129E-01, 3.5657E+00, 4.8364E+00, 7.5537E+00, 2.5745E+00, 7.7759E+00, 1.2634E+00, 7.7600E+00
"P                                                                                                                     "
   1927.100, -70072.890,-5.5664E-01, 3.5950E+00, 4.0112E+00, 6.7944E+00, 2.4536E+00, 7.6624E+00, 1.4148E+00, 7.9089E+00
"C                                                                                                                     "
   1933.610, -70066.380,-5.6763E-01, 3.5803E+00, 4.0369E+00, 6.8335E+00, 2.3975E+00, 7.6123E+00, 1.4282E+00, 7.9321E+00
"D                                                                                                                     "
   1971.590, -70028.400, 2.5232E+00, 6.6162E+00, 4.3994E+00, 7.2083E+00, 2.4268E+00, 7.6367E+00, 1.4441E+00, 7.9407E+00
"F2                                                                                                                    "
   1974.200, -70025.790, 2.3230E+00, 6.4331E+00, 4.4275E+00, 7.1838E+00, 2.3828E+00, 7.6404E+00, 1.3647E+00, 7.8723E+00
"B                                                                                                                     "
   1976.330, -70023.660, 2.3206E+00, 6.3928E+00, 4.5557E+00, 7.3315E+00, 2.3755E+00, 7.5830E+00, 1.4526E+00, 7.9456E+00
"C                                                                                                                     "
   1978.520, -70021.470, 4.9072E-01, 4.6082E+00, 4.6423E+00, 7.4231E+00, 2.4109E+00, 7.6135E+00, 1.3647E+00, 7.8601E+00
"D                                                                                                                     "
   2113.280, -69886.710, 2.4487E+00, 6.5332E+00, 4.2175E+00, 7.0166E+00, 2.4963E+00, 7.7087E+00, 1.5247E+00, 8.0237E+00
"f2                                                                                                                    "
   2115.890, -69884.100, 2.5000E+00, 6.6077E+00, 4.4592E+00, 7.2241E+00, 2.5415E+00, 7.7527E+00, 1.4685E+00, 7.9492E+00
"b                                                                                                                     "
   2117.810, -69882.180, 2.5134E+00, 6.5955E+00, 4.7009E+00, 7.4683E+00, 2.5696E+00, 7.7795E+00, 1.4856E+00, 7.9578E+00
"cg                                                                                                                    "
   2122.520, -69877.470, 2.6831E+00, 6.7993E+00, 4.0027E+00, 6.7993E+00, 2.5037E+00, 7.7173E+00, 1.5125E+00, 8.0164E+00
"dg                                                                                                                    "
   2313.680, -69686.310, 2.2534E+00, 6.3843E+00, 4.2163E+00, 7.0300E+00, 2.4878E+00, 7.7405E+00, 1.5088E+00, 7.9944E+00
"b                                                                                                                     "
   2318.570, -69681.420, 2.5110E+00, 6.5784E+00, 4.7583E+00, 7.5378E+00, 2.7075E+00, 7.9077E+00, 1.5857E+00, 8.0664E+00
"dg                                                                                                                    "
   2692.040, -69307.950,-5.7495E-01, 3.5754E+00, 4.1199E+00, 6.9128E+00, 2.7161E+00, 7.9272E+00, 1.4526E+00, 7.9724E+00
"f2                                                                                                                    "
   2694.230, -69305.760,-5.7617E-01, 3.5730E+00, 4.3433E+00, 7.1375E+00, 2.7588E+00, 7.9688E+00, 1.5076E+00, 8.0078E+00
"dg                                                                                                                    "
   2943.440, -69056.550, 2.1887E+00, 6.2732E+00, 4.0186E+00, 6.8164E+00, 2.8015E+00, 8.0029E+00, 1.4563E+00, 7.9578E+00
"f2                                                                                                                    "
   2946.410, -69053.580, 2.2351E+00, 6.3464E+00, 4.4641E+00, 7.2168E+00, 2.4988E+00, 7.6953E+00, 1.4624E+00, 7.9639E+00
"cg                                                                                                                    "
   2949.110, -69050.880, 2.2839E+00, 6.3892E+00, 3.9160E+00, 6.7139E+00, 2.6697E+00, 7.8821E+00, 1.4587E+00, 7.9602E+00
"dg                                                                                                                    "
   3045.830, -68954.160, 1.6711E+00, 5.7629E+00, 4.2590E+00, 7.0618E+00, 2.8601E+00, 8.0603E+00, 1.4685E+00, 7.9663E+00
"f2                                                                                                                    "
   3048.080, -68951.910, 2.1936E+00, 6.2793E+00, 4.3250E+00, 7.1094E+00, 2.8833E+00, 8.0896E+00, 1.4551E+00, 7.9602E+00
"b                                                                                                                     "
   3051.260, -68948.730, 2.2192E+00, 6.3306E+00, 4.2798E+00, 7.0483E+00, 2.9285E+00, 8.1323E+00, 1.4600E+00, 7.9602E+00
"dg                                                                                                                    "
   3095.810, -68904.180, 1.5186E+00, 5.6335E+00, 4.0601E+00, 6.8359E+00, 3.2983E+00, 8.5046E+00, 1.4563E+00, 7.9553E+00
"f2                                                                                                                    "
   3097.610, -68902.380, 1.6443E+00, 5.7361E+00, 4.1626E+00, 6.9495E+00, 3.3081E+00, 8.5120E+00, 1.3733E+00, 7.8894E+00
"b                                                                                                                     "
   3099.320, -68900.670, 1.7200E+00, 5.8289E+00, 4.2383E+00, 7.0142E+00, 3.3044E+00, 8.5156E+00, 1.4539E+00, 7.9565E+00
"dg                                                                                                                    "
   3160.520, -68839.470, 1.6455E+00, 5.7703E+00, 4.0039E+00, 6.8066E+00, 2.5037E+00, 7.7173E+00, 1.4392E+00, 7.9407E+00
"b                                                                                                                     "
   3162.860, -68837.130, 1.7981E+00, 5.8752E+00, 4.0942E+00, 6.8677E+00, 2.5854E+00, 7.7905E+00, 1.4197E+00, 7.9224E+00
"dg                                                                                                                    "
   3274.880, -68725.110, 1.9922E+00, 6.0876E+00, 3.7744E+00, 6.5747E+00, 2.5818E+00, 7.7869E+00, 1.3904E+00, 7.8918E+00
"f2                                                                                                                    "
   3278.900, -68721.090, 2.2290E+00, 6.2952E+00, 4.6399E+00, 7.3584E+00, 2.6990E+00, 7.9016E+00, 1.3843E+00, 7.8870E+00
"dg                                                                                                                    "
   3285.290, -68714.700, 1.9897E+00, 6.1145E+00, 3.9136E+00, 6.6589E+00, 2.5842E+00, 7.7966E+00, 1.3342E+00, 7.8540E+00
"f2                                                                                                                    "
   3288.350, -68711.640, 2.0972E+00, 6.1877E+00, 4.1724E+00, 6.9727E+00, 2.4670E+00, 7.6733E+00, 1.4001E+00, 7.8967E+00
"g                                                                                                                     "
   3308.750, -68691.240,-5.4077E-01, 3.5950E+00, 3.8123E+00, 6.6199E+00, 2.4963E+00, 7.7002E+00, 1.3928E+00, 7.8857E+00
"p                                                                                                                     "
   3310.970, -68689.020, 1.9080E+00, 6.0132E+00, 3.3618E+00, 6.5405E+00, 2.5647E+00, 7.7734E+00, 1.3672E+00, 7.8723E+00
"z                                                                                                                     "
   6434.090, -65565.900, 3.3728E+00, 7.4500E+00, 2.1460E+00, 4.4543E+00,-4.7607E-01, 4.7559E+00,-1.3062E-01, 6.3867E+00
"p                                                                                                                     "
   6456.710, -65543.280, 3.4412E+00, 7.5598E+00, 1.5637E+00, 4.3799E+00,-4.8218E-01, 4.7559E+00,-1.3062E-01, 6.3867E+00
"c                                                                                                                     "
   6461.600, -65538.390, 3.6133E+00, 7.6965E+00, 1.7749E+00, 4.5728E+00,-4.8218E-01, 4.7571E+00,-1.3184E-01, 6.3867E+00
"dg                                                                                                                    "
   6485.090, -65514.900, 3.0823E+00, 7.2119E+00, 2.0630E+00, 4.8804E+00,-4.6265E-01, 4.7717E+00,-1.3062E-01, 6.3867E+00
"f2                                                                                                                    "
   6486.770, -65513.220, 3.4961E+00, 7.5781E+00, 2.1191E+00, 4.9438E+00,-4.6387E-01, 4.7717E+00,-1.3062E-01, 6.3867E+00
"b                                                                                                                     "
   6489.470, -65510.520, 3.3411E+00, 7.4158E+00, 2.1008E+00, 4.9207E+00,-4.6021E-01, 4.7766E+00,-1.3184E-01, 6.3867E+00
"c                                                                                                                     "
   6491.180, -65508.810, 3.6755E+00, 7.7637E+00, 2.1118E+00, 4.9268E+00,-4.7607E-01, 4.7559E+00,-1.2939E-01, 6.3867E+00
"d                                                                                                                     "
   6543.770, -65456.220, 3.6963E+00, 7.6819E+00, 2.1985E+00, 5.0049E+00,-4.7729E-01, 4.7583E+00,-1.3184E-01, 6.3867E+00
"f2                                                                                                                    "
   6545.120, -65454.870, 3.3276E+00, 7.3987E+00, 2.1912E+00, 4.9951E+00,-4.7485E-01, 4.7583E+00,-1.3062E-01, 6.3867E+00
"b                                                                                                                     "
   6548.840, -65451.150, 3.0408E+00, 7.1228E+00, 2.2583E+00, 5.0488E+00,-4.6875E-01, 4.7583E+00,-1.2817E-01, 6.3867E+00
"c                                                                                                                     "
   6551.570, -65448.420, 3.3667E+00, 7.3865E+00, 2.2791E+00, 5.0940E+00,-4.7729E-01, 4.7595E+00,-1.3184E-01, 6.3867E+00
"d                                                                                                                     "
   6741.530, -65258.460,-5.7861E-01, 3.5718E+00, 2.1973E+00, 5.0415E+00, 1.6333E+00, 6.8494E+00,-1.3184E-01, 6.3867E+00
"f2                                                                                                                    "
   6743.360, -65256.630,-5.8350E-01, 3.5693E+00, 2.2803E+00, 5.1160E+00, 1.6431E+00, 6.8616E+00,-1.3062E-01, 6.3867E+00
"b                                                                                                                     "
   6748.400, -65251.590,-5.7007E-01, 3.5840E+00, 2.3999E+00, 5.2148E+00, 1.6724E+00, 6.8933E+00,-1.2817E-01, 6.3867E+00
"c                                                                                                                     "
   6750.470, -65249.520,-5.6519E-01, 3.5815E+00, 2.3682E+00, 5.1746E+00, 1.6797E+00, 6.8982E+00,-1.2939E-01, 6.3867E+00
"d                                                                                                                     "
   6937.610, -65062.380, 1.0193E+00, 5.1221E+00, 2.2437E+00, 5.0769E+00, 2.6489E-01, 5.4846E+00,-1.3062E-01, 6.3855E+00
"f2                                                                                                                    "
   6939.440, -65060.550, 1.0999E+00, 5.1978E+00, 2.2791E+00, 5.1050E+00, 2.4414E-01, 5.4761E+00,-1.3184E-01, 6.3867E+00
"b                                                                                                                     "
   6941.780, -65058.210, 1.0461E+00, 5.1697E+00, 2.5500E+00, 5.3625E+00, 2.5269E-01, 5.4773E+00,-1.2939E-01, 6.3867E+00
"dg                                                                                                                    "
   7103.630, -64896.360,-5.7861E-01, 3.5645E+00, 2.2571E+00, 5.0659E+00, 2.2778E+00, 7.4792E+00,-1.3062E-01, 6.3855E+00
"f2                                                                                                                    "
   7105.460, -64894.530,-5.8350E-01, 3.5645E+00, 2.0923E+00, 4.9084E+00, 2.2668E+00, 7.4817E+00,-1.3184E-01, 6.3855E+00
"g                                                                                                                     "
   7301.030, -64698.960,-5.6030E-01, 3.5730E+00, 2.4609E+00, 5.2551E+00, 1.3428E-01, 5.3601E+00,-1.3062E-01, 6.3855E+00
"b                                                                                                                     "
   7304.600, -64695.390,-5.7617E-01, 3.5742E+00, 2.3816E+00, 5.2136E+00, 1.3306E-01, 5.3662E+00,-1.3184E-01, 6.3855E+00
"c                                                                                                                     "
   7305.950, -64694.040,-5.7617E-01, 3.5754E+00, 2.4390E+00, 5.2686E+00, 1.2695E-01, 5.3613E+00,-1.3062E-01, 6.3855E+00
"g                                                                                                                     "
   7805.720, -64194.270,-5.7129E-01, 3.5779E+00, 2.5317E+00, 5.3455E+00,-4.6631E-01, 4.7681E+00,-1.3062E-01, 6.3855E+00
"dg                                                                                                                    "
   7837.520, -64162.470,-4.7852E-01, 3.7280E+00, 2.2888E+00, 5.1050E+00,-4.7974E-01, 4.7546E+00,-1.3184E-01, 6.3855E+00
"f2                                                                                                                    "
   7839.890, -64160.100,-5.6641E-01, 3.5718E+00, 2.1497E+00, 4.9548E+00,-4.7729E-01, 4.7571E+00,-1.3062E-01, 6.3855E+00
"b                                                                                                                     "
   7842.410, -64157.580,-4.6875E-01, 3.7366E+00, 2.3608E+00, 5.1672E+00,-4.5654E-01, 4.7705E+00,-1.3184E-01, 6.3855E+00
"g                                                                                                                     "
   9200.750, -62799.240,-5.7739E-01, 3.5730E+00, 2.7148E+00, 5.5237E+00, 2.5269E+00, 7.7344E+00,-1.3062E-01, 6.3879E+00
"c                                                                                                                     "
   9205.190, -62794.800,-5.7495E-01, 3.5693E+00, 2.2192E+00, 5.0305E+00, 2.5232E+00, 7.7295E+00,-1.2695E-01, 6.3867E+00
"dg                                                                                                                    "
   9400.280, -62599.710,-5.7373E-01, 3.5706E+00, 2.0361E+00, 4.8560E+00, 2.4243E+00, 7.6245E+00,-1.2817E-01, 6.3879E+00
"f2                                                                                                                    "
   9402.860, -62597.130,-5.7861E-01, 3.5693E+00, 2.1887E+00, 4.9988E+00, 2.4146E+00, 7.6233E+00,-1.2817E-01, 6.3867E+00
"b                                                                                                                     "
   9406.520, -62593.470,-5.6274E-01, 3.5693E+00, 2.2437E+00, 5.0598E+00, 2.3254E+00, 7.5208E+00,-1.2817E-01, 6.3867E+00
"dg                                                                                                                    "
   9449.240, -62550.750,-5.6396E-01, 3.5718E+00, 2.3608E+00, 5.1721E+00, 2.4341E+00, 7.6367E+00,-1.2695E-01, 6.3867E+00
"g                                                                                                                     "
   9909.140, -62090.850,-5.8838E-01, 3.5669E+00, 2.1008E+00, 4.9316E+00,-4.7852E-01, 4.7583E+00,-1.2939E-01, 6.3855E+00
"cg                                                                                                                    "
   9915.350, -62084.640,-5.8350E-01, 3.5669E+00, 2.0862E+00, 4.9011E+00,-4.7974E-01, 4.7595E+00,-1.3184E-01, 6.3867E+00
"dg                                                                                                                    "
   9983.870, -62016.120,-5.7495E-01, 3.5693E+00, 2.2754E+00, 5.0916E+00,-4.7119E-01, 4.7583E+00,-1.2817E-01, 6.3867E+00
"d                                                                                                                     "
   9995.390, -62004.600,-5.7739E-01, 3.5706E+00, 2.1741E+00, 4.9866E+00,-4.7485E-01, 4.7595E+00,-1.2939E-01, 6.3867E+00
"f1                                                                                                                    "
   9996.740, -62003.250,-5.6030E-01, 3.5706E+00, 2.1191E+00, 4.9707E+00,-4.7241E-01, 4.7595E+00,-1.2939E-01, 6.3867E+00
"f2                                                                                                                    "
   9999.470, -62000.520,-5.7129E-01, 3.5718E+00, 1.9653E+00, 4.7827E+00,-4.6875E-01, 4.7595E+00,-1.2817E-01, 6.3867E+00
"f3                                                                                                                    "
  10008.800, -61991.190,-5.7495E-01, 3.5718E+00, 2.3633E+00, 5.1746E+00,-4.3335E-01, 4.7913E+00,-1.2939E-01, 6.3879E+00
"f4                                                                                                                    "
  10012.670, -61987.320,-5.7251E-01, 3.5718E+00, 2.3218E+00, 5.1257E+00,-4.6997E-01, 4.7607E+00,-1.2817E-01, 6.3879E+00
"b                                                                                                                     "
  10017.140, -61982.850,-5.7373E-01, 3.5706E+00, 2.4609E+00, 5.2893E+00,-4.7119E-01, 4.7595E+00,-1.2695E-01, 6.3879E+00
"c                                                                                                                     "
  10019.960, -61980.030,-5.7983E-01, 3.5693E+00, 2.3816E+00, 5.1843E+00,-4.7852E-01, 4.7595E+00,-1.3062E-01, 6.3879E+00
"dg                                                                                                                    "
  10141.580, -61858.410,-5.7251E-01, 3.5742E+00, 2.0923E+00, 4.9231E+00,-4.6143E-01, 4.7742E+00,-1.2817E-01, 6.3892E+00
"b                                                                                                                     "
  10147.820, -61852.170,-5.7007E-01, 3.5730E+00, 2.1680E+00, 4.9915E+00,-4.6387E-01, 4.7693E+00,-1.2817E-01, 6.3892E+00
"dg                                                                                                                    "
  10168.070, -61831.920,-5.7251E-01, 3.5779E+00, 2.2717E+00, 5.0879E+00,-4.6387E-01, 4.7705E+00,-1.2817E-01, 6.3892E+00
"g                                                                                                                     "
  11116.610, -60883.380, 1.3428E-01, 4.2676E+00, 2.1289E+00, 4.9500E+00,-4.0894E-01, 4.8279E+00,-1.2695E-01, 6.3904E+00
"dg                                                                                                                    "
  11248.220, -60751.770, 2.1387E+00, 6.2366E+00, 2.0068E+00, 4.8352E+00,-4.3213E-01, 4.8010E+00,-1.2695E-01, 6.3892E+00
"f2                                                                                                                    "
  11250.020, -60749.970, 1.5295E+00, 5.6616E+00, 2.2119E+00, 4.9866E+00,-4.2847E-01, 4.8010E+00,-1.2573E-01, 6.3904E+00
"b                                                                                                                     "
  11254.880, -60745.110,-4.1504E-02, 4.1040E+00, 2.4463E+00, 5.2209E+00,-4.3213E-01, 4.8010E+00,-1.2695E-01, 6.3892E+00
"c                                                                                                                     "
  11258.960, -60741.030, 2.6978E-01, 4.3958E+00, 2.3962E+00, 5.2124E+00,-4.3335E-01, 4.8010E+00,-1.2695E-01, 6.3892E+00
"dg                                                                                                                    "
  11424.350, -60575.640, 1.5503E+00, 5.6824E+00, 2.2253E+00, 5.0403E+00,-4.4312E-01, 4.7925E+00,-1.2817E-01, 6.3892E+00
"c                                                                                                                     "
  11427.020, -60572.970, 8.5938E-01, 4.9805E+00, 2.2083E+00, 5.0232E+00,-4.3701E-01, 4.7900E+00,-1.2451E-01, 6.3892E+00
"dg                                                                                                                    "
  12311.480, -59688.510,-5.4565E-01, 3.6011E+00, 1.8860E+00, 4.7241E+00, 2.8418E+00, 8.0457E+00,-1.2939E-01, 6.3879E+00
"f2                                                                                                                    "
  12313.160, -59686.830,-5.4077E-01, 3.6011E+00, 1.9617E+00, 4.7791E+00, 4.7778E+00, 9.8950E+00,-1.2451E-01, 6.3879E+00
"c                                                                                                                     "
  12320.180, -59679.810,-5.4932E-01, 3.5999E+00, 1.9885E+00, 4.8181E+00, 2.8528E+00, 8.0505E+00,-1.2939E-01, 6.3879E+00
"p                                                                                                                     "
  12324.290, -59675.700,-5.4932E-01, 3.5999E+00, 1.9727E+00, 4.8035E+00, 2.9578E+00, 8.1616E+00,-1.2939E-01, 6.3879E+00
"z                                                                                                                     "
  14529.530, -57470.460,-5.7617E-01, 3.5706E+00, 1.5698E+00, 4.4958E+00,-4.6997E-01, 4.7656E+00,-1.2817E-01, 6.3879E+00
"p                                                                                                                     "
  14558.510, -57441.480,-5.6885E-01, 3.5718E+00, 9.8999E-01, 3.8281E+00,-4.6631E-01, 4.7656E+00,-1.2817E-01, 6.3879E+00
"c                                                                                                                     "
  14562.980, -57437.010,-5.6274E-01, 3.5718E+00, 1.1194E+00, 3.9404E+00,-4.5898E-01, 4.7681E+00,-1.2695E-01, 6.3879E+00
"d                                                                                                                     "
  14581.880, -57418.110,-5.8228E-01, 3.5718E+00, 1.3818E+00, 4.2126E+00,-4.6753E-01, 4.7668E+00,-1.2939E-01, 6.3879E+00
"f2                                                                                                                    "
  14583.590, -57416.400,-5.6396E-01, 3.5718E+00, 1.4453E+00, 4.2749E+00,-4.6631E-01, 4.7632E+00,-1.2817E-01, 6.3879E+00
"b                                                                                                                     "
  14589.470, -57410.520,-5.6641E-01, 3.5718E+00, 1.2183E+00, 4.0430E+00,-4.6143E-01, 4.7681E+00,-1.2695E-01, 6.3879E+00
"c                                                                                                                     "
  14593.550, -57406.440,-5.6030E-01, 3.5718E+00, 1.3623E+00, 4.2017E+00,-4.5898E-01, 4.7668E+00,-1.2573E-01, 6.3879E+00
"d                                                                                                                     "
  14654.330, -57345.660,-5.7129E-01, 3.5779E+00, 1.5479E+00, 4.3811E+00,-4.5654E-01, 4.7717E+00,-1.2695E-01, 6.3892E+00
"c                                                                                                                     "
  14657.270, -57342.720,-5.7861E-01, 3.5779E+00, 1.6675E+00, 4.4946E+00,-4.6021E-01, 4.7729E+00,-1.2939E-01, 6.3892E+00
"d                                                                                                                     "
  14686.550, -57313.440,-5.5786E-01, 3.5767E+00, 1.7456E+00, 4.5667E+00,-4.6387E-01, 4.7717E+00,-1.2695E-01, 6.3892E+00
"b                                                                                                                     "
  14688.590, -57311.400,-5.8350E-01, 3.5767E+00, 1.6394E+00, 4.4702E+00,-4.6143E-01, 4.7705E+00,-1.2695E-01, 6.3892E+00
"c                                                                                                                     "
  14691.710, -57308.280,-5.7129E-01, 3.5767E+00, 1.7480E+00, 4.5715E+00,-4.5532E-01, 4.7729E+00,-1.2573E-01, 6.3892E+00
"d                                                                                                                     "
  14726.510, -57273.480,-5.6396E-01, 3.5791E+00, 1.6870E+00, 4.4983E+00,-4.4800E-01, 4.7876E+00,-1.2695E-01, 6.3892E+00
"f2                                                                                                                    "
  14729.630, -57270.360,-5.5664E-01, 3.5779E+00, 1.5881E+00, 4.4299E+00,-4.5532E-01, 4.7729E+00,-1.2451E-01, 6.3892E+00
"b                                                                                                                     "
  14747.780, -57252.210,-5.5908E-01, 3.5767E+00, 1.3684E+00, 4.1797E+00,-4.4434E-01, 4.7839E+00,-1.2695E-01, 6.3892E+00
"c                                                                                                                     "
  14749.640, -57250.350,-5.7129E-01, 3.5779E+00, 1.4880E+00, 4.3628E+00,-4.5532E-01, 4.7754E+00,-1.2695E-01, 6.3904E+00
"d                                                                                                                     "
  14819.900, -57180.090,-5.6030E-01, 3.5779E+00, 1.6760E+00, 4.4897E+00,-4.5166E-01, 4.7754E+00,-1.2451E-01, 6.3904E+00
"cg                                                                                                                    "
  14822.570, -57177.420,-5.5542E-01, 3.5791E+00, 1.9312E+00, 4.7461E+00,-4.5410E-01, 4.7729E+00,-1.2573E-01, 6.3904E+00
"d                                                                                                                     "
  14868.110, -57131.880,-5.5420E-01, 3.5815E+00, 1.8787E+00, 4.6985E+00,-4.4800E-01, 4.7791E+00,-1.2329E-01, 6.3904E+00
"f2                                                                                                                    "
  14871.860, -57128.130,-5.5664E-01, 3.5815E+00, 1.6602E+00, 4.4800E+00,-4.4189E-01, 4.7864E+00,-1.2329E-01, 6.3904E+00
"b                                                                                                                     "
  14875.520, -57124.470,-5.6519E-01, 3.5803E+00, 1.5698E+00, 4.3945E+00,-4.5288E-01, 4.7815E+00,-1.2573E-01, 6.3904E+00
"dg                                                                                                                    "
  15025.760, -56974.230,-5.6763E-01, 3.5779E+00, 2.0215E+00, 4.8425E+00,-4.5166E-01, 4.7791E+00,-1.2329E-01, 6.3904E+00
"g                                                                                                                     "
  15859.490, -56140.500,-5.5664E-01, 3.5803E+00, 2.1484E-01, 3.5803E+00,-4.5044E-01, 4.7766E+00,-1.2329E-01, 6.3904E+00
"z                                                                                                                     "
  15892.070, -56107.920,-5.5542E-01, 3.5791E+00, 1.6809E+00, 4.0405E+00,-4.5410E-01, 4.7778E+00,-1.2573E-01, 6.3904E+00
"p                                                                                                                     "
  15923.150, -56076.840,-5.7373E-01, 3.5791E+00, 8.2275E-01, 3.6646E+00,-4.5532E-01, 4.7766E+00,-1.2695E-01, 6.3904E+00
"b2                                                                                                                    "
  15926.150, -56073.840,-5.5542E-01, 3.5791E+00, 8.0933E-01, 3.6279E+00,-4.5166E-01, 4.7754E+00,-1.2451E-01, 6.3904E+00
"p                                                                                                                     "
  15955.460, -56044.530,-5.6030E-01, 3.5779E+00, 9.6436E-01, 3.8086E+00,-4.5044E-01, 4.7766E+00,-1.2329E-01, 6.3904E+00
"b2                                                                                                                    "
  15965.060, -56034.930,-5.7495E-01, 3.5791E+00, 9.3384E-01, 3.7524E+00,-4.5776E-01, 4.7754E+00,-1.2573E-01, 6.3904E+00
"b                                                                                                                     "
  15968.450, -56031.540,-5.6641E-01, 3.5779E+00, 9.5093E-01, 3.7756E+00,-4.5410E-01, 4.7766E+00,-1.2573E-01, 6.3904E+00
"c                                                                                                                     "
  15973.190, -56026.800,-5.6152E-01, 3.5779E+00, 1.1475E+00, 3.9880E+00,-4.5166E-01, 4.7766E+00,-1.2573E-01, 6.3904E+00
"b                                                                                                                     "
  15979.280, -56020.710,-5.6519E-01, 3.5779E+00, 1.0352E+00, 3.8550E+00,-4.5166E-01, 4.7754E+00,-1.2329E-01, 6.3904E+00
"c                                                                                                                     "
  15980.360, -56019.630,-5.6885E-01, 3.5779E+00, 1.1548E+00, 4.0002E+00,-4.5898E-01, 4.7742E+00,-1.2573E-01, 6.3904E+00
"b                                                                                                                     "
  15990.380, -56009.610,-5.5786E-01, 3.5779E+00, 1.1755E+00, 4.0051E+00,-4.5288E-01, 4.7766E+00,-1.2329E-01, 6.3904E+00
"p                                                                                                                     "
  16013.270, -55986.720,-5.7129E-01, 3.5779E+00, 1.3403E+00, 4.1663E+00,-4.5044E-01, 4.7754E+00,-1.2451E-01, 6.3904E+00
"c                                                                                                                     "
  16018.400, -55981.590,-5.7007E-01, 3.5767E+00, 1.2695E+00, 4.0942E+00,-4.5532E-01, 4.7742E+00,-1.2329E-01, 6.3904E+00
"d                                                                                                                     "
  16028.780, -55971.210,-5.7007E-01, 3.5767E+00, 1.1841E+00, 4.0259E+00,-4.6265E-01, 4.7729E+00,-1.2695E-01, 6.3904E+00
"b                                                                                                                     "
  16030.880, -55969.110,-5.5664E-01, 3.5767E+00, 1.5051E+00, 4.2200E+00,-4.6021E-01, 4.7729E+00,-1.2451E-01, 6.3904E+00
"d                                                                                                                     "
  16040.390, -55959.600,-5.6885E-01, 3.5767E+00, 1.3538E+00, 4.1736E+00,-4.6021E-01, 4.7742E+00,-1.2695E-01, 6.3904E+00
"b                                                                                                                     "
  16042.880, -55957.110,-5.6763E-01, 3.5754E+00, 1.4941E+00, 4.3213E+00,-4.5776E-01, 4.7729E+00,-1.2573E-01, 6.3892E+00
"dg                                                                                                                    "
  16086.590, -55913.400,-5.6030E-01, 3.5754E+00, 1.4771E+00, 4.2883E+00,-4.6143E-01, 4.7705E+00,-1.2573E-01, 6.3892E+00
"f2                                                                                                                    "
  16088.210, -55911.780,-5.5664E-01, 3.5754E+00, 1.4551E+00, 4.2810E+00,-4.5410E-01, 4.7705E+00,-1.2573E-01, 6.3892E+00
"p                                                                                                                     "
  16093.340, -55906.650,-5.6763E-01, 3.5754E+00,-5.7373E-02, 3.1421E+00,-4.6143E-01, 4.7705E+00,-1.2695E-01, 6.3892E+00
"Z                                                                                                                     "
  16205.760, -55794.230,-5.6396E-01, 3.5718E+00, 1.2036E+00, 4.0918E+00,-4.6387E-01, 4.7668E+00,-1.2695E-01, 6.3879E+00
"P                                                                                                                     "
  16213.830, -55786.160,-5.7617E-01, 3.5718E+00, 1.0510E+00, 3.8818E+00,-4.6631E-01, 4.7668E+00,-1.2939E-01, 6.3879E+00
"C                                                                                                                     "
  16217.550, -55782.440,-5.7861E-01, 3.5718E+00, 1.3208E+00, 4.1675E+00,-4.6875E-01, 4.7656E+00,-1.2817E-01, 6.3879E+00
"P                                                                                                                     "
  16235.670, -55764.320,-5.6519E-01, 3.5718E+00, 1.2817E+00, 4.1370E+00,-4.6387E-01, 4.7656E+00,-1.2573E-01, 6.3879E+00
"C                                                                                                                     "
  16240.860, -55759.130,-5.7373E-01, 3.5718E+00, 1.5710E+00, 4.3933E+00,-4.6143E-01, 4.7656E+00,-1.2695E-01, 6.3879E+00
"D                                                                                                                     "
  16263.060, -55736.930,-5.6396E-01, 3.5718E+00, 1.6943E+00, 4.5093E+00,-4.6509E-01, 4.7644E+00,-1.2817E-01, 6.3879E+00
"P                                                                                                                     "
  16270.560, -55729.430,-5.7373E-01, 3.5706E+00, 1.5393E+00, 4.3738E+00,-4.6997E-01, 4.7656E+00,-1.2939E-01, 6.3879E+00
"f2                                                                                                                    "
  16273.350, -55726.640,-5.7251E-01, 3.5718E+00, 1.6260E+00, 4.4458E+00,-4.6143E-01, 4.7656E+00,-1.2695E-01, 6.3879E+00
"b                                                                                                                     "
  16280.340, -55719.650,-5.7129E-01, 3.5718E+00, 1.4185E+00, 4.2480E+00,-4.6753E-01, 4.7656E+00,-1.2817E-01, 6.3879E+00
"d                                                                                                                     "
  16362.840, -55637.150,-5.7373E-01, 3.5706E+00, 1.9031E+00, 4.7119E+00,-4.7119E-01, 4.7632E+00,-1.2939E-01, 6.3867E+00
"f1                                                                                                                    "
  16364.070, -55635.920,-5.7739E-01, 3.5706E+00, 1.6931E+00, 4.5251E+00,-4.6753E-01, 4.7656E+00,-1.2695E-01, 6.3867E+00
"f2                                                                                                                    "
  16367.220, -55632.770,-5.7495E-01, 3.5706E+00, 1.5344E+00, 4.3469E+00,-4.6631E-01, 4.7656E+00,-1.2817E-01, 6.3867E+00
"f3                                                                                                                   "
  16376.400, -55623.590,-5.7983E-01, 3.5693E+00, 1.7737E+00, 4.6143E+00,-4.6997E-01, 4.7644E+00,-1.2817E-01, 6.3879E+00
"f4                                                                                                                    "
  16380.750, -55619.240,-5.8105E-01, 3.5706E+00, 1.5356E+00, 4.3616E+00,-4.6875E-01, 4.7668E+00,-1.2939E-01, 6.3867E+00
"b                                                                                                                     "
  16385.640, -55614.350,-5.7129E-01, 3.5718E+00, 1.4966E+00, 4.3018E+00,-4.7363E-01, 4.7632E+00,-1.2817E-01, 6.3867E+00
"c                                                                                                                     "
  16388.460, -55611.530,-5.7983E-01, 3.5706E+00, 1.5723E+00, 4.3921E+00,-4.6997E-01, 4.7644E+00,-1.2939E-01, 6.3867E+00
"d                                                                                                                     "
  16405.470, -55594.520,-5.7251E-01, 3.5706E+00, 1.5100E+00, 4.3396E+00,-4.6753E-01, 4.7644E+00,-1.2695E-01, 6.3867E+00
"f2                                                                                                                    "
  16407.990, -55592.000,-5.6763E-01, 3.5706E+00, 1.5173E+00, 4.3347E+00,-4.6387E-01, 4.7656E+00,-1.2695E-01, 6.3867E+00
"b                                                                                                                     "
  16419.030, -55580.960,-5.8105E-01, 3.5706E+00, 1.7285E+00, 4.5508E+00,-4.6753E-01, 4.7620E+00,-1.2695E-01, 6.3867E+00
"c                                                                                                                     "
  16436.310, -55563.680,-5.7739E-01, 3.5706E+00, 1.7761E+00, 4.5813E+00,-4.6753E-01, 4.7632E+00,-1.2573E-01, 6.3867E+00
"dg                                                                                                                    "
  16519.710, -55480.280,-5.1147E-01, 3.6255E+00, 1.8140E+00, 4.6362E+00,-4.6509E-01, 4.7632E+00,-1.2817E-01, 6.3879E+00
"f2                                                                                                                    "
  16522.110, -55477.880,-5.1147E-01, 3.6279E+00, 1.5979E+00, 4.4092E+00,-4.6631E-01, 4.7632E+00,-1.2817E-01, 6.3879E+00
"g                                                                                                                     "
  36000.030, -35999.960, 3.0261E+00, 7.1191E+00, 2.2583E+00, 5.0696E+00,-4.9072E-01, 4.7473E+00, 6.7261E-01, 7.1802E+00


