"NP                                                                                                                    "
   1144.440, -70855.550, 1.6345E+00, 5.7397E+00,-3.7476E-01, 2.5134E+00,-5.3955E-01, 4.6973E+00,-3.1006E-01, 6.2134E+00
"P                                                                                                                     "
   1205.490, -70794.500, 1.6406E+00, 5.7471E+00,-3.7354E-01, 2.5134E+00,-5.3467E-01, 4.6973E+00,-3.1250E-01, 6.2463E+00
"Z                                                                                                                     "
   1239.660, -70760.330, 1.9934E+00, 6.0913E+00,-3.7231E-01, 2.5134E+00,-5.4077E-01, 4.6973E+00,-2.1851E-01, 6.2744E+00
"P                                                                                                                     "
   1252.320, -70747.670, 1.2122E+00, 5.3613E+00,-3.7598E-01, 2.5146E+00,-5.3589E-01, 4.6985E+00,-3.0396E-01, 6.2427E+00
"Z                                                                                                                     "
  35956.840, -36043.150,-1.5869E-01, 3.9917E+00,-4.4189E-01, 2.4548E+00, 5.4688E-01, 5.7813E+00,-4.2114E-01, 6.1047E+00
