"z                                                                                                                     "
       .000, -71999.990,-4.0283E-02, 4.0613E+00, 6.5918E-02, 2.9297E+00, 3.6621E-02, 5.2319E+00, 6.1035E-02, 6.5454E+00
"np                                                                                                                    "
    273.900, -71726.090, 1.7676E+00, 5.7373E+00,-3.0029E-01, 2.5806E+00,-1.6602E-01, 5.0403E+00, 6.1035E-02, 6.5540E+00
"a                                                                                                                     "
    275.820, -71724.170, 3.3276E+00, 7.3767E+00,-3.0396E-01, 2.5769E+00,-1.7334E-01, 5.0366E+00, 6.2256E-02, 6.5540E+00
"b1                                                                                                                    "
    292.460, -71707.530, 3.0566E+00, 7.1265E+00,-2.9663E-01, 2.5867E+00,-1.7944E-01, 5.0293E+00, 6.2256E-02, 6.5540E+00
"b2                                                                                                                    "
    295.020, -71704.970, 3.0481E+00, 7.1265E+00,-2.9419E-01, 2.5916E+00,-1.7822E-01, 5.0305E+00, 6.1035E-02, 6.5540E+00
"b1                                                                                                                    "
    372.300, -71627.690,-3.2227E-01, 4.2700E+00,-3.0151E-01, 2.5867E+00,-1.8188E-01, 5.0269E+00,-6.5918E-02, 6.4294E+00
"np                                                                                                                    "
    475.340, -71524.650, 3.8293E+00, 7.8809E+00,-2.7100E-01, 2.6160E+00,-1.8555E-01, 5.0220E+00,-2.6611E-01, 6.2305E+00
"a                                                                                                                     "
    476.620, -71523.370, 4.0527E+00, 8.2153E+00,-2.6611E-01, 2.6208E+00,-1.9165E-01, 5.0220E+00,-2.7100E-01, 6.2305E+00
"b1                                                                                                                    "
    492.620, -71507.370, 3.3325E+00, 7.3950E+00,-3.1860E-01, 2.5671E+00,-1.8433E-01, 5.0244E+00,-1.0010E-01, 6.3647E+00
"b2                                                                                                                    "
    494.540, -71505.450, 3.3521E+00, 7.4365E+00,-3.1860E-01, 2.5659E+00,-1.8799E-01, 5.0232E+00,-7.5684E-02, 6.4258E+00
"b1                                                                                                                    "
    520.140, -71479.850, 3.5413E+00, 7.6050E+00,-3.0273E-01, 2.5830E+00,-1.9165E-01, 5.0208E+00,-1.2939E-01, 6.3708E+00
"b2                                                                                                                    "
    522.060, -71477.930, 3.5742E+00, 7.6392E+00,-3.0273E-01, 2.5818E+00,-1.9043E-01, 5.0232E+00,-1.6602E-01, 6.3330E+00
"b1                                                                                                                    "
    545.740, -71454.250, 3.6108E+00, 7.6501E+00,-3.1128E-01, 2.5720E+00, 9.9731E-01, 6.1938E+00,-1.2817E-01, 6.3684E+00
"b2                                                                                                                    "
    548.940, -71451.050, 3.6316E+00, 7.6868E+00,-3.1006E-01, 2.5757E+00, 8.7524E-01, 6.0840E+00,-1.3794E-01, 6.3611E+00
"b1                                                                                                                    "
    566.860, -71433.130, 3.7756E+00, 7.8198E+00, 5.2490E-01, 3.4045E+00, 8.8257E-01, 6.0767E+00,-1.1353E-01, 6.3904E+00
"c1                                                                                                                    "
    568.140, -71431.850, 3.8940E+00, 7.9517E+00, 5.5298E-01, 3.4277E+00, 8.7402E-01, 6.0742E+00,-1.6235E-01, 6.3440E+00
"b1                                                                                                                    "
    569.420, -71430.570, 4.0710E+00, 8.1348E+00, 5.5786E-01, 3.4143E+00, 8.7646E-01, 6.0742E+00,-1.1719E-01, 6.3770E+00
"c1                                                                                                                    "
    570.060, -71429.930, 3.8452E+00, 7.9102E+00, 4.6509E-01, 3.3435E+00, 8.9478E-01, 6.0938E+00,-1.3916E-01, 6.3599E+00
"b1s                                                                                                                   "
    574.540, -71425.450, 3.8904E+00, 7.9700E+00, 4.7363E-01, 3.3447E+00, 8.4595E-01, 6.0486E+00,-1.0864E-01, 6.3892E+00
"fb                                                                                                                    "
    575.820, -71424.170, 3.9990E+00, 8.0432E+00, 4.9805E-01, 3.3643E+00, 8.4595E-01, 6.0498E+00,-1.1108E-01, 6.3892E+00
"c1                                                                                                                    "
    579.820, -71420.170, 4.4592E+00, 8.9917E+00, 3.7476E-01, 3.2410E+00, 8.7402E-01, 6.0718E+00,-1.8066E-01, 6.3232E+00
"c2                                                                                                                    "
    604.780, -71395.210, 4.3433E+00, 8.3838E+00, 4.7607E-01, 3.3350E+00, 3.2959E-02, 5.2478E+00,-1.9531E-01, 6.3037E+00
"c1                                                                                                                    "
    605.420, -71394.570, 3.9233E+00, 8.0273E+00, 6.5796E-01, 3.5181E+00,-1.8311E-02, 5.1855E+00,-1.9287E-01, 6.3037E+00
"f2                                                                                                                    "
    607.340, -71392.650, 4.3079E+00, 8.3521E+00, 5.8838E-01, 3.4485E+00,-1.8799E-01, 5.0244E+00,-1.9653E-01, 6.3037E+00
"b1s                                                                                                                   "
    611.820, -71388.170, 4.1968E+00, 8.3862E+00,-2.1484E-01, 2.6758E+00,-1.9287E-01, 5.0195E+00,-1.9775E-01, 6.3025E+00
"c1                                                                                                                    "
    612.460, -71387.530, 4.3274E+00, 8.6182E+00,-2.8320E-01, 2.6074E+00,-1.9531E-01, 5.0146E+00,-2.0386E-01, 6.3013E+00
"fb                                                                                                                    "
    615.660, -71384.330, 4.2627E+00, 8.2788E+00,-2.5513E-01, 2.6477E+00,-1.8311E-01, 5.0281E+00,-1.7212E-01, 6.3257E+00
"c1                                                                                                                    "
    618.860, -71381.130, 4.3274E+00, 8.3875E+00,-2.5391E-01, 2.6428E+00,-1.7578E-01, 5.0366E+00,-5.9814E-02, 6.4417E+00
"c2                                                                                                                    "
    686.700, -71313.290, 4.6765E+00, 8.7231E+00,-2.3071E-01, 2.6538E+00,-1.9287E-01, 5.0220E+00,-1.9775E-01, 6.3025E+00
"c1                                                                                                                    "
    687.340, -71312.650, 4.8914E+00, 9.0454E+00,-2.4292E-01, 2.6416E+00,-1.5747E-01, 5.0488E+00,-1.9409E-01, 6.3037E+00
"f2                                                                                                                    "
    689.260, -71310.730, 4.1870E+00, 8.2434E+00,-3.0273E-01, 2.5830E+00,-1.9653E-01, 5.0244E+00,-1.9653E-01, 6.3062E+00
"b1s                                                                                                                   "
    690.540, -71309.450, 4.3933E+00, 8.4595E+00,-3.1250E-01, 2.5745E+00,-1.9653E-01, 5.0183E+00,-1.9775E-01, 6.3037E+00
"c1                                                                                                                    "
    691.820, -71308.170, 5.5884E+00, 9.7375E+00,-3.1860E-01, 2.5745E+00,-1.9775E-01, 5.0146E+00,-2.0508E-01, 6.2939E+00
"c2                                                                                                                    "
    915.820, -71084.170, 4.3640E+00, 8.4302E+00,-1.3062E-01, 2.7527E+00,-1.9897E-01, 5.0171E+00,-2.9785E-01, 6.2048E+00
"c1                                                                                                                    "
    916.460, -71083.530, 5.8679E+00, 9.9329E+00,-1.3916E-01, 2.7441E+00,-2.0142E-01, 5.0171E+00,-3.0029E-01, 6.2048E+00
"c2                                                                                                                    "
   1226.860, -70773.130, 4.2871E+00, 8.3386E+00, 9.1187E-01, 3.7585E+00,-2.0264E-01, 5.0159E+00,-3.2104E-01, 6.1853E+00
"c1                                                                                                                    "
   1227.500, -70772.490, 6.0010E+00, 9.9988E+00, 5.0537E-01, 3.3484E+00,-2.0020E-01, 5.0159E+00,-3.2227E-01, 6.1841E+00
"c2                                                                                                                    "
   1237.740, -70762.250, 4.3176E+00, 8.3948E+00, 8.5449E-01, 3.7122E+00,-2.0386E-01, 5.0146E+00,-3.2104E-01, 6.1829E+00
"c1                                                                                                                    "
   1238.380, -70761.610, 5.3662E+00, 9.4324E+00, 6.9092E-01, 3.5754E+00,-1.9897E-01, 5.0159E+00,-3.1860E-01, 6.1841E+00
"c2                                                                                                                    "
   1255.020, -70744.970, 4.2896E+00, 8.3459E+00, 9.5337E-01, 3.8037E+00,-2.0142E-01, 5.0134E+00,-3.2227E-01, 6.1829E+00
"c1                                                                                                                    "
   1255.660, -70744.330, 4.3201E+00, 8.6438E+00, 8.6792E-01, 3.7280E+00,-2.0264E-01, 5.0134E+00,-3.2104E-01, 6.1829E+00
"c2                                                                                                                    "
   1274.350, -70722.570, 4.2566E+00, 8.3313E+00, 7.7637E-01, 3.5413E+00,-2.0630E-01, 5.0159E+00,-3.2349E-01, 6.1816E+00
"b                                                                                                                     "
   1277.860, -70722.570, 4.2566E+00, 8.3313E+00, 7.7637E-01, 3.5413E+00,-2.0630E-01, 5.0159E+00,-3.2349E-01, 6.1816E+00
"fb                                                                                                                    "
   1279.980, -70720.010, 4.0332E+00, 8.0762E+00, 9.2896E-01, 3.7732E+00,-2.0264E-01, 5.0159E+00,-3.2349E-01, 6.1816E+00
"b1s                                                                                                                   "
   1283.820, -70716.170, 5.1123E+00, 9.1541E+00, 5.8350E-01, 3.5034E+00,-2.0020E-01, 5.0146E+00,-3.2227E-01, 6.1804E+00
"c1                                                                                                                    "
   1284.460, -70715.530, 5.1660E+00, 9.0735E+00, 9.7778E-01, 3.8391E+00,-2.0264E-01, 5.0146E+00,-3.2349E-01, 6.1804E+00
"c2                                                                                                                    "
   1334.380, -70665.610, 4.2371E+00, 8.2947E+00, 1.0083E+00, 3.8635E+00,-1.9897E-01, 5.0171E+00,-3.1006E-01, 6.1963E+00
"c1                                                                                                                    "
   1335.020, -70664.970, 4.3323E+00, 8.3899E+00, 9.9854E-01, 3.8574E+00,-1.9897E-01, 5.0159E+00,-3.1250E-01, 6.1938E+00
"c2                                                                                                                    "
   1810.540, -70189.450, 4.2981E+00, 8.3496E+00,-3.2227E-01, 2.5696E+00,-2.0508E-01, 5.0134E+00,-3.3325E-01, 6.1731E+00
"c1                                                                                                                    "
   1811.180, -70188.810, 4.2505E+00, 8.3411E+00,-3.2959E-01, 2.5586E+00,-2.0020E-01, 5.0146E+00,-3.3325E-01, 6.1707E+00
"b1                                                                                                                    "
   1817.580, -70182.410, 4.2017E+00, 8.2739E+00,-3.3569E-01, 2.5562E+00,-2.0386E-01, 5.0146E+00,-3.3569E-01, 6.1707E+00
"np                                                                                                                    "
   1845.100, -70154.890, 1.0217E+00, 5.0952E+00,-3.3691E-01, 2.5562E+00,-2.0630E-01, 5.0146E+00,-3.2959E-01, 6.1755E+00
"a                                                                                                                     "
   1845.740, -70154.250, 2.6123E+00, 6.6272E+00,-3.3813E-01, 2.5537E+00,-2.0752E-01, 5.0134E+00,-3.3081E-01, 6.1768E+00
"b1                                                                                                                    "
   1853.420, -70146.570, 4.4849E+00, 8.5278E+00,-3.3691E-01, 2.5574E+00,-2.0264E-01, 5.0134E+00,-3.2959E-01, 6.1743E+00
"c1                                                                                                                    "
   1854.700, -70145.290, 4.2261E+00, 8.2800E+00,-3.3325E-01, 2.5562E+00,-2.0752E-01, 5.0122E+00,-3.3081E-01, 6.1731E+00
"c2                                                                                                                    "
   2009.580, -69990.410, 4.3677E+00, 8.4326E+00,-3.3936E-01, 2.5537E+00,-2.0386E-01, 5.0134E+00,-3.0640E-01, 6.2024E+00
"fb                                                                                                                    "
   2011.500, -69988.490, 4.2932E+00, 8.3508E+00,-3.4912E-01, 2.5452E+00,-2.0386E-01, 5.0134E+00,-3.0396E-01, 6.2024E+00
"b1s                                                                                                                   "
   2013.420, -69986.570, 4.4446E+00, 8.5022E+00,-3.5156E-01, 2.5439E+00,-2.0630E-01, 5.0134E+00,-3.0640E-01, 6.2000E+00
"c1                                                                                                                    "
   2015.340, -69984.650, 4.3994E+00, 8.4521E+00,-3.4790E-01, 2.5439E+00,-2.0752E-01, 5.0134E+00,-3.0396E-01, 6.2000E+00
"c2                                                                                                                    "
   2044.780, -69955.210, 4.2786E+00, 8.3838E+00,-3.5278E-01, 2.5403E+00,-2.0630E-01, 5.0134E+00,-3.0396E-01, 6.2012E+00
"b1                                                                                                                    "
   2051.820, -69948.170, 3.7463E+00, 7.9517E+00,-3.4912E-01, 2.5439E+00,-2.0874E-01, 5.0122E+00,-3.0884E-01, 6.1987E+00
"np                                                                                                                    "
   2704.940, -69295.050, 5.2856E-01, 4.2078E+00,-3.5034E-01, 2.5415E+00,-2.0386E-01, 5.0134E+00,-2.9297E-01, 6.2122E+00
"a                                                                                                                     "
   2706.220, -69293.770, 4.4031E+00, 8.4644E+00,-3.5034E-01, 2.5415E+00,-2.0142E-01, 5.0146E+00,-2.8931E-01, 6.2122E+00
"b1                                                                                                                    "
   2711.980, -69288.010, 5.4822E+00, 9.2957E+00,-3.4912E-01, 2.5415E+00,-2.0630E-01, 5.0134E+00,-2.9785E-01, 6.2085E+00
"c1                                                                                                                    "
   2715.180, -69284.810, 5.9351E+00, 9.9780E+00,-3.5034E-01, 2.5415E+00,-2.0630E-01, 5.0159E+00,-2.9785E-01, 6.2085E+00
"c2                                                                                                                    "
   2886.060, -69113.930, 4.4067E+00, 8.4644E+00,-3.5156E-01, 2.5403E+00,-2.0386E-01, 5.0134E+00,-3.1250E-01, 6.1902E+00
"f2                                                                                                                    "
   2889.260, -69110.730, 4.5129E+00, 8.5620E+00,-3.5400E-01, 2.5403E+00,-2.0630E-01, 5.0122E+00,-3.1860E-01, 6.1890E+00
"b                                                                                                                     "
   2891.180, -69108.810, 4.7278E+00, 8.7805E+00,-3.5645E-01, 2.5403E+00,-2.0630E-01, 5.0134E+00,-3.1738E-01, 6.1890E+00
"c1                                                                                                                    "
   2892.460, -69107.530, 4.3018E+00, 8.3655E+00,-3.5156E-01, 2.5403E+00,-2.0386E-01, 5.0122E+00,-3.1738E-01, 6.1877E+00
"c2                                                                                                                    "
   3092.950, -68861.130, 4.3689E+00, 8.4302E+00,-3.5278E-01, 2.5391E+00,-2.0142E-01, 5.0159E+00,-2.9785E-01, 6.2085E+00
"g                                                                                                                     "
   3767.140, -68861.130, 4.3689E+00, 8.4302E+00,-3.5278E-01, 2.5391E+00,-2.0142E-01, 5.0159E+00,-2.9785E-01, 6.2085E+00
"c2                                                                                                                    "
   3785.200, -68215.370, 4.3323E+00, 8.3667E+00,-3.4790E-01, 2.5415E+00,-2.0630E-01, 5.0146E+00,-3.2837E-01, 6.1792E+00
"np                                                                                                                    "
   4305.580, -67694.410, 3.5718E+00, 7.9016E+00,-3.5400E-01, 2.5391E+00,-2.0874E-01, 5.0122E+00,-3.4180E-01, 6.1658E+00
"a                                                                                                                     "
   4306.220, -67693.770, 4.0796E+00, 8.1470E+00,-3.5400E-01, 2.5391E+00,-2.0508E-01, 5.0122E+00,-3.4180E-01, 6.1658E+00
"b1                                                                                                                    "
   4330.540, -67669.450, 3.0933E+00, 7.1680E+00,-3.5400E-01, 2.5391E+00,-2.0752E-01, 5.0134E+00,-3.4180E-01, 6.1646E+00
"np                                                                                                                    "
   4359.340, -67640.650,-5.7495E-01, 3.5596E+00,-3.5278E-01, 2.5391E+00,-2.0752E-01, 5.0122E+00,-3.4180E-01, 6.1646E+00
"a                                                                                                                     "
   4360.620, -67639.370, 4.6069E+00, 8.6621E+00,-3.5278E-01, 2.5391E+00,-2.0630E-01, 5.0122E+00,-3.4302E-01, 6.1658E+00
"b1                                                                                                                    "
   4367.660, -67632.330, 4.4922E+00, 8.5522E+00,-3.5522E-01, 2.5391E+00,-2.0996E-01, 5.0122E+00,-3.4058E-01, 6.1658E+00
"c1                                                                                                                    "
   4368.300, -67631.690, 4.2395E+00, 8.2935E+00,-3.5156E-01, 2.5391E+00,-2.0508E-01, 5.0134E+00,-3.4424E-01, 6.1658E+00
"c2                                                                                                                    "
   4448.300, -67551.690, 4.2346E+00, 8.2935E+00,-3.4912E-01, 2.5391E+00,-2.0508E-01, 5.0134E+00,-3.4302E-01, 6.1658E+00
"b1s                                                                                                                   "
   4453.420, -67546.570, 4.3640E+00, 8.4277E+00,-3.5522E-01, 2.5391E+00,-2.0508E-01, 5.0122E+00,-3.4058E-01, 6.1658E+00
"c1                                                                                                                    "
   4454.700, -67545.290, 4.2871E+00, 8.3472E+00,-3.5522E-01, 2.5391E+00,-2.0508E-01, 5.0134E+00,-3.3936E-01, 6.1646E+00
"c2                                                                                                                    "
   4729.540, -67270.450, 4.2163E+00, 8.2813E+00,-3.5278E-01, 2.5391E+00,-2.0386E-01, 5.0122E+00,-3.4180E-01, 6.1658E+00
"c1                                                                                                                    "
   4731.140, -67268.850, 4.1614E+00, 8.2288E+00,-3.5034E-01, 2.5391E+00,-2.0386E-01, 5.0134E+00,-3.4058E-01, 6.1658E+00
"c2                                                                                                                    "
   4873.540, -67126.450, 4.2090E+00, 8.2739E+00,-3.5156E-01, 2.5391E+00,-2.0508E-01, 5.0134E+00,-3.4058E-01, 6.1658E+00
"g                                                                                                                     "
   5167.940, -66832.050, 4.2261E+00, 8.2886E+00,-3.4790E-01, 2.5403E+00,-2.0386E-01, 5.0159E+00,-3.4058E-01, 6.1658E+00
"c1                                                                                                                    "
   5169.540, -66830.450, 4.6790E+00, 8.8806E+00,-3.4790E-01, 2.5403E+00,-2.0142E-01, 5.0146E+00,-3.4180E-01, 6.1658E+00
"c2                                                                                                                    "
   5220.090, -66780.850, 3.6853E+00, 7.7490E+00,-3.5034E-01, 2.5403E+00,-2.0508E-01, 5.0146E+00,-3.4302E-01, 6.1658E+00
"g                                                                                                                     "
   5570.200, -66433.650, 4.1272E+00, 8.1799E+00,-3.4668E-01, 2.5415E+00,-2.0264E-01, 5.0159E+00,-3.3936E-01, 6.1682E+00
"c2                                                                                                                    "
   5627.140, -66372.850, 3.7671E+00, 7.8308E+00,-3.5034E-01, 2.5415E+00,-2.0508E-01, 5.0159E+00,-3.3936E-01, 6.1670E+00
"g                                                                                                                     "
   6120.260, -65879.730, 4.3860E+00, 8.4265E+00,-3.4668E-01, 2.5415E+00,-2.0020E-01, 5.0159E+00,-3.3813E-01, 6.1694E+00
"c2                                                                                                                    "
   6206.020, -65793.970, 3.5486E+00, 7.6221E+00,-3.4912E-01, 2.5415E+00,-2.0508E-01, 5.0159E+00,-3.4058E-01, 6.1694E+00
"g                                                                                                                     "
   6294.660, -65705.330, 4.5166E-01, 4.5667E+00,-3.5034E-01, 2.5415E+00,-2.0264E-01, 5.0159E+00,-3.3691E-01, 6.1682E+00
"np                                                                                                                    "
   6358.660, -65641.330, 4.6143E-01, 4.5740E+00,-3.4668E-01, 2.5415E+00,-1.4771E-01, 5.0745E+00,-3.3691E-01, 6.1694E+00
"g                                                                                                                     "
   6582.660, -65417.330, 4.7241E-01, 5.5139E+00,-3.4668E-01, 2.5415E+00,-2.0630E-01, 5.0159E+00,-3.3936E-01, 6.1682E+00
"np                                                                                                                    "
   6617.860, -65382.130,-5.7617E-01, 3.5535E+00,-3.4790E-01, 2.5403E+00,-2.0142E-01, 5.0159E+00,-3.3569E-01, 6.1682E+00
"a                                                                                                                     "
   6619.460, -65380.530, 3.8831E+00, 7.9590E+00,-3.4790E-01, 2.5415E+00,-2.0386E-01, 5.0159E+00,-3.3569E-01, 6.1694E+00
"b1                                                                                                                    "
   6645.060, -65354.930, 2.4036E+00, 6.4978E+00,-3.4790E-01, 2.5415E+00,-2.0630E-01, 5.0159E+00,-3.3936E-01, 6.1694E+00
"b2                                                                                                                    "
   6647.620, -65352.370, 2.4670E+00, 6.5820E+00,-3.4790E-01, 2.5415E+00,-2.0020E-01, 5.0159E+00,-3.3569E-01, 6.1694E+00
"b1                                                                                                                    "
   6678.980, -65321.010, 2.7405E+00, 6.8079E+00,-3.4790E-01, 2.5415E+00,-1.9775E-01, 5.0220E+00,-3.3691E-01, 6.1694E+00
"c1                                                                                                                    "
   6682.180, -65317.810, 2.9785E+00, 7.0764E+00,-3.5034E-01, 2.5415E+00,-2.0020E-01, 5.0220E+00,-3.4180E-01, 6.1694E+00
"c2                                                                                                                    "
   6703.300, -65296.690, 3.0029E+00, 7.0837E+00,-3.4668E-01, 2.5415E+00,-1.9897E-01, 5.0195E+00,-3.3691E-01, 6.1694E+00
"c1                                                                                                                    "
   6705.220, -65294.770, 3.2080E+00, 7.2815E+00,-3.4424E-01, 2.5415E+00,-1.9653E-01, 5.0220E+00,-3.4058E-01, 6.1694E+00
"c2                                                                                                                    "
   6778.180, -65221.810, 2.9297E+00, 7.0117E+00,-3.4912E-01, 2.5415E+00,-2.0264E-01, 5.0171E+00,-3.3691E-01, 6.1682E+00
"f1                                                                                                                    "
   6780.740, -65219.250, 3.1323E+00, 7.1802E+00,-3.5034E-01, 2.5415E+00,-2.0386E-01, 5.0122E+00,-3.3936E-01, 6.1694E+00
"b1s                                                                                                                   "
   6783.300, -65216.690, 3.2617E+00, 7.3425E+00,-3.5034E-01, 2.5415E+00,-1.2451E-01, 5.0415E+00,-3.3813E-01, 6.1694E+00
"c1                                                                                                                    "
   6784.580, -65215.410, 3.8940E+00, 8.0725E+00,-3.5034E-01, 2.5415E+00,-1.9287E-01, 5.0232E+00,-3.3691E-01, 6.1682E+00
"c2                                                                                                                    "
   6786.500, -65213.490, 3.1006E+00, 7.1680E+00,-3.4912E-01, 2.5415E+00,-1.9897E-01, 5.0183E+00,-3.3691E-01, 6.1682E+00
"c1                                                                                                                    "
   6787.780, -65212.210, 3.0469E+00, 7.1436E+00,-3.4912E-01, 2.5415E+00,-1.9531E-01, 5.0208E+00,-3.3813E-01, 6.1694E+00
"f4                                                                                                                    "
   6792.900, -65207.090, 3.0859E+00, 7.1594E+00,-3.4790E-01, 2.5415E+00,-1.9531E-01, 5.0220E+00,-3.3447E-01, 6.1694E+00
"b1s                                                                                                                   "
   6796.740, -65203.250, 3.0994E+00, 7.1375E+00,-3.4668E-01, 2.5415E+00,-2.0020E-01, 5.0171E+00,-3.3691E-01, 6.1694E+00
"c1                                                                                                                    "
   6798.020, -65201.970, 3.5876E+00, 7.8613E+00,-3.4546E-01, 2.5415E+00,-2.0264E-01, 5.0159E+00,-3.3813E-01, 6.1694E+00
"c2                                                                                                                    "
   6961.860, -65038.130, 3.8245E+00, 7.8870E+00,-3.4790E-01, 2.5415E+00,-2.0508E-01, 5.0122E+00,-3.3936E-01, 6.1682E+00
"c1                                                                                                                    "
   6962.500, -65037.490, 3.1726E+00, 7.2534E+00,-3.4912E-01, 2.5403E+00,-1.8921E-01, 5.0244E+00,-3.3569E-01, 6.1682E+00
"f2                                                                                                                    "
   6964.420, -65035.570, 3.3167E+00, 7.3889E+00,-3.4790E-01, 2.5415E+00,-1.9775E-01, 5.0183E+00,-3.3691E-01, 6.1682E+00
"b1s                                                                                                                   "
   6966.340, -65033.650, 3.6621E+00, 7.7246E+00,-3.4912E-01, 2.5403E+00,-2.0142E-01, 5.0171E+00,-3.3691E-01, 6.1682E+00
"c1                                                                                                                    "
   6967.620, -65032.370, 3.8342E+00, 7.7930E+00,-3.4790E-01, 2.5415E+00,-2.0020E-01, 5.0159E+00,-3.3936E-01, 6.1682E+00
"c2                                                                                                                    "
   6970.820, -65029.170, 3.1580E+00, 7.2205E+00,-3.4790E-01, 2.5415E+00,-2.0508E-01, 5.0146E+00,-3.3691E-01, 6.1694E+00
"f4                                                                                                                    "
   6974.660, -65025.330, 3.5742E+00, 7.6904E+00,-3.5156E-01, 2.5415E+00,-2.0386E-01, 5.0171E+00,-3.3813E-01, 6.1694E+00
"b1s                                                                                                                   "
   6975.940, -65024.050, 3.5645E+00, 7.6306E+00,-3.4912E-01, 2.5415E+00,-2.0020E-01, 5.0171E+00,-3.3936E-01, 6.1682E+00
"c1                                                                                                                    "
   6976.580, -65023.410, 3.3313E+00, 7.4194E+00,-3.4912E-01, 2.5415E+00,-2.0752E-01, 5.0134E+00,-3.3936E-01, 6.1682E+00
"c2                                                                                                                    "
   7121.490, -64876.850, 3.4741E+00, 7.5391E+00,-3.4790E-01, 2.5403E+00,-2.0020E-01, 5.0159E+00,-3.3691E-01, 6.1694E+00
"f1                                                                                                                    "
   7122.030, -64863.410, 3.6133E+00, 7.6770E+00,-3.4790E-01, 2.5403E+00,-2.0142E-01, 5.0171E+00,-3.3813E-01, 6.1694E+00
"f2                                                                                                                    "
   7125.030, -64863.410, 3.6133E+00, 7.6770E+00,-3.4790E-01, 2.5403E+00,-2.0142E-01, 5.0171E+00,-3.3813E-01, 6.1694E+00
"f3                                                                                                                    "
   7131.420, -64863.410, 3.6133E+00, 7.6770E+00,-3.4790E-01, 2.5403E+00,-2.0142E-01, 5.0171E+00,-3.3813E-01, 6.1694E+00
"f4                                                                                                                    "
   7136.070, -64863.410, 3.6133E+00, 7.6770E+00,-3.4790E-01, 2.5403E+00,-2.0142E-01, 5.0171E+00,-3.3813E-01, 6.1694E+00
"fb                                                                                                                    "
   7144.900, -64855.090, 3.9331E+00, 7.9834E+00,-3.4912E-01, 2.5403E+00,-2.0264E-01, 5.0159E+00,-3.4058E-01, 6.1694E+00
"c2                                                                                                                    "
   7598.660, -64401.330, 4.0759E+00, 8.3044E+00,-3.5034E-01, 2.5403E+00, 6.1890E-01, 5.8521E+00,-3.3813E-01, 6.1670E+00
"f1                                                                                                                    "
   7601.460, -64396.850, 3.9575E+00, 7.9944E+00,-3.5034E-01, 2.5403E+00, 7.2876E-01, 5.9387E+00,-3.4058E-01, 6.1682E+00
"fb                                                                                                                    "
   7603.140, -64396.850, 3.9575E+00, 7.9944E+00,-3.5034E-01, 2.5403E+00, 7.2876E-01, 5.9387E+00,-3.4058E-01, 6.1682E+00
"b1s                                                                                                                   "
   7608.260, -64391.730, 4.1443E+00, 8.1995E+00,-3.4912E-01, 2.5403E+00, 6.6162E-01, 5.8679E+00,-3.3936E-01, 6.1682E+00
"c1                                                                                                                    "
   7609.540, -64390.450, 4.6582E+00, 8.7061E+00,-3.4668E-01, 2.5403E+00, 7.5195E-01, 5.9644E+00,-3.3813E-01, 6.1682E+00
"c2                                                                                                                    "
   7621.700, -64378.290, 4.0771E+00, 8.1458E+00,-3.5034E-01, 2.5403E+00, 7.8613E-01, 5.9937E+00,-3.4058E-01, 6.1670E+00
"c1                                                                                                                    "
   7622.980, -64377.010, 4.5972E+00, 8.6340E+00,-3.5034E-01, 2.5403E+00, 6.6650E-01, 5.8752E+00,-3.4058E-01, 6.1670E+00
"c2                                                                                                                    "
   7935.300, -64064.690, 4.1956E+00, 8.2727E+00,-3.4790E-01, 2.5391E+00, 9.3872E-01, 6.1719E+00,-3.2349E-01, 6.1816E+00
"c1                                                                                                                    "
   7935.210, -64062.130, 4.0503E+00, 8.1519E+00,-3.4790E-01, 2.5403E+00, 1.0217E+00, 6.2280E+00,-3.2593E-01, 6.1804E+00
"f1                                                                                                                    "
   7937.730, -64060.850, 4.2017E+00, 8.1787E+00,-3.5156E-01, 2.5403E+00, 1.0132E+00, 6.2244E+00,-3.2959E-01, 6.1792E+00
"f2                                                                                                                    "
   7939.230, -64060.850, 4.2017E+00, 8.1787E+00,-3.5156E-01, 2.5403E+00, 1.0132E+00, 6.2244E+00,-3.2959E-01, 6.1792E+00
"f3                                                                                                                    "
   7945.110, -64051.250, 4.2151E+00, 8.2690E+00,-3.4912E-01, 2.5391E+00, 7.6904E-01, 5.9851E+00,-3.2715E-01, 6.1816E+00
"f4                                                                                                                    "
   7948.650, -64051.250, 4.2151E+00, 8.2690E+00,-3.4912E-01, 2.5391E+00, 7.6904E-01, 5.9851E+00,-3.2715E-01, 6.1816E+00
"b1s                                                                                                                   "
   7951.300, -64048.690, 4.1248E+00, 8.1897E+00,-3.4668E-01, 2.5403E+00, 8.7769E-01, 6.0571E+00,-3.2959E-01, 6.1792E+00
"c1                                                                                                                    "
   7951.940, -64048.050, 4.4348E+00, 8.5376E+00,-3.4546E-01, 2.5403E+00, 1.0962E+00, 6.2537E+00,-3.2593E-01, 6.1804E+00
"c2                                                                                                                    "
   8421.700, -63578.290, 3.8464E+00, 7.9358E+00,-3.5278E-01, 2.5378E+00, 1.1621E+00, 6.3733E+00,-3.3569E-01, 6.1719E+00
"f2                                                                                                                    "
   8425.540, -63574.450, 4.0112E+00, 8.0811E+00,-3.5156E-01, 2.5391E+00, 1.1694E+00, 6.3770E+00,-3.3569E-01, 6.1719E+00
"b1s                                                                                                                   "
   8427.460, -63572.530, 4.1479E+00, 8.1641E+00,-3.4912E-01, 2.5391E+00, 1.1682E+00, 6.3745E+00,-3.3569E-01, 6.1719E+00
"c1                                                                                                                    "
   8429.380, -63570.610, 4.7131E+00, 8.7195E+00,-3.5156E-01, 2.5391E+00, 1.1450E+00, 6.3562E+00,-3.3691E-01, 6.1719E+00
"c2                                                                                                                    "
   8726.340, -63273.650, 3.9441E+00, 8.0518E+00,-3.5278E-01, 2.5366E+00, 1.1450E+00, 6.3513E+00,-3.3936E-01, 6.1707E+00
"f1                                                                                                                    "
   8730.180, -63269.810, 3.8757E+00, 7.9309E+00,-3.5278E-01, 2.5378E+00, 1.1426E+00, 6.3501E+00,-3.3447E-01, 6.1707E+00
"b1s                                                                                                                   "
   8731.460, -63268.530, 4.2346E+00, 8.2129E+00,-3.4790E-01, 2.5378E+00, 1.1499E+00, 6.3513E+00,-3.3569E-01, 6.1707E+00
"c1                                                                                                                    "
   8733.380, -63266.610, 3.9771E+00, 8.0359E+00,-3.5034E-01, 2.5366E+00, 1.1194E+00, 6.3293E+00,-3.3081E-01, 6.1707E+00
"b1s                                                                                                                   "
   8735.940, -63264.050, 3.9978E+00, 8.0884E+00,-3.5278E-01, 2.5378E+00, 1.1719E+00, 6.3586E+00,-3.3813E-01, 6.1707E+00
"c1                                                                                                                    "
   8737.220, -63262.770, 3.9307E+00, 8.0017E+00,-3.5278E-01, 2.5378E+00, 1.1646E+00, 6.3733E+00,-3.3813E-01, 6.1694E+00
"c2                                                                                                                    "
   9082.820, -62917.170, 3.9209E+00, 8.0017E+00,-3.4912E-01, 2.5366E+00, 1.1499E+00, 6.3550E+00,-3.3813E-01, 6.1670E+00
"f2                                                                                                                    "
   9084.740, -62915.250, 4.0332E+00, 8.0994E+00,-3.5156E-01, 2.5366E+00, 1.1475E+00, 6.3538E+00,-3.4058E-01, 6.1658E+00
"f3                                                                                                                    "
   9089.220, -62910.770, 3.9478E+00, 7.9480E+00,-3.5278E-01, 2.5366E+00, 1.1426E+00, 6.3489E+00,-3.3813E-01, 6.1670E+00
"f4                                                                                                                    "
   9093.060, -62906.930, 3.7122E+00, 7.7686E+00,-3.5034E-01, 2.5366E+00, 1.1414E+00, 6.3477E+00,-3.3691E-01, 6.1670E+00
"b1s                                                                                                                   "
   9095.620, -62904.370, 3.8806E+00, 7.9297E+00,-3.5156E-01, 2.5366E+00, 1.1548E+00, 6.3599E+00,-3.4058E-01, 6.1646E+00
"c2                                                                                                                    "
   9311.940, -62688.050, 3.6401E+00, 7.7014E+00,-3.5278E-01, 2.5354E+00, 1.0913E+00, 6.3013E+00,-3.3936E-01, 6.1670E+00
"f2                                                                                                                    "
   9314.250, -62686.130, 4.0234E+00, 8.1018E+00,-3.5278E-01, 2.5366E+00, 1.0828E+00, 6.2927E+00,-3.3936E-01, 6.1670E+00
"b1s                                                                                                                   "
   9315.140, -62684.850, 3.7634E+00, 7.8455E+00,-3.5156E-01, 2.5354E+00, 1.0974E+00, 6.3062E+00,-3.3813E-01, 6.1670E+00
"c1                                                                                                                    "
   9317.060, -62682.930, 3.7231E+00, 7.7917E+00,-3.5278E-01, 2.5366E+00, 1.0889E+00, 6.3000E+00,-3.4302E-01, 6.1670E+00
"b1s                                                                                                                   "
   9318.980, -62681.010, 3.8818E+00, 7.9211E+00,-3.5400E-01, 2.5366E+00, 1.0962E+00, 6.3074E+00,-3.4058E-01, 6.1670E+00
"c1                                                                                                                    "
   9320.260, -62679.730, 3.6768E+00, 7.7625E+00,-3.4912E-01, 2.5366E+00, 1.0889E+00, 6.2988E+00,-3.3936E-01, 6.1658E+00
"c2                                                                                                                    "
   9468.740, -62531.250, 3.6243E+00, 7.6917E+00,-3.5278E-01, 2.5354E+00, 8.6182E-01, 6.0718E+00,-3.3936E-01, 6.1646E+00
"f2                                                                                                                    "
   9471.940, -62528.050, 3.8159E+00, 7.8943E+00,-3.5278E-01, 2.5354E+00, 8.5571E-01, 6.0388E+00,-3.4424E-01, 6.1633E+00
"c1                                                                                                                    "
   9472.580, -62527.410, 3.8123E+00, 7.9016E+00,-3.5522E-01, 2.5354E+00, 1.1023E+00, 6.3098E+00,-3.4058E-01, 6.1646E+00
"c2                                                                                                                    "
   9596.740, -62403.250, 3.5913E+00, 7.6599E+00,-3.5278E-01, 2.5354E+00, 1.0571E+00, 6.2671E+00,-3.4180E-01, 6.1646E+00
"b1                                                                                                                    "
   9598.660, -62401.330,-4.8096E-01, 3.8562E+00,-3.5034E-01, 2.5342E+00, 1.0620E+00, 6.2708E+00,-3.4302E-01, 6.1646E+00
"np                                                                                                                    "
  10033.860, -61966.130,-4.3457E-01, 3.7000E+00,-3.5278E-01, 2.5342E+00, 9.0698E-01, 6.1133E+00,-3.4790E-01, 6.1609E+00
"a                                                                                                                     "
  10035.140, -61964.850, 3.5486E+00, 7.6233E+00,-3.5645E-01, 2.5342E+00, 9.1064E-01, 6.1218E+00,-3.4424E-01, 6.1609E+00
"b1                                                                                                                    "
  10048.580, -61951.410, 3.4045E+00, 7.5977E+00,-3.5645E-01, 2.5342E+00, 9.0332E-01, 6.1182E+00,-3.4302E-01, 6.1621E+00
"c1                                                                                                                    "
  10049.220, -61950.770, 3.5291E+00, 7.6050E+00,-3.5645E-01, 2.5342E+00, 9.1797E-01, 6.1267E+00,-3.4424E-01, 6.1609E+00
"b1                                                                                                                    "
  11401.580, -60598.410, 5.1392E-01, 5.5640E+00,-3.5522E-01, 2.5317E+00, 9.8999E-01, 6.1914E+00,-3.4790E-01, 6.1597E+00
"np                                                                                                                    "
  36003.820, -35996.170,-6.5063E-01, 3.4863E+00, 3.5889E-01, 3.2251E+00,-2.0996E-01, 5.0098E+00,-3.6987E-01, 6.1389E+00
