"NP                                                                                                                    "
     14.730, -71985.260, 2.1106E+00, 5.2673E+00,-3.6377E-01, 2.5269E+00,-2.1362E-01, 5.0098E+00,-3.6743E-01, 6.1438E+00
"G                                                                                                                     "
    107.640, -71892.350, 3.8330E-01, 4.6814E+00,-3.5400E-01, 2.5305E+00,-2.1484E-01, 5.0098E+00,-3.3447E-01, 6.1719E+00
"Z                                                                                                                     "
   1390.290, -70609.700, 2.1143E+00, 6.1890E+00, 8.2764E-01, 3.6841E+00,-2.1240E-01, 5.0110E+00,-3.4058E-01, 6.1658E+00
"G                                                                                                                     "
   1923.520, -70076.470, 1.7944E-01, 4.5068E+00,-1.8799E-01, 2.6929E+00,-2.1118E-01, 5.0110E+00,-3.6499E-01, 6.1499E+00
"Z                                                                                                                     "
   1933.900, -70066.090, 2.9602E+00, 7.0117E+00,-1.7578E-01, 2.7002E+00,-2.1118E-01, 5.0122E+00,-3.6255E-01, 6.1511E+00
"G                                                                                                                     "
   1950.730, -70049.260, 2.9260E+00, 7.0044E+00,-1.8311E-01, 2.7014E+00,-2.1240E-01, 5.0122E+00,-3.6621E-01, 6.1511E+00
"D                                                                                                                     "
   1956.610, -70043.380, 2.8931E+00, 6.9775E+00,-1.7700E-01, 2.7026E+00,-2.1118E-01, 5.0122E+00,-3.5400E-01, 6.1523E+00
"G                                                                                                                     "
   1960.330, -70039.660, 2.2021E+00, 6.2915E+00,-1.8188E-01, 2.7014E+00,-2.1118E-01, 5.0122E+00,-3.5767E-01, 6.1511E+00
"D                                                                                                                     "
   1964.230, -70035.760, 2.4988E+00, 6.7627E+00,-1.7456E-01, 2.7063E+00,-2.1240E-01, 5.0122E+00,-3.6011E-01, 6.1487E+00
"G                                                                                                                     "
   1965.340, -70034.650, 3.3618E+00, 7.3035E+00,-1.7334E-01, 2.7063E+00,-2.0996E-01, 5.0122E+00,-3.6255E-01, 6.1475E+00
"D                                                                                                                     "
   1968.220, -70031.770, 2.9529E+00, 7.0825E+00,-1.7212E-01, 2.7087E+00,-2.1240E-01, 5.0122E+00,-3.6133E-01, 6.1523E+00
"F2                                                                                                                    "
   1972.210, -70027.780, 2.9846E+00, 7.1973E+00,-1.7334E-01, 2.7100E+00,-2.0996E-01, 5.0122E+00,-3.6011E-01, 6.1511E+00
"D                                                                                                                     "
   2128.810, -69871.180, 2.7551E+00, 6.8311E+00,-1.4648E-01, 2.7332E+00,-2.1118E-01, 5.0122E+00,-3.6255E-01, 6.1487E+00
"F2                                                                                                                    "
   2131.060, -69868.930, 2.6697E+00, 6.7798E+00,-1.4648E-01, 2.7332E+00,-2.1118E-01, 5.0122E+00,-3.6743E-01, 6.1487E+00
"B                                                                                                                     "
   2131.930, -69868.060, 2.9199E+00, 6.9971E+00,-1.4771E-01, 2.7344E+00,-2.1362E-01, 5.0122E+00,-3.6743E-01, 6.1475E+00
"C                                                                                                                     "
   2132.410, -69867.580, 3.0750E+00, 7.1411E+00,-1.5259E-01, 2.7332E+00,-2.1118E-01, 5.0122E+00,-3.6011E-01, 6.1487E+00
"D                                                                                                                     "
   2427.700, -69572.290, 2.7979E+00, 6.8933E+00,-3.5034E-01, 2.5452E+00,-2.1362E-01, 5.0110E+00,-3.6133E-01, 6.1499E+00
"F2                                                                                                                    "
   2429.980, -69570.010, 2.6831E+00, 6.7200E+00,-3.6377E-01, 2.5256E+00,-2.1240E-01, 5.0122E+00,-3.6377E-01, 6.1487E+00
"B                                                                                                                     "
   2430.970, -69569.020, 2.9456E+00, 7.0337E+00,-3.5522E-01, 2.5342E+00,-2.1240E-01, 5.0110E+00,-3.6621E-01, 6.1499E+00
"C                                                                                                                     "
   2431.600, -69568.390, 2.9614E+00, 7.0740E+00,-3.5522E-01, 2.5330E+00,-2.1240E-01, 5.0122E+00,-3.6743E-01, 6.1487E+00
"D                                                                                                                     "
   2720.650, -69279.340, 2.6599E+00, 6.7554E+00, 1.3330E+00, 4.1821E+00,-2.1118E-01, 5.0122E+00,-3.6377E-01, 6.1499E+00
"F2                                                                                                                    "
   2722.660, -69277.330, 2.7258E+00, 6.8201E+00, 1.0217E+00, 3.9355E+00,-2.1118E-01, 5.0122E+00,-3.5889E-01, 6.1536E+00
"B                                                                                                                     "
   2723.650, -69276.340, 2.8992E+00, 6.9824E+00, 1.3147E+00, 4.1626E+00,-2.1240E-01, 5.0122E+00,-3.6499E-01, 6.1499E+00
"D                                                                                                                     "
   2877.100, -69122.890, 2.6648E+00, 6.7957E+00,-3.4668E-01, 2.5391E+00,-2.1118E-01, 5.0122E+00,-3.5645E-01, 6.1548E+00
"F2                                                                                                                    "
   2878.900, -69121.090, 2.7856E+00, 6.8176E+00,-3.4546E-01, 2.5403E+00,-2.1118E-01, 5.0122E+00,-3.6499E-01, 6.1499E+00
"FB                                                                                                                    "
   2883.310, -69116.680, 2.8687E+00, 6.9958E+00,-3.2959E-01, 2.5500E+00,-2.1118E-01, 5.0122E+00,-3.6255E-01, 6.1536E+00
"D                                                                                                                     "
   2894.320, -69105.670, 2.9907E+00, 7.0654E+00,-1.2451E+00, 1.8445E+00,-2.1118E-01, 5.0122E+00,-3.5645E-01, 6.1511E+00
"G                                                                                                                     "
   6613.870, -65386.120, 1.9617E+00, 6.1011E+00, 1.5454E+00, 4.4031E+00,-2.0630E-01, 5.0146E+00,-3.5400E-01, 6.1548E+00
"Z                                                                                                                     "
   6755.680, -65244.310, 1.3623E+00, 5.4578E+00, 1.3452E+00, 4.1968E+00,-2.0874E-01, 5.0146E+00,-3.5889E-01, 6.1536E+00
"G                                                                                                                     "
  10639.820,   -192.250, 1.7090E-02, 4.1846E+00,-3.2349E-01, 2.5562E+00,-2.0264E-01, 5.0183E+00,-3.4668E-01, 6.1633E+00
"Z                                                                                                                     "
  10659.080,   -172.990, 1.8311E-02, 4.1382E+00,-3.2349E-01, 2.5562E+00,-2.0264E-01, 5.0171E+00,-3.4424E-01, 6.1621E+00
"G                                                                                                                     "
  10872.590,     40.520, 4.3213E-01, 4.7095E+00,-3.1982E-01, 2.5598E+00,-2.0386E-01, 5.0159E+00,-3.5278E-01, 6.1572E+00
"Z                                                                                                                     "
  10942.610,    110.540, 2.1167E+00, 5.8423E+00,-3.2349E-01, 2.5586E+00,-2.0752E-01, 5.0159E+00,-3.5645E-01, 6.1560E+00
"G                                                                                                                     "
  11001.530,    169.460,-2.0752E-02, 4.2725E+00,-3.2471E-01, 2.5574E+00,-2.0630E-01, 5.0146E+00,-3.6011E-01, 6.1536E+00
"Z                                                                                                                     "
  11024.300,    192.230, 2.0728E+00, 5.8716E+00,-3.2593E-01, 2.5574E+00,-2.0630E-01, 5.0146E+00,-3.6133E-01, 6.1536E+00
"G                                                                                                                     "
  11098.160,    266.090,-8.5449E-02, 4.0747E+00,-3.2715E-01, 2.5562E+00,-2.0752E-01, 5.0146E+00,-3.5889E-01, 6.1536E+00
"Z                                                                                                                     "
  11120.420,    288.350, 2.0337E+00, 5.3687E+00,-3.2593E-01, 2.5549E+00,-2.0874E-01, 5.0146E+00,-3.5645E-01, 6.1536E+00
"G                                                                                                                     "
  11127.170,    295.100,-4.3945E-02, 4.0967E+00,-3.3203E-01, 2.5513E+00,-2.0874E-01, 5.0146E+00,-3.5889E-01, 6.1523E+00
"Z                                                                                                                     "
  11139.920,    307.850, 1.9849E+00, 6.0046E+00,-3.2715E-01, 2.5525E+00,-2.0752E-01, 5.0146E+00,-3.5156E-01, 6.1523E+00
"G                                                                                                                     "
  11181.140,    349.070, 1.4648E-02, 4.2163E+00,-3.3325E-01, 2.5500E+00,-2.0996E-01, 5.0134E+00,-3.5889E-01, 6.1523E+00
"Z                                                                                                                     "
  11394.260,    562.190, 2.0300E+00, 5.6653E+00,-3.2593E-01, 2.5549E+00,-2.0996E-01, 5.0134E+00,-3.5889E-01, 6.1499E+00
"G                                                                                                                     "
  11414.030,    581.960, 7.5195E-01, 4.8914E+00,-3.2593E-01, 2.5562E+00,-2.0996E-01, 5.0134E+00,-3.6499E-01, 6.1499E+00
"Z                                                                                                                     "
  11561.840,    729.770, 2.0947E+00, 6.0376E+00,-3.2593E-01, 2.5525E+00,-2.0874E-01, 5.0122E+00,-3.6133E-01, 6.1487E+00
"G                                                                                                                     "
  11745.410,    913.340,-1.4282E-01, 4.0149E+00,-3.0884E-01, 2.5708E+00,-2.0874E-01, 5.0122E+00,-3.6255E-01, 6.1475E+00
"Z                                                                                                                     "
  11790.530,    958.460,-1.3672E-01, 3.9893E+00,-3.0518E-01, 2.5757E+00,-2.1118E-01, 5.0122E+00,-3.6621E-01, 6.1475E+00
"G                                                                                                                     "
  11839.670,   1007.600,-1.1353E-01, 4.0344E+00,-2.9175E-01, 2.5867E+00,-2.0996E-01, 5.0122E+00,-3.6133E-01, 6.1487E+00
"Z                                                                                                                     "
  11844.530,   1012.460,-1.3062E-01, 4.0039E+00,-2.9419E-01, 2.5867E+00,-2.1118E-01, 5.0122E+00,-3.6011E-01, 6.1475E+00
"G                                                                                                                     "
  12128.810,   1296.740, 2.2839E+00, 6.3782E+00,-2.8076E-01, 2.6013E+00,-2.1118E-01, 5.0110E+00,-3.6621E-01, 6.1475E+00
"DG                                                                                                                    "
  12218.840,   1386.770, 2.2522E+00, 6.3391E+00,-2.7710E-01, 2.6025E+00,-2.1240E-01, 5.0110E+00,-3.6011E-01, 6.1475E+00
"G                                                                                                                     "
  12456.230,   1624.160,-1.8555E-01, 3.9758E+00,-2.7466E-01, 2.6038E+00,-2.1240E-01, 5.0110E+00,-3.6011E-01, 6.1475E+00
"Z                                                                                                                     "
  12481.190,   1649.120, 1.8970E+00, 5.6226E+00,-2.8320E-01, 2.5952E+00,-2.1118E-01, 5.0122E+00,-3.6255E-01, 6.1475E+00
"G                                                                                                                     "
  12514.100,   1682.030,-2.2949E-01, 3.9319E+00,-2.7588E-01, 2.6038E+00,-2.1118E-01, 5.0110E+00,-3.6255E-01, 6.1462E+00
"Z                                                                                                                     "
  12705.590,   1873.520,-1.7090E-02, 4.1003E+00,-2.8442E-01, 2.5928E+00,-2.1240E-01, 5.0110E+00,-3.6255E-01, 6.1475E+00
"G                                                                                                                     "
  12728.240,   1896.170,-6.8359E-02, 4.1296E+00,-2.8442E-01, 2.5928E+00,-2.1240E-01, 5.0110E+00,-3.6377E-01, 6.1475E+00
"Z                                                                                                                     "
  13002.170,   2170.100, 1.4355E+00, 5.3284E+00,-3.5889E-01, 2.5244E+00,-2.0996E-01, 5.0122E+00,-3.6255E-01, 6.1475E+00
"G                                                                                                                     "
  18234.200,   7402.130, 7.0435E-01, 4.5789E+00,-2.9419E-01, 2.5793E+00,-2.0996E-01, 5.0122E+00,-3.5522E-01, 6.1511E+00
"DG                                                                                                                    "
  18275.510,   7443.440, 2.4072E+00, 6.6040E+00,-2.8320E-01, 2.5903E+00,-2.0996E-01, 5.0122E+00,-3.5522E-01, 6.1499E+00
"DG                                                                                                                    "
  18276.890,   7444.820, 2.1228E+00, 6.2524E+00,-2.8809E-01, 2.5903E+00,-2.0752E-01, 5.0134E+00,-3.6011E-01, 6.1511E+00
"F2                                                                                                                    "
  18280.520,   7448.450, 1.9360E+00, 6.0388E+00,-2.8931E-01, 2.5854E+00,-2.0874E-01, 5.0134E+00,-3.5645E-01, 6.1499E+00
"B                                                                                                                     "
  18282.680,   7450.610, 2.2375E+00, 6.3293E+00,-2.8442E-01, 2.5891E+00,-2.0752E-01, 5.0122E+00,-3.5645E-01, 6.1511E+00
"D                                                                                                                     "
  18355.880,   7523.810, 2.4377E+00, 6.5137E+00,-2.8931E-01, 2.5854E+00,-2.0874E-01, 5.0122E+00,-3.6133E-01, 6.1499E+00
"G                                                                                                                     "
  18435.320,   7603.250, 7.0923E-01, 5.1917E+00,-2.9053E-01, 2.5867E+00,-2.0996E-01, 5.0122E+00,-3.6377E-01, 6.1511E+00
"Z                                                                                                                     "
  18454.250,   7622.180, 2.0215E+00, 6.0559E+00,-2.9663E-01, 2.5781E+00,-2.0996E-01, 5.0122E+00,-3.5889E-01, 6.1499E+00
"G                                                                                                                     "
  23586.320,  12754.250, 4.3823E-01, 4.5508E+00,-1.9043E-01, 2.6855E+00,-2.1240E-01, 5.0122E+00, 3.6121E+00, 9.9988E+00
"D                                                                                                                     "
  23613.500,  12781.430, 1.8762E+00, 5.9717E+00,-1.8433E-01, 2.6855E+00,-2.0874E-01, 5.0122E+00, 3.6230E+00, 9.9988E+00
"F2                                                                                                                    "
  23617.220,  12785.150, 2.2070E+00, 6.3135E+00,-1.9531E-01, 2.6782E+00,-2.1118E-01, 5.0122E+00, 3.5913E+00, 9.9988E+00
"B                                                                                                                     "
  23619.500,  12787.430, 2.1008E+00, 6.2341E+00,-1.9287E-01, 2.6831E+00,-2.0874E-01, 5.0122E+00, 3.6060E+00, 9.9988E+00
"D                                                                                                                     "
  23701.760,  12869.690, 2.1765E+00, 6.3098E+00,-1.9043E-01, 2.6819E+00,-2.0996E-01, 5.0122E+00, 3.5950E+00, 9.9768E+00
"F2                                                                                                                    "
  23705.270,  12873.200, 1.8494E+00, 5.9363E+00,-1.9653E-01, 2.6770E+00,-2.0752E-01, 5.0122E+00, 3.5815E+00, 9.9878E+00
"B                                                                                                                     "
  23709.440,  12877.370, 2.1265E+00, 6.2598E+00,-1.9531E-01, 2.6794E+00,-2.0874E-01, 5.0122E+00, 3.5718E+00, 9.9902E+00
"D                                                                                                                     "
  23771.990,  12939.920, 2.2925E+00, 6.3818E+00,-1.9165E-01, 2.6819E+00,-2.1118E-01, 5.0134E+00, 3.5999E+00, 9.9988E+00
"F2                                                                                                                    "
  23774.180,  12942.110, 2.0215E+00, 6.1328E+00,-1.9165E-01, 2.6807E+00,-2.1362E-01, 5.0134E+00, 3.6096E+00, 9.9988E+00
"G                                                                                                                     "
  26619.650,  15787.580, 4.9927E-01, 4.6094E+00,-3.2227E-01, 2.5537E+00,-2.1484E-01, 5.0110E+00, 3.5730E+00, 9.9866E+00
"DG                                                                                                                    "
  26642.000,  15809.930, 1.9446E+00, 6.0059E+00,-3.2471E-01, 2.5549E+00,-2.0996E-01, 5.0110E+00, 3.5669E+00, 9.9841E+00
"F2                                                                                                                    "
  26644.610,  15812.540, 1.9080E+00, 5.9399E+00,-3.2349E-01, 2.5549E+00,-2.1240E-01, 5.0110E+00, 3.5767E+00, 9.9841E+00
"FB                                                                                                                    "
  26647.220,  15815.150, 2.1777E+00, 6.2476E+00,-3.1860E-01, 2.5537E+00,-2.1484E-01, 5.0110E+00, 3.5803E+00, 9.9780E+00
"D                                                                                                                     "
  26793.800,  15961.730, 8.8867E-01, 5.5225E+00,-3.2837E-01, 2.5500E+00,-2.1240E-01, 5.0122E+00, 3.5400E+00, 9.9451E+00
"DG                                                                                                                    "
  26823.560,  15991.490, 2.0227E+00, 6.1707E+00,-3.1982E-01, 2.5537E+00,-2.0874E-01, 5.0122E+00, 3.5083E+00, 9.9255E+00
"G                                                                                                                     "
  29015.270,  18183.200, 1.2695E+00, 5.1611E+00,-3.4058E-01, 2.5366E+00,-2.1240E-01, 5.0110E+00, 3.2727E+00, 9.7534E+00
"CG                                                                                                                    "
  29028.140,  18196.070, 3.3252E+00, 7.1130E+00,-3.3936E-01, 2.5378E+00,-2.0996E-01, 5.0110E+00, 3.3984E+00, 9.8035E+00
"D                                                                                                                     "
  29065.280,  18233.210, 1.8750E+00, 6.0413E+00,-3.4424E-01, 2.5366E+00,-2.1240E-01, 5.0110E+00, 3.4399E+00, 9.8535E+00
"DG                                                                                                                    "
  29118.050,  18285.980, 1.1108E-01, 4.3481E+00,-3.4302E-01, 2.5366E+00,-2.1240E-01, 5.0110E+00, 3.4106E+00, 9.8376E+00
"G                                                                                                                     "
  33411.140,  22579.070, 1.9031E+00, 5.9937E+00,-3.2227E-01, 2.5549E+00,-2.0752E-01, 5.0146E+00, 3.3179E+00, 9.7559E+00
"CG                                                                                                                    "
  33427.940,  22595.870, 2.0947E+00, 6.0815E+00,-3.2349E-01, 2.5549E+00,-2.0630E-01, 5.0146E+00, 3.2837E+00, 9.7229E+00
"D                                                                                                                     "
  33485.150,  22653.080, 2.4243E+00, 6.5210E+00,-3.2837E-01, 2.5537E+00,-2.0874E-01, 5.0146E+00, 3.2300E+00, 9.6899E+00
"DG                                                                                                                    "
  33552.320,  22720.250, 2.4426E+00, 6.5186E+00,-3.2349E-01, 2.5549E+00,-2.0874E-01, 5.0146E+00, 3.2703E+00, 9.7156E+00
"G                                                                                                                     "
  36000.020,  25167.950, 7.9468E-01, 4.9072E+00,-3.2837E-01, 2.5537E+00,-2.0508E-01, 5.0146E+00, 3.1848E+00, 9.6130E+00
