"NP                                                                                                                    "
   5583.810, -66416.180,-6.4819E-01, 3.4937E+00,-1.1719E-01, 2.7100E+00,-2.6123E-01, 4.9646E+00,-3.3813E-01, 6.1707E+00
"P                                                                                                                     "
   5621.640, -66378.350,-6.4819E-01, 3.4937E+00,-2.5024E-01, 2.6392E+00,-2.6245E-01, 4.9634E+00,-4.4067E-01, 6.0168E+00
"Z                                                                                                                     "
   5714.850, -66285.140,-6.4697E-01, 3.4937E+00,-2.3071E-01, 2.6563E+00,-2.5513E-01, 4.9707E+00,-1.9653E-01, 6.2537E+00
"P                                                                                                                     "
   5741.730, -66258.260,-6.5063E-01, 3.4937E+00,-1.6724E-01, 2.7136E+00,-2.5391E-01, 4.9707E+00,-6.2622E-01, 5.8948E+00
"B2                                                                                                                    "
   5745.630, -66254.360,-6.4575E-01, 3.4937E+00,-2.4780E-01, 2.6355E+00,-2.5513E-01, 4.9707E+00,-6.2256E-01, 5.8936E+00
"P                                                                                                                     "
   5773.380, -66226.610,-6.4697E-01, 3.4924E+00,-1.9775E-01, 2.6831E+00,-2.5391E-01, 4.9731E+00,-3.4546E-01, 6.1340E+00
"Z                                                                                                                     "
   5789.250, -66210.740,-6.4941E-01, 3.4937E+00,-2.2339E-01, 2.6587E+00,-2.5391E-01, 4.9731E+00,-2.8564E-01, 6.2048E+00
"P                                                                                                                     "
   5810.070, -66189.920,-6.4819E-01, 3.4937E+00,-2.6733E-01, 2.6233E+00,-2.5635E-01, 4.9695E+00,-1.1572E+00, 5.3723E+00
"B2                                                                                                                    "
   5813.280, -66186.710,-6.4697E-01, 3.4937E+00,-2.5879E-01, 2.6270E+00,-2.5391E-01, 4.9695E+00,-9.7656E-01, 5.5469E+00
"P                                                                                                                     "
   5853.000, -66146.990,-6.4697E-01, 3.4937E+00,-3.3081E-01, 2.5500E+00,-2.5513E-01, 4.9707E+00,-8.6548E-01, 5.6445E+00
"B2                                                                                                                    "
   5857.200, -66142.790,-6.4819E-01, 3.4937E+00,-3.3447E-01, 2.5623E+00,-2.5635E-01, 4.9695E+00,-7.6660E-01, 5.7495E+00
"P                                                                                                                     "
   5968.830, -66031.160,-6.4819E-01, 3.4937E+00,-2.3804E-01, 2.6587E+00,-2.5269E-01, 4.9731E+00,-7.3853E-01, 5.7581E+00
"B2                                                                                                                    "
   5976.210, -66023.780,-6.4697E-01, 3.4937E+00,-2.9541E-01, 2.5977E+00,-2.5391E-01, 4.9731E+00,-6.8848E-01, 5.8398E+00
"P                                                                                                                     "
   6101.070, -65898.920,-6.4697E-01, 3.4949E+00,-3.3447E-01, 2.5635E+00,-2.5269E-01, 4.9731E+00,-7.1655E-01, 5.8118E+00
"B2                                                                                                                    "
   6105.570, -65894.420,-6.4575E-01, 3.4949E+00,-3.2593E-01, 2.5635E+00,-2.5146E-01, 4.9731E+00,-6.2134E-01, 5.9009E+00
"P                                                                                                                     "
   6207.240, -65792.750,-6.4575E-01, 3.4949E+00,-2.7344E-01, 2.5989E+00,-2.5269E-01, 4.9731E+00,-5.6274E-01, 5.9412E+00
"B2                                                                                                                    "
   6211.170, -65788.820,-6.4819E-01, 3.4949E+00,-3.3203E-01, 2.5635E+00,-2.5269E-01, 4.9731E+00,-5.7007E-01, 5.9436E+00
"P                                                                                                                     "
   6268.530, -65731.460,-6.4453E-01, 3.4961E+00,-3.0273E-01, 2.5891E+00,-2.5391E-01, 4.9744E+00,-3.5034E-01, 6.1755E+00
"C                                                                                                                     "
   6272.700, -65727.290,-6.4697E-01, 3.4961E+00,-3.8940E-01, 2.4939E+00,-2.5024E-01, 4.9744E+00,-1.5503E-01, 6.3550E+00
"D                                                                                                                     "
   6353.100, -65646.890,-6.4697E-01, 3.4961E+00,-2.9663E-01, 2.5989E+00,-2.5269E-01, 4.9756E+00,-1.6602E-01, 6.3513E+00
"F2                                                                                                                    "
   6357.720, -65642.270,-6.4209E-01, 3.4973E+00,-2.8809E-01, 2.5964E+00,-2.5024E-01, 4.9756E+00,-3.6377E-01, 6.1584E+00
"B                                                                                                                     "
   6359.790, -65640.200,-6.4453E-01, 3.4973E+00,-3.1494E-01, 2.5757E+00,-2.5391E-01, 4.9744E+00,-8.7891E-02, 6.4209E+00
"C                                                                                                                     "
   6361.140, -65638.850,-6.4453E-01, 3.4973E+00,-3.0762E-01, 2.5806E+00,-2.5513E-01, 4.9756E+00,-8.5449E-03, 6.5247E+00
"D                                                                                                                     "
   6410.190, -65589.800,-6.3843E-01, 3.4973E+00,-3.0396E-01, 2.5867E+00,-2.5146E-01, 4.9731E+00,-1.2085E-01, 6.3965E+00
"F2                                                                                                                    "
   6414.300, -65585.690,-6.4575E-01, 3.4961E+00,-3.5645E-01, 2.5415E+00,-2.5391E-01, 4.9731E+00,-2.2095E-01, 6.3354E+00
"B                                                                                                                     "
   6416.910, -65583.080,-6.4697E-01, 3.4973E+00,-3.2104E-01, 2.5684E+00,-2.5391E-01, 4.9731E+00, 1.0986E-02, 6.4709E+00
"C                                                                                                                     "
   6418.560, -65581.430,-6.4331E-01, 3.4973E+00,-3.5400E-01, 2.5366E+00,-2.5391E-01, 4.9731E+00, 6.8359E-02, 6.5784E+00
"D                                                                                                                     "
   6486.360, -65513.630,-6.4697E-01, 3.4973E+00,-3.7109E-01, 2.5122E+00,-2.5635E-01, 4.9707E+00,-6.2256E-02, 6.4563E+00
"F2                                                                                                                    "
   6490.320, -65509.670,-6.4331E-01, 3.4973E+00,-3.4790E-01, 2.5562E+00,-2.5635E-01, 4.9707E+00,-2.0264E-01, 6.3159E+00
"B                                                                                                                     "
   6492.900, -65507.090,-6.4087E-01, 3.4973E+00,-3.0029E-01, 2.6013E+00,-2.5391E-01, 4.9707E+00, 5.3711E-02, 6.5442E+00
"C                                                                                                                     "
   6494.580, -65505.410,-6.4331E-01, 3.4973E+00,-3.2837E-01, 2.5708E+00,-2.5269E-01, 4.9707E+00, 1.1353E-01, 6.6162E+00
"D                                                                                                                     "
   6602.580, -65397.410,-6.4819E-01, 3.4961E+00,-2.3926E-01, 2.6477E+00,-2.5879E-01, 4.9719E+00, 1.0498E-01, 6.6248E+00
"F2                                                                                                                    "
   6606.150, -65393.840,-6.4575E-01, 3.4973E+00,-2.8442E-01, 2.6160E+00,-2.5635E-01, 4.9719E+00, 3.2959E-02, 6.5784E+00
"B                                                                                                                     "
   6608.880, -65391.110,-6.4453E-01, 3.4961E+00,-2.6611E-01, 2.6282E+00,-2.5513E-01, 4.9719E+00, 9.7656E-02, 6.5967E+00
"C                                                                                                                     "
   6611.190, -65388.800,-6.4819E-01, 3.4973E+00,-2.9419E-01, 2.6050E+00,-2.5879E-01, 4.9707E+00, 1.7334E-01, 6.6846E+00
"D                                                                                                                     "
   6721.680, -65278.310,-6.4331E-01, 3.4949E+00,-3.5034E-01, 2.5452E+00,-2.5391E-01, 4.9731E+00, 1.4648E-01, 6.6589E+00
"F2                                                                                                                    "
   6724.920, -65275.070,-6.4453E-01, 3.4949E+00,-2.6611E-01, 2.6245E+00,-2.5513E-01, 4.9719E+00, 8.6670E-02, 6.5784E+00
"B                                                                                                                     "
   6728.730, -65271.260,-6.4697E-01, 3.4949E+00,-2.9419E-01, 2.5903E+00,-2.5269E-01, 4.9731E+00, 3.9673E-01, 6.8750E+00
"C                                                                                                                     "
   6731.010, -65268.980,-6.4697E-01, 3.4949E+00,-2.1973E-01, 2.6892E+00,-2.5757E-01, 4.9719E+00, 3.1738E-01, 6.8274E+00
"D                                                                                                                     "
   6784.590, -65215.400,-6.4697E-01, 3.4949E+00,-2.3438E-01, 2.6636E+00,-2.5391E-01, 4.9731E+00, 1.4526E-01, 6.6638E+00
"F2                                                                                                                    "
   6787.830, -65212.160,-6.4819E-01, 3.4937E+00,-2.2461E-01, 2.6501E+00,-2.5146E-01, 4.9731E+00, 1.5503E-01, 6.6394E+00
"B                                                                                                                     "
   6790.500, -65209.490,-6.4575E-01, 3.4949E+00,-2.4780E-01, 2.6453E+00,-2.5391E-01, 4.9731E+00, 4.2114E-01, 6.9006E+00
"C                                                                                                                     "
   6793.290, -65206.700,-6.4453E-01, 3.4949E+00,-2.4292E-01, 2.6501E+00,-2.5269E-01, 4.9731E+00, 3.8574E-01, 6.8860E+00
"D                                                                                                                     "
   6963.000, -65036.990,-6.4819E-01, 3.4937E+00,-9.8877E-02, 2.7905E+00,-2.5635E-01, 4.9731E+00, 3.3081E-01, 6.8066E+00
"F1                                                                                                                    "
   6966.000, -65033.990,-6.4819E-01, 3.4924E+00,-1.8433E-01, 2.7075E+00,-2.5024E-01, 4.9731E+00, 3.0029E-01, 6.8762E+00
"F2                                                                                                                    "
   6967.800, -65032.190,-6.4819E-01, 3.4924E+00,-7.4463E-02, 2.7966E+00,-2.5513E-01, 4.9731E+00, 1.7456E-01, 6.6858E+00
"F3                                                                                                                    "
   6972.930, -65027.060,-6.4819E-01, 3.4937E+00,-8.7891E-02, 2.7856E+00,-2.5269E-01, 4.9731E+00, 2.2583E-01, 6.7395E+00
"F4                                                                                                                    "
   6977.880, -65022.110,-6.4941E-01, 3.4924E+00,-1.9897E-01, 2.7026E+00,-2.5513E-01, 4.9731E+00, 2.1851E-01, 6.7456E+00
"B                                                                                                                     "
   6989.640, -65010.350,-6.4941E-01, 3.4924E+00,-1.5381E-01, 2.7222E+00,-2.5391E-01, 4.9731E+00, 2.6733E-01, 6.7725E+00
"D                                                                                                                     "
   7267.830, -64732.160,-6.4819E-01, 3.4937E+00,-2.0508E-01, 2.6807E+00,-2.5269E-01, 4.9719E+00, 1.6357E-01, 6.6760E+00
"F2                                                                                                                    "
   7271.490, -64728.500,-6.4697E-01, 3.4937E+00,-1.9653E-01, 2.6904E+00,-2.5513E-01, 4.9719E+00, 1.2207E-01, 6.6199E+00
"B                                                                                                                     "
   7273.650, -64726.340,-6.4453E-01, 3.4937E+00,-2.2461E-01, 2.6697E+00,-2.5757E-01, 4.9731E+00, 2.9785E-01, 6.8201E+00
"C                                                                                                                     "
   7274.100, -64725.890,-6.4819E-01, 3.4937E+00,-2.4048E-01, 2.6416E+00,-2.5513E-01, 4.9731E+00, 2.8076E-01, 6.8347E+00
"D                                                                                                                     "
   7636.860, -64363.130,-6.4453E-01, 3.4937E+00,-4.0527E-01, 2.4805E+00,-2.5024E-01, 4.9744E+00, 1.5381E-01, 6.6760E+00
"F2                                                                                                                    "
   7640.850, -64359.140,-6.4819E-01, 3.4949E+00,-2.8076E-01, 2.6135E+00,-2.5146E-01, 4.9744E+00,-5.2490E-02, 6.4807E+00
"B                                                                                                                     "
   7649.130, -64350.860,-6.4575E-01, 3.4949E+00,-3.4912E-01, 2.5464E+00,-2.5391E-01, 4.9744E+00,-3.4180E-02, 6.4807E+00
"C                                                                                                                     "
   7649.850, -64350.140,-6.4575E-01, 3.4949E+00,-3.4546E-01, 2.5427E+00,-2.5024E-01, 4.9744E+00, 3.4424E-01, 6.7993E+00
"D                                                                                                                     "
   8245.260, -63754.730,-6.5063E-01, 3.4900E+00,-2.6489E-01, 2.6392E+00,-2.4902E-01, 4.9768E+00,-1.9531E-02, 6.4990E+00
"F2                                                                                                                    "
   8248.590, -63751.400,-6.5308E-01, 3.4888E+00,-2.8564E-01, 2.6062E+00,-2.5024E-01, 4.9780E+00,-2.8809E-01, 6.2329E+00
"B                                                                                                                     "
   8251.320, -63748.670,-6.5308E-01, 3.4900E+00,-3.0151E-01, 2.5903E+00,-2.5146E-01, 4.9768E+00,-9.8877E-02, 6.3989E+00
"D                                                                                                                     "
   8786.220, -63213.770,-6.5308E-01, 3.4900E+00,-2.6001E-01, 2.6294E+00,-2.5269E-01, 4.9756E+00,-1.0132E-01, 6.4331E+00
"F2                                                                                                                    "
   8790.420, -63209.570,-6.5430E-01, 3.4888E+00,-2.7344E-01, 2.6233E+00,-2.5269E-01, 4.9768E+00,-2.5391E-01, 6.2732E+00
"B                                                                                                                     "
   8794.380, -63205.610,-6.5186E-01, 3.4900E+00,-2.8564E-01, 2.6013E+00,-2.4902E-01, 4.9768E+00,-2.1973E-02, 6.4551E+00
"D                                                                                                                     "
   9696.450, -62303.540,-6.4697E-01, 3.4937E+00,-2.8809E-01, 2.5891E+00,-2.4780E-01, 4.9768E+00, 4.1504E-02, 6.5466E+00
"F2                                                                                                                    "
   9700.710, -62299.280,-6.4575E-01, 3.4937E+00,-3.0029E-01, 2.5867E+00,-2.4780E-01, 4.9768E+00,-4.3091E-01, 6.1108E+00
"B                                                                                                                     "
   9702.360, -62297.630,-6.4819E-01, 3.4937E+00,-3.0029E-01, 2.5867E+00,-2.4902E-01, 4.9768E+00,-1.8433E-01, 6.3049E+00
"D                                                                                                                     "
  10526.370, -61473.620,-6.4819E-01, 3.4949E+00,-3.5522E-01, 2.5317E+00,-2.7222E-01, 4.9561E+00,-1.2207E-02, 6.5039E+00
"F2                                                                                                                    "
  10531.020, -61468.970,-6.4697E-01, 3.4949E+00,-3.8818E-01, 2.5061E+00,-2.6611E-01, 4.9646E+00,-5.6396E-01, 5.9436E+00
"B                                                                                                                     "
  10533.780, -61466.210,-6.4453E-01, 3.4949E+00,-3.9307E-01, 2.4939E+00,-2.5513E-01, 4.9707E+00,-2.6855E-01, 6.1316E+00
"D                                                                                                                     "
  11332.830, -60667.160,-6.4453E-01, 3.4949E+00,-4.0405E-01, 2.4817E+00,-2.0264E-01, 4.9792E+00,-2.2949E-01, 6.2964E+00
"F2                                                                                                                    "
  11337.390, -60662.600,-6.5063E-01, 3.4949E+00,-4.0527E-01, 2.4866E+00,-2.6245E-01, 4.9634E+00,-5.9937E-01, 5.9277E+00
"B                                                                                                                     "
  11339.220, -60660.770,-6.4575E-01, 3.4949E+00,-3.9673E-01, 2.4890E+00,-2.5879E-01, 4.9646E+00,-1.9653E-01, 6.2451E+00
"D                                                                                                                     "
  12166.290, -59833.700,-6.4575E-01, 3.4949E+00,-4.1992E-01, 2.4805E+00,-2.5269E-01, 4.9756E+00,-2.4780E-01, 6.2769E+00
"F2                                                                                                                    "
  12169.980, -59830.010,-6.4697E-01, 3.4949E+00,-4.2969E-01, 2.4634E+00,-2.5391E-01, 4.9756E+00,-5.3833E-01, 6.0144E+00
"B                                                                                                                     "
  12172.890, -59827.100,-6.4819E-01, 3.4949E+00,-4.1748E-01, 2.4768E+00,-2.5269E-01, 4.9744E+00,-2.6367E-01, 6.1731E+00
"C                                                                                                                     "
  12173.730, -59826.260,-6.4819E-01, 3.4949E+00,-4.1870E-01, 2.4780E+00,-2.5146E-01, 4.9756E+00,-2.4414E-01, 6.2366E+00
"D                                                                                                                     "
  12610.800, -59389.190,-6.4453E-01, 3.4949E+00,-4.1992E-01, 2.4658E+00,-2.4902E-01, 4.9756E+00,-3.3203E-01, 6.1914E+00
"F2                                                                                                                    "
  12614.340, -59385.650,-6.4697E-01, 3.4949E+00,-4.4312E-01, 2.4573E+00,-2.5269E-01, 4.9756E+00,-6.1401E-01, 5.8899E+00
"B                                                                                                                     "
  12616.020, -59383.970,-6.4697E-01, 3.4949E+00,-4.4556E-01, 2.4451E+00,-2.4902E-01, 4.9756E+00,-6.1401E-01, 5.9033E+00
"D                                                                                                                     "
  13307.010, -58692.980,-6.4575E-01, 3.4949E+00,-4.4434E-01, 2.4451E+00,-2.5269E-01, 4.9744E+00,-1.6846E-01, 6.3916E+00
"F2                                                                                                                    "
  13310.940, -58689.050,-6.4941E-01, 3.4949E+00,-4.6143E-01, 2.4390E+00,-2.5513E-01, 4.9744E+00,-5.4077E-01, 5.9595E+00
"B                                                                                                                     "
  13313.010, -58686.980,-6.4331E-01, 3.4949E+00,-4.3579E-01, 2.4487E+00,-2.4902E-01, 4.9744E+00,-5.6763E-01, 5.9436E+00
"C                                                                                                                     "
  13314.390, -58685.600,-6.4819E-01, 3.4949E+00,-4.3457E-01, 2.4548E+00,-2.5269E-01, 4.9756E+00,-3.0518E-02, 6.3940E+00
"D                                                                                                                     "
  13806.690, -58193.300,-6.4575E-01, 3.4937E+00,-4.6875E-01, 2.4243E+00,-2.5391E-01, 4.9756E+00,-3.1494E-01, 6.2195E+00
"F2                                                                                                                    "
  13810.560, -58189.430,-6.4819E-01, 3.4937E+00,-4.6753E-01, 2.4292E+00,-2.5269E-01, 4.9756E+00,-6.0913E-01, 5.9229E+00
"B                                                                                                                     "
  13816.980, -58183.010,-6.5063E-01, 3.4937E+00,-4.4312E-01, 2.4451E+00,-2.5024E-01, 4.9756E+00,-6.8848E-01, 5.8289E+00
"D                                                                                                                     "
  13885.140, -58114.850,-6.4819E-01, 3.4924E+00,-4.5166E-01, 2.4329E+00,-2.5024E-01, 4.9756E+00,-2.2339E-01, 6.3623E+00
"F2                                                                                                                    "
  13888.620, -58111.370,-6.4941E-01, 3.4937E+00,-4.4434E-01, 2.4512E+00,-2.5757E-01, 4.9731E+00,-4.4922E-01, 6.0938E+00
"B                                                                                                                     "
  13893.450, -58106.540,-6.4819E-01, 3.4949E+00,-4.4189E-01, 2.4487E+00,-2.5146E-01, 4.9744E+00,-1.5381E-01, 6.1841E+00
"C                                                                                                                     "
  13894.380, -58105.610,-6.4819E-01, 3.4937E+00,-4.2236E-01, 2.4585E+00,-2.4902E-01, 4.9744E+00,-5.6152E-02, 6.3867E+00
"D                                                                                                                     "
  14098.110, -57901.880,-6.5186E-01, 3.4937E+00,-4.1748E-01, 2.4744E+00,-2.4780E-01, 4.9756E+00,-1.4893E-01, 6.3586E+00
"G                                                                                                                     "
  14162.880, -57837.110,-6.4697E-01, 3.4937E+00,-4.4067E-01, 2.4658E+00,-5.3345E-01, 4.7034E+00,-5.4932E-01, 5.9790E+00
"C                                                                                                                     "
  14163.420, -57836.570,-6.4819E-01, 3.4924E+00,-4.2725E-01, 2.4573E+00,-5.2246E-01, 4.7046E+00,-5.6152E-01, 5.9583E+00
"D                                                                                                                     "
  14205.450, -57794.540,-6.4941E-01, 3.4924E+00,-4.3945E-01, 2.4500E+00,-5.2490E-01, 4.7034E+00,-3.1128E-01, 6.2122E+00
"B                                                                                                                     "
  14207.310, -57792.680,-6.5063E-01, 3.4937E+00,-4.2480E-01, 2.4731E+00,-5.2979E-01, 4.7046E+00,-3.3936E-01, 6.1755E+00
"C                                                                                                                     "
  14207.880, -57792.110,-6.4819E-01, 3.4937E+00,-4.3091E-01, 2.4695E+00,-5.2734E-01, 4.7034E+00,-2.7710E-01, 6.2439E+00
"D                                                                                                                     "
  15152.010, -56847.980,-6.4941E-01, 3.4912E+00,-5.1147E-01, 2.3840E+00,-5.3223E-01, 4.7021E+00,-5.9814E-02, 6.4648E+00
"F2                                                                                                                    "
  15155.910, -56844.080,-6.4697E-01, 3.4924E+00,-5.1514E-01, 2.3792E+00,-5.2856E-01, 4.7021E+00,-6.5430E-01, 5.8826E+00
"B                                                                                                                     "
  15157.890, -56842.100,-6.4941E-01, 3.4924E+00,-5.0171E-01, 2.3828E+00,-5.2856E-01, 4.7009E+00,-5.0659E-01, 6.0120E+00
"C                                                                                                                     "
  15158.340, -56841.650,-6.4575E-01, 3.4912E+00,-4.9316E-01, 2.3853E+00,-5.2368E-01, 4.7021E+00,-2.5635E-01, 6.3855E+00
"D                                                                                                                     "
  15937.350, -56062.640,-6.4941E-01, 3.4924E+00,-4.6265E-01, 2.4268E+00,-5.3101E-01, 4.7009E+00,-2.8564E-01, 6.2402E+00
"F2                                                                                                                    "
  15941.130, -56058.860,-6.5186E-01, 3.4924E+00,-4.4678E-01, 2.4426E+00,-5.3101E-01, 4.7009E+00,-6.0791E-01, 5.8789E+00
"B                                                                                                                     "
  15944.190, -56055.800,-6.4941E-01, 3.4924E+00,-4.5654E-01, 2.4292E+00,-5.2734E-01, 4.7021E+00,-1.2451E-01, 6.3110E+00
"C                                                                                                                     "
  15944.640, -56055.350,-6.4819E-01, 3.4924E+00,-4.4922E-01, 2.4402E+00,-5.2979E-01, 4.7009E+00, 1.8311E-02, 6.4795E+00
"D                                                                                                                     "
  16503.480, -55496.510,-6.5063E-01, 3.4912E+00,-4.5166E-01, 2.4353E+00,-5.3223E-01, 4.6973E+00,-3.2471E-01, 6.1963E+00
"F2                                                                                                                    "
  16507.110, -55492.880,-6.5186E-01, 3.4900E+00,-4.4434E-01, 2.4463E+00,-5.3223E-01, 4.6973E+00,-6.4697E-01, 5.8606E+00
"B                                                                                                                     "
  16509.660, -55490.330,-6.4941E-01, 3.4924E+00,-4.3213E-01, 2.4536E+00,-5.2979E-01, 4.6997E+00,-5.8960E-01, 5.9302E+00
"C                                                                                                                     "
  16510.140, -55489.850,-6.5186E-01, 3.4912E+00,-4.3213E-01, 2.4573E+00,-5.2979E-01, 4.6985E+00,-3.2837E-01, 6.2769E+00
"D                                                                                                                     "
  17001.540, -54998.450,-6.5186E-01, 3.4888E+00,-4.6143E-01, 2.4243E+00,-5.2734E-01, 4.7009E+00,-3.5034E-01, 6.1731E+00
"F2                                                                                                                    "
  17005.050, -54994.940,-6.5430E-01, 3.4900E+00,-4.7729E-01, 2.4255E+00,-5.2734E-01, 4.7009E+00,-6.5186E-01, 5.8594E+00
"B                                                                                                                     "
  17007.180, -54992.810,-6.5552E-01, 3.4900E+00,-4.3579E-01, 2.4536E+00,-5.3223E-01, 4.7009E+00,-6.2744E-01, 5.8875E+00
"C                                                                                                                     "
  17008.350, -54991.640,-6.5063E-01, 3.4900E+00,-4.4189E-01, 2.4426E+00,-5.2734E-01, 4.7009E+00,-3.5645E-01, 6.1548E+00
"D                                                                                                                     "
  17589.570, -54410.420,-6.5430E-01, 3.4912E+00,-4.5654E-01, 2.4487E+00,-5.3101E-01, 4.7009E+00,-2.4170E-01, 6.3391E+00
"F2                                                                                                                    "
  17592.960, -54407.030,-6.5308E-01, 3.4912E+00,-4.5410E-01, 2.4377E+00,-5.3101E-01, 4.7009E+00,-3.7964E-01, 6.1475E+00
"B                                                                                                                     "
  17596.320, -54403.670,-6.5308E-01, 3.4912E+00,-4.4922E-01, 2.4414E+00,-5.3467E-01, 4.7009E+00,-1.9043E-01, 6.1816E+00
"D                                                                                                                     "
  18342.360, -53657.630,-6.5308E-01, 3.4912E+00,-4.5044E-01, 2.4451E+00,-5.3223E-01, 4.6985E+00,-5.4321E-01, 5.9924E+00
"F2                                                                                                                    "
  18346.680, -53653.310,-6.5063E-01, 3.4912E+00,-4.7485E-01, 2.4146E+00,-5.3101E-01, 4.6997E+00,-7.1899E-01, 5.8179E+00
"B                                                                                                                     "
  18348.810, -53651.180,-6.5186E-01, 3.4900E+00,-4.6265E-01, 2.4280E+00,-5.3101E-01, 4.6985E+00,-1.5869E-01, 6.2805E+00
"C                                                                                                                     "
  18349.560, -53650.430,-6.5186E-01, 3.4900E+00,-4.6875E-01, 2.4231E+00,-5.3345E-01, 4.6997E+00,-1.7212E-01, 6.3867E+00
"D                                                                                                                     "
  18978.720, -53021.270,-6.5430E-01, 3.4900E+00,-4.7607E-01, 2.4133E+00,-5.3101E-01, 4.6997E+00,-4.1260E-01, 6.1145E+00
"F2                                                                                                                    "
  18982.260, -53017.730,-6.5063E-01, 3.4900E+00,-4.5410E-01, 2.4255E+00,-5.3101E-01, 4.6985E+00,-6.8970E-01, 5.8154E+00
"B                                                                                                                     "
  18985.860, -53014.130,-6.5063E-01, 3.4900E+00,-4.5288E-01, 2.4390E+00,-5.3345E-01, 4.6997E+00,-7.3364E-01, 5.7874E+00
"D                                                                                                                     "
  19436.580, -52563.410,-6.5186E-01, 3.4900E+00,-5.0537E-01, 2.3877E+00,-5.3101E-01, 4.7009E+00,-3.8452E-01, 6.2073E+00
"F2                                                                                                                    "
  19440.660, -52559.330,-6.5674E-01, 3.4900E+00,-4.5288E-01, 2.4658E+00,-5.3467E-01, 4.6997E+00,-7.4219E-01, 5.7861E+00
"B                                                                                                                     "
  19444.650, -52555.340,-6.5063E-01, 3.4900E+00,-3.4668E-01, 2.5354E+00,-5.2979E-01, 4.6997E+00,-7.0435E-01, 5.8118E+00
"C                                                                                                                     "
  19445.400, -52554.590,-6.5063E-01, 3.4900E+00,-4.6265E-01, 2.4231E+00,-5.3101E-01, 4.6997E+00,-1.9531E-02, 6.4648E+00
"D                                                                                                                     "
  19997.880, -52002.110,-6.4819E-01, 3.4900E+00,-4.4556E-01, 2.4377E+00,-5.3467E-01, 4.6936E+00,-1.7334E-01, 6.3403E+00
"F2                                                                                                                    "
  20000.970, -51999.020,-6.5552E-01, 3.4900E+00,-4.6753E-01, 2.4219E+00,-5.3467E-01, 4.6960E+00,-3.6743E-01, 6.1560E+00
"B                                                                                                                     "
  20005.680, -51994.310,-6.5552E-01, 3.4900E+00,-4.8218E-01, 2.4121E+00,-5.3589E-01, 4.6948E+00,-8.9111E-02, 6.4063E+00
"C                                                                                                                     "
  20006.040, -51993.950,-6.4941E-01, 3.4900E+00,-4.5166E-01, 2.4316E+00,-5.2734E-01, 4.6960E+00,-4.9194E-01, 5.9863E+00
"D                                                                                                                     "
  20448.240, -51551.750,-6.5308E-01, 3.4912E+00,-5.3467E-01, 2.3669E+00,-5.4199E-01, 4.6899E+00,-3.8330E-01, 6.2256E+00
"F2                                                                                                                    "
  20449.140, -51550.850,-6.5186E-01, 3.4912E+00,-5.3833E-01, 2.3560E+00,-5.4810E-01, 4.6838E+00,-4.8950E-01, 6.0388E+00
"D                                                                                                                     "
  20614.560, -51385.430,-6.5186E-01, 3.4912E+00,-4.7119E-01, 2.4182E+00,-5.2490E-01, 4.6997E+00,-4.0527E-01, 6.1157E+00
"F2                                                                                                                    "
  20617.740, -51382.250,-6.4941E-01, 3.4900E+00,-4.6265E-01, 2.4231E+00,-5.2979E-01, 4.6997E+00,-4.8706E-01, 6.0461E+00
"B                                                                                                                     "
  20618.760, -51381.230,-6.4697E-01, 3.4912E+00,-4.6875E-01, 2.4194E+00,-5.2734E-01, 4.6997E+00,-6.5063E-01, 5.8875E+00
"F2                                                                                                                    "
  20619.240, -51380.750,-6.4941E-01, 3.4912E+00,-4.6753E-01, 2.4194E+00,-5.2979E-01, 4.6997E+00,-6.8359E-01, 5.8276E+00
"B                                                                                                                     "
  20621.310, -51378.680,-6.5552E-01, 3.4900E+00,-4.8096E-01, 2.4072E+00,-5.3345E-01, 4.6997E+00,-2.5757E-01, 6.1182E+00
"C                                                                                                                     "
  20621.850, -51378.140,-6.4575E-01, 3.4912E+00,-4.7729E-01, 2.4072E+00,-5.2979E-01, 4.7009E+00,-5.1636E-01, 5.9998E+00
"D                                                                                                                     "
  21100.800, -50899.190,-6.5308E-01, 3.4900E+00,-3.9063E-01, 2.5122E+00,-5.3345E-01, 4.6997E+00,-3.8818E-01, 6.1340E+00
"F2                                                                                                                    "
  21104.310, -50895.680,-6.5186E-01, 3.4912E+00,-3.5767E-01, 2.5281E+00,-5.3589E-01, 4.6985E+00,-5.0537E-01, 6.0266E+00
"B                                                                                                                     "
  21108.720, -50891.270,-6.4941E-01, 3.4900E+00,-4.0649E-01, 2.4780E+00,-5.2612E-01, 4.6985E+00,-6.9214E-01, 5.8203E+00
"D                                                                                                                     "
  21392.820, -50607.170,-6.5308E-01, 3.4912E+00,-4.3945E-01, 2.4475E+00,-5.2734E-01, 4.6997E+00,-3.5645E-01, 6.1768E+00
"B                                                                                                                     "
  21394.260, -50605.730,-6.4941E-01, 3.4912E+00,-4.3091E-01, 2.4512E+00,-5.2979E-01, 4.6997E+00,-4.3945E-01, 6.0815E+00
"D                                                                                                                     "
  21645.090, -50354.900,-6.4819E-01, 3.4900E+00,-4.2236E-01, 2.4585E+00,-5.3467E-01, 4.6936E+00,-3.3936E-01, 6.1841E+00
"F2                                                                                                                    "
  21648.750, -50351.240,-6.5796E-01, 3.4912E+00,-4.3701E-01, 2.4573E+00,-5.3711E-01, 4.6936E+00,-4.0527E-01, 6.1218E+00
"B                                                                                                                     "
  21653.310, -50346.680,-6.5308E-01, 3.4900E+00,-3.8818E-01, 2.4976E+00,-5.3223E-01, 4.6985E+00,-5.5664E-01, 5.8997E+00
"D                                                                                                                     "
  21905.520, -50094.470,-6.5063E-01, 3.4912E+00,-4.5654E-01, 2.4280E+00,-5.2734E-01, 4.6985E+00,-3.9307E-01, 6.1255E+00
"F2                                                                                                                    "
  21909.150, -50090.840,-6.4575E-01, 3.4912E+00,-4.5776E-01, 2.4231E+00,-5.2612E-01, 4.6997E+00,-6.7627E-01, 5.8459E+00
"B                                                                                                                     "
  21911.670, -50088.320,-6.5063E-01, 3.4912E+00,-4.6021E-01, 2.4268E+00,-5.3101E-01, 4.6985E+00,-5.9814E-01, 5.9216E+00
"D                                                                                                                     "
  22312.200, -49687.790,-6.5430E-01, 3.4912E+00,-4.5288E-01, 2.4377E+00,-5.3223E-01, 4.6985E+00,-3.3813E-01, 6.1877E+00
"C                                                                                                                     "
  22312.740, -49687.250,-6.4941E-01, 3.4900E+00,-4.4312E-01, 2.4353E+00,-5.2734E-01, 4.6997E+00,-4.0527E-01, 6.1206E+00
"F2                                                                                                                    "
  22315.830, -49684.160,-6.5308E-01, 3.4912E+00,-4.7241E-01, 2.4207E+00,-5.3101E-01, 4.6997E+00,-4.8950E-01, 6.0474E+00
"B                                                                                                                     "
  22318.470, -49681.520,-6.5063E-01, 3.4912E+00,-4.6631E-01, 2.4170E+00,-5.2979E-01, 4.6997E+00,-8.0811E-01, 5.7117E+00
"F4                                                                                                                    "
  22319.910, -49680.080,-6.4819E-01, 3.4912E+00,-4.5776E-01, 2.4219E+00,-5.2734E-01, 4.6997E+00,-7.8125E-01, 5.7324E+00
"B                                                                                                                     "
  22322.460, -49677.530,-6.4697E-01, 3.4912E+00,-4.4922E-01, 2.4292E+00,-5.2734E-01, 4.6997E+00,-2.0020E-01, 6.1487E+00
"C                                                                                                                     "
  22323.000, -49676.990,-6.5430E-01, 3.4900E+00,-4.6631E-01, 2.4219E+00,-5.3345E-01, 4.6997E+00,-4.5532E-01, 6.0840E+00
"D                                                                                                                     "
  22853.010, -49146.980,-6.4819E-01, 3.4912E+00,-4.5410E-01, 2.4304E+00,-5.2612E-01, 4.7009E+00,-4.0405E-01, 6.1169E+00
"C                                                                                                                     "
  22853.640, -49146.350,-6.4819E-01, 3.4900E+00,-3.9307E-01, 2.4573E+00,-5.2612E-01, 4.6997E+00,-4.7363E-01, 6.0413E+00
"F2                                                                                                                    "
  22856.670, -49143.320,-6.4819E-01, 3.4900E+00,-4.1748E-01, 2.4634E+00,-5.2856E-01, 4.7009E+00,-4.2114E-01, 6.1133E+00
"B                                                                                                                     "
  22862.430, -49137.560,-6.4941E-01, 3.4912E+00,-4.5166E-01, 2.4377E+00,-5.3345E-01, 4.7009E+00,-4.6387E-01, 6.0547E+00
"C                                                                                                                     "
  22863.030, -49136.960,-6.5308E-01, 3.4900E+00,-4.1870E-01, 2.4622E+00,-5.2368E-01, 4.7009E+00,-2.6855E-02, 6.3586E+00
"D                                                                                                                     "
  23250.000, -48749.990,-6.5063E-01, 3.4924E+00,-4.2236E-01, 2.4670E+00,-5.3345E-01, 4.6997E+00,-4.0894E-01, 6.1084E+00
"F2                                                                                                                    "
  23253.930, -48746.060,-6.5186E-01, 3.4912E+00,-4.1138E-01, 2.4768E+00,-5.3467E-01, 4.6985E+00,-6.6162E-01, 5.8508E+00
"B                                                                                                                     "
  23257.560, -48742.430,-6.4941E-01, 3.4912E+00,-3.8452E-01, 2.4939E+00,-5.2734E-01, 4.6997E+00,-3.5400E-01, 5.9912E+00
"D                                                                                                                     "
  23428.140, -48571.850,-6.4819E-01, 3.4924E+00,-4.6875E-01, 2.4158E+00,-5.2856E-01, 4.7009E+00,-3.2959E-01, 6.1829E+00
"F2                                                                                                                    "
  23432.220, -48567.770,-6.5063E-01, 3.4912E+00,-4.1748E-01, 2.4683E+00,-5.3223E-01, 4.7009E+00,-6.4819E-01, 5.8521E+00
"B                                                                                                                     "
  23434.680, -48565.310,-6.5063E-01, 3.4912E+00,-4.5898E-01, 2.4341E+00,-5.3223E-01, 4.7009E+00,-2.0630E-01, 6.1743E+00
"D                                                                                                                     "
  23528.280, -48471.710,-6.4697E-01, 3.4924E+00,-4.1504E-01, 2.4622E+00,-5.2368E-01, 4.7021E+00,-2.8076E-01, 6.2244E+00
"F2                                                                                                                    "
  23532.120, -48467.870,-6.5186E-01, 3.4924E+00,-4.0771E-01, 2.4731E+00,-5.2734E-01, 4.7021E+00,-3.9795E-01, 6.1365E+00
"B                                                                                                                     "
  23533.440, -48466.550,-6.5063E-01, 3.4924E+00,-4.0405E-01, 2.4817E+00,-5.3223E-01, 4.7009E+00,-3.9429E-01, 6.1304E+00
"NP                                                                                                                    "
  36000.000, -48467.870,-6.5186E-01, 3.4924E+00,-4.0771E-01, 2.4731E+00,-5.2734E-01, 4.7021E+00,-3.9795E-01, 6.1365E+00

