"NP                                                                                                                    "
    120.330, -71879.660, 2.7539E+00, 6.7065E+00, 1.2891E+00, 4.1492E+00, 6.7139E-02, 5.3101E+00, 5.1270E-02, 6.5698E+00
"P                                                                                                                     "
    153.330, -71846.660, 2.0703E+00, 6.2012E+00, 1.3318E+00, 4.1846E+00, 1.2207E-03, 5.2319E+00, 5.1270E-02, 6.5698E+00
"G                                                                                                                     "
    190.860, -71809.130,-4.4678E-01, 4.1785E+00, 1.6614E+00, 4.4897E+00,-5.8838E-01, 4.6460E+00, 5.2490E-02, 6.5698E+00
"Z                                                                                                                     "
   1935.630, -70064.360,-2.5024E-01, 3.7744E+00,-4.1016E-01, 2.4744E+00,-5.9326E-01, 4.6423E+00,-3.6377E-01, 6.1584E+00
"P                                                                                                                     "
   1968.540, -70031.450, 1.3293E+00, 5.4297E+00,-4.1870E-01, 2.4731E+00,-5.9692E-01, 4.6423E+00,-3.6377E-01, 6.1584E+00
"D                                                                                                                     "
   1972.650, -70027.340, 1.3525E+00, 5.4541E+00,-4.1138E-01, 2.4744E+00,-5.9326E-01, 4.6448E+00,-3.6255E-01, 6.1584E+00
"B                                                                                                                     "
   1974.900, -70025.090, 1.2537E+00, 5.3674E+00,-4.1870E-01, 2.4744E+00,-5.9814E-01, 4.6423E+00,-3.6255E-01, 6.1597E+00
"C                                                                                                                     "
   1975.500, -70024.490, 1.3306E+00, 5.4993E+00,-4.1748E-01, 2.4731E+00,-5.9570E-01, 4.6423E+00,-3.6255E-01, 6.1584E+00
"B                                                                                                                     "
   1976.100, -70023.890, 1.2671E+00, 5.3967E+00,-4.1504E-01, 2.4744E+00,-5.9570E-01, 4.6423E+00,-3.6255E-01, 6.1584E+00
"C                                                                                                                     "
   1976.760, -70023.230, 1.4355E+00, 5.5530E+00,-4.1260E-01, 2.4744E+00,-5.9204E-01, 4.6423E+00,-3.6377E-01, 6.1584E+00
"D                                                                                                                     "
   1980.960, -70019.030, 1.4966E+00, 5.6592E+00,-4.1138E-01, 2.4744E+00,-5.9082E-01, 4.6423E+00,-3.6255E-01, 6.1584E+00
"FB                                                                                                                    "
   1995.540, -70004.450, 1.4880E+00, 5.5933E+00,-4.1626E-01, 2.4731E+00,-5.9814E-01, 4.6436E+00,-3.6255E-01, 6.1584E+00
"C                                                                                                                     "
   2011.980, -69988.010, 1.8945E+00, 6.2561E+00,-3.6499E-01, 2.5464E+00,-5.9204E-01, 4.6423E+00,-3.6133E-01, 6.1584E+00
"F2                                                                                                                    "
   2013.750, -69986.240, 1.7554E+00, 5.8118E+00,-4.1260E-01, 2.4756E+00,-5.9937E-01, 4.6423E+00,-3.6377E-01, 6.1584E+00
"B                                                                                                                     "
   2025.390, -69974.600, 1.5991E+00, 5.7019E+00,-4.1260E-01, 2.4744E+00,-5.9692E-01, 4.6436E+00,-3.6377E-01, 6.1584E+00
"C                                                                                                                     "
   2047.800, -69952.190, 1.6235E+00, 5.7227E+00,-4.0771E-01, 2.4731E+00,-5.9082E-01, 4.6423E+00,-3.6255E-01, 6.1584E+00
"D                                                                                                                     "
   2068.080, -69931.910, 1.7285E+00, 5.8545E+00,-4.1260E-01, 2.4731E+00,-5.9814E-01, 4.6423E+00,-3.6255E-01, 6.1584E+00
"B                                                                                                                     "
   2071.350, -69928.640, 1.7725E+00, 5.8752E+00,-4.1870E-01, 2.4744E+00,-5.9937E-01, 4.6423E+00,-3.6255E-01, 6.1584E+00
"C                                                                                                                     "
   2090.100, -69909.890, 1.7932E+00, 5.8984E+00,-4.1992E-01, 2.4731E+00,-5.9937E-01, 4.6411E+00,-3.6255E-01, 6.1584E+00
"B                                                                                                                     "
   2090.790, -69909.200, 1.8481E+00, 5.9558E+00,-4.1138E-01, 2.4731E+00,-5.9570E-01, 4.6411E+00,-3.6377E-01, 6.1584E+00
"F2                                                                                                                    "
   2092.200, -69907.790, 1.8738E+00, 5.9644E+00,-4.1382E-01, 2.4731E+00,-5.9937E-01, 4.6411E+00,-3.6255E-01, 6.1584E+00
"C                                                                                                                     "
   2093.940, -69906.050, 1.8445E+00, 5.9375E+00,-4.1504E-01, 2.4731E+00,-5.9570E-01, 4.6423E+00,-3.6377E-01, 6.1584E+00
"D                                                                                                                     "
   2185.020, -69814.970, 2.1582E+00, 6.3184E+00,-4.1138E-01, 2.4731E+00,-5.9448E-01, 4.6399E+00,-3.6499E-01, 6.1572E+00
"DG                                                                                                                    "
   2265.540, -69734.450, 2.1130E+00, 6.2488E+00,-4.1504E-01, 2.4719E+00,-5.9814E-01, 4.6399E+00,-3.6621E-01, 6.1560E+00
"B                                                                                                                     "
   2266.890, -69733.100, 2.0886E+00, 6.1926E+00,-4.1504E-01, 2.4719E+00,-5.9937E-01, 4.6387E+00,-3.6499E-01, 6.1572E+00
"F2                                                                                                                    "
   2268.240, -69731.750, 2.0361E+00, 6.1292E+00,-4.1260E-01, 2.4719E+00,-5.9570E-01, 4.6387E+00,-3.6377E-01, 6.1572E+00
"B                                                                                                                     "
   2275.680, -69724.310, 2.1484E+00, 6.2463E+00,-4.1992E-01, 2.4719E+00,-6.0303E-01, 4.6387E+00,-3.6743E-01, 6.1560E+00
"D                                                                                                                     "
   2293.410, -69706.580, 2.2632E+00, 6.3501E+00,-4.1870E-01, 2.4719E+00,-5.9570E-01, 4.6375E+00,-3.6499E-01, 6.1560E+00
"C                                                                                                                     "
   2294.940, -69705.050, 2.0459E+00, 6.1719E+00,-4.1382E-01, 2.4707E+00,-5.9937E-01, 4.6375E+00,-3.6377E-01, 6.1560E+00
"D                                                                                                                     "
   2308.890, -69691.100, 2.2241E+00, 6.3892E+00,-4.1382E-01, 2.4707E+00,-5.9814E-01, 4.6375E+00,-3.6377E-01, 6.1572E+00
"G                                                                                                                     "
   2670.900, -69329.090, 2.3694E+00, 6.4636E+00, 7.9102E-01, 3.6279E+00,-5.8960E-01, 4.6423E+00,-3.6255E-01, 6.1584E+00
"CG                                                                                                                    "
   2677.680, -69322.310, 2.1509E+00, 6.3379E+00, 5.3345E-01, 3.4265E+00,-5.9204E-01, 4.6423E+00,-3.6255E-01, 6.1584E+00
"G                                                                                                                     "
   2778.750, -69221.240, 2.4829E+00, 6.3855E+00, 7.3853E-01, 3.5950E+00,-5.9692E-01, 4.6423E+00,-3.6133E-01, 6.1584E+00
"C                                                                                                                     "
   2779.410, -69220.580, 2.3364E+00, 6.4807E+00, 7.0190E-01, 3.5645E+00,-5.9692E-01, 4.6411E+00,-3.6377E-01, 6.1584E+00
"G                                                                                                                     "
   2948.970, -69051.020, 2.4695E+00, 6.5637E+00, 1.4758E+00, 4.2334E+00,-5.9937E-01, 4.6411E+00,-3.6621E-01, 6.1572E+00
"F3                                                                                                                    "
   2950.230, -69049.760, 2.6111E+00, 6.6968E+00, 1.2048E+00, 4.0540E+00,-5.9692E-01, 4.6399E+00,-3.6499E-01, 6.1572E+00
"F3                                                                                                                    "
   2952.240, -69047.750, 2.5415E+00, 6.7065E+00, 7.9346E-01, 3.6755E+00,-5.9204E-01, 4.6423E+00,-3.5767E-01, 6.1621E+00
"G                                                                                                                     "
   2964.150, -69035.840, 2.4622E+00, 6.5527E+00, 1.2817E+00, 4.1248E+00,-5.9082E-01, 4.6448E+00,-3.6377E-01, 6.1584E+00
"F2                                                                                                                    "
   2965.470, -69034.520, 2.3572E+00, 6.4539E+00, 1.2695E+00, 4.1223E+00,-6.0303E-01, 4.6399E+00,-3.6499E-01, 6.1584E+00
"B                                                                                                                     "
   2968.170, -69031.820, 2.2986E+00, 6.4001E+00, 1.2732E+00, 4.1272E+00,-5.9814E-01, 4.6460E+00,-3.6377E-01, 6.1572E+00
"F2                                                                                                                    "
   2968.920, -69031.070, 2.2632E+00, 6.3733E+00, 1.7310E+00, 4.5801E+00,-5.9814E-01, 4.6411E+00,-3.6255E-01, 6.1584E+00
"B                                                                                                                     "
   2969.880, -69030.110, 2.3181E+00, 6.3928E+00, 1.2732E+00, 4.1113E+00,-5.9814E-01, 4.6411E+00,-3.6255E-01, 6.1584E+00
"D                                                                                                                     "
   2977.140, -69022.850, 2.2314E+00, 6.3342E+00, 1.7773E+00, 4.6338E+00,-6.0669E-01, 4.6362E+00,-3.6499E-01, 6.1572E+00
"C                                                                                                                     "
   2979.600, -69020.390, 2.2559E+00, 6.3574E+00, 1.7468E+00, 4.6155E+00,-5.9692E-01, 4.6387E+00,-3.6377E-01, 6.1572E+00
"D                                                                                                                     "
   2996.940, -69003.050, 2.3120E+00, 6.3977E+00, 1.8469E+00, 4.6924E+00,-6.0303E-01, 4.6362E+00,-3.6499E-01, 6.1572E+00
"B                                                                                                                     "
   2997.690, -69002.300, 2.3267E+00, 6.4319E+00, 1.3123E+00, 4.1650E+00,-6.0669E-01, 4.6375E+00,-3.6499E-01, 6.1572E+00
"F2                                                                                                                    "
   2998.560, -69001.430, 2.3181E+00, 6.3940E+00, 1.2573E+00, 4.0955E+00,-6.0303E-01, 4.6387E+00,-3.6743E-01, 6.1572E+00
"B                                                                                                                     "
   2999.400, -69000.590, 2.3645E+00, 6.4514E+00, 1.8262E+00, 4.6753E+00,-5.9814E-01, 4.6375E+00,-3.6255E-01, 6.1572E+00
"C                                                                                                                     "
   3002.520, -68997.470, 2.5354E+00, 6.6211E+00, 1.3721E+00, 4.2334E+00,-5.9570E-01, 4.6375E+00,-3.6499E-01, 6.1572E+00
"G                                                                                                                     "
   3071.730, -68928.260, 2.2473E+00, 6.3281E+00, 1.2024E+00, 4.0686E+00,-5.9570E-01, 4.6362E+00,-3.6499E-01, 6.1548E+00
"F2                                                                                                                    "
   3075.420, -68924.570, 2.4255E+00, 6.5454E+00, 1.7566E+00, 4.5886E+00,-5.6641E-01, 4.6716E+00,-3.6621E-01, 6.1560E+00
"B                                                                                                                     "
   3079.020, -68920.970, 2.1094E+00, 6.2354E+00, 1.7236E+00, 4.5276E+00,-5.9570E-01, 4.6387E+00,-3.6621E-01, 6.1560E+00
"D                                                                                                                     "
   3080.880, -68919.110, 2.2375E+00, 6.3452E+00, 1.3464E+00, 4.1956E+00,-6.0547E-01, 4.6375E+00,-3.6743E-01, 6.1560E+00
"C                                                                                                                     "
   3084.180, -68915.810, 2.2998E+00, 6.3989E+00, 1.7603E+00, 4.5984E+00,-5.9692E-01, 4.6436E+00,-3.6499E-01, 6.1548E+00
"D                                                                                                                     "
   3240.030, -68759.960, 2.2217E+00, 6.3196E+00, 1.1206E+00, 4.0271E+00,-6.0181E-01, 4.6375E+00,-3.5278E-01, 6.1731E+00
"P                                                                                                                     "
   3245.940, -68754.050, 5.0415E-01, 5.7239E+00, 1.4746E+00, 4.4312E+00,-5.9326E-01, 4.6387E+00,-3.6255E-01, 6.1597E+00
"Z                                                                                                                     "
  13208.880, -58791.110, 1.3916E+00, 4.8035E+00,-4.0894E-01, 2.4744E+00,-5.8350E-01, 4.6533E+00, 2.6245E-01, 6.7761E+00
"P                                                                                                                     "
  13237.170, -58762.820,-2.6611E-01, 3.8660E+00,-4.0771E-01, 2.4756E+00,-5.8350E-01, 4.6521E+00, 2.8809E-01, 6.7957E+00
"B2                                                                                                                    "
  13238.640, -58761.350,-2.2339E-01, 3.9331E+00,-4.0894E-01, 2.4744E+00,-5.8716E-01, 4.6521E+00, 3.0396E-01, 6.8225E+00
"P                                                                                                                     "
  13262.850, -58737.140,-2.1240E-01, 3.9148E+00,-4.0649E-01, 2.4744E+00,-5.8350E-01, 4.6521E+00, 2.8809E-01, 6.7969E+00
"B2                                                                                                                    "
  13264.650, -58735.340,-1.4893E-01, 4.0076E+00,-4.0527E-01, 2.4744E+00,-5.8105E-01, 4.6521E+00, 3.1494E-01, 6.8201E+00
"P                                                                                                                     "
  13299.300, -58700.690, 6.8481E-01, 4.7351E+00,-4.0527E-01, 2.4744E+00,-5.8350E-01, 4.6521E+00, 2.7344E-01, 6.7859E+00
"D                                                                                                                     "
  13329.420, -58670.570, 4.1382E-01, 4.5483E+00,-4.1138E-01, 2.4744E+00,-5.8838E-01, 4.6509E+00, 2.4048E-01, 6.7578E+00
"FB                                                                                                                    "
  13331.970, -58668.020, 6.2256E-01, 4.8291E+00,-4.0527E-01, 2.4731E+00,-5.8105E-01, 4.6509E+00, 2.7710E-01, 6.7847E+00
"F2                                                                                                                    "
  13333.230, -58666.760, 5.6396E-01, 4.6985E+00,-4.0527E-01, 2.4744E+00,-5.8350E-01, 4.6509E+00, 2.7344E-01, 6.7847E+00
"FB                                                                                                                    "
  13334.760, -58665.230, 1.0876E+00, 5.0391E+00,-4.0894E-01, 2.4744E+00,-5.8472E-01, 4.6509E+00, 2.8564E-01, 6.8005E+00
"C                                                                                                                     "
  13335.990, -58664.000, 9.2529E-01, 5.3406E+00,-4.0649E-01, 2.4744E+00,-5.8350E-01, 4.6509E+00, 2.9663E-01, 6.8042E+00
"D                                                                                                                     "
  13394.310, -58605.680, 1.0583E+00, 5.1660E+00,-4.0771E-01, 2.4731E+00,-5.8350E-01, 4.6497E+00, 2.4292E-01, 6.7529E+00
"F2                                                                                                                    "
  13396.590, -58603.400, 9.8633E-01, 5.1086E+00,-4.0771E-01, 2.4731E+00,-5.8716E-01, 4.6497E+00, 2.5391E-01, 6.7688E+00
"B                                                                                                                     "
  13400.850, -58599.140, 1.0352E+00, 5.1660E+00,-4.1016E-01, 2.4731E+00,-5.9082E-01, 4.6497E+00, 2.3438E-01, 6.7517E+00
"D                                                                                                                     "
  13431.780, -58568.210, 1.0217E+00, 5.1758E+00,-4.1260E-01, 2.4731E+00,-5.8838E-01, 4.6497E+00, 3.0273E-01, 6.8213E+00
"F2                                                                                                                    "
  13432.560, -58567.430, 1.1951E+00, 5.3162E+00,-4.1016E-01, 2.4731E+00,-5.8838E-01, 4.6497E+00, 1.8921E-01, 6.7078E+00
"B                                                                                                                     "
  13435.470, -58564.520, 1.2451E+00, 5.3662E+00,-4.1138E-01, 2.4731E+00,-5.8960E-01, 4.6497E+00, 2.4658E-01, 6.7639E+00
"C                                                                                                                     "
  13436.970, -58563.020, 2.1216E+00, 6.1755E+00,-4.0649E-01, 2.4731E+00,-5.8350E-01, 4.6484E+00, 2.6611E-01, 6.7749E+00
"D                                                                                                                     "
  13438.500, -58561.490, 1.2537E+00, 5.3613E+00,-4.0527E-01, 2.4731E+00,-5.8350E-01, 4.6497E+00, 2.6978E-01, 6.7798E+00
"C                                                                                                                     "
  13439.670, -58560.320, 1.2585E+00, 5.3650E+00,-4.0771E-01, 2.4731E+00,-5.8716E-01, 4.6497E+00, 1.9653E-01, 6.7114E+00
"B                                                                                                                     "
  13440.870, -58559.120, 1.3098E+00, 5.3748E+00,-4.0649E-01, 2.4731E+00,-5.8594E-01, 4.6497E+00, 2.4658E-01, 6.7566E+00
"B                                                                                                                     "
  13442.040, -58557.950, 2.1240E+00, 6.1414E+00,-4.0894E-01, 2.4731E+00,-5.8716E-01, 4.6497E+00, 2.4780E-01, 6.7676E+00
"D                                                                                                                     "
  13443.240, -58556.750, 1.4392E+00, 5.7104E+00,-4.0894E-01, 2.4731E+00,-5.8960E-01, 4.6497E+00, 2.6978E-01, 6.7859E+00
"F2                                                                                                                    "
  13446.750, -58553.240, 1.0950E+00, 5.2112E+00,-4.0894E-01, 2.4731E+00,-5.9082E-01, 4.6497E+00, 3.0884E-01, 6.8225E+00
"B                                                                                                                     "
  13449.630, -58550.360, 1.4563E+00, 5.5615E+00,-4.1016E-01, 2.4731E+00,-5.8350E-01, 4.6497E+00, 3.4546E-01, 6.8457E+00
"C                                                                                                                     "
  13451.670, -58548.320, 1.4771E+00, 5.5957E+00,-4.0405E-01, 2.4731E+00,-5.8472E-01, 4.6497E+00, 3.3325E-01, 6.8420E+00
"D                                                                                                                     "
  13549.170, -58450.820, 1.4441E+00, 5.5420E+00,-4.0527E-01, 2.4731E+00,-5.8350E-01, 4.6509E+00, 2.6367E-01, 6.7712E+00
"C                                                                                                                     "
  13549.920, -58450.070, 1.4307E+00, 5.5627E+00,-4.1260E-01, 2.4744E+00,-5.8350E-01, 4.6509E+00, 2.5879E-01, 6.7749E+00
"d                                                                                                                     "
  13550.850, -58449.140, 1.4124E+00, 5.5444E+00,-4.1016E-01, 2.4731E+00,-5.8716E-01, 4.6497E+00, 2.5879E-01, 6.7773E+00
"d                                                                                                                     "
  13595.550, -58404.440, 1.4648E+00, 5.5688E+00,-4.0649E-01, 2.4731E+00,-5.8105E-01, 4.6509E+00, 2.8687E-01, 6.7932E+00
"f1                                                                                                                    "
  13597.740, -58402.250, 1.3196E+00, 5.5273E+00,-4.1016E-01, 2.4731E+00,-5.8228E-01, 4.6521E+00, 2.8809E-01, 6.7993E+00
"f2                                                                                                                    "
  13599.000, -58400.990, 1.2610E+00, 5.4199E+00,-4.0894E-01, 2.4731E+00,-5.8472E-01, 4.6521E+00, 2.8931E-01, 6.8042E+00
"f3                                                                                                                    "
  13606.620, -58393.370, 1.4795E+00, 5.6335E+00,-4.1016E-01, 2.4744E+00,-5.8716E-01, 4.6521E+00, 2.3926E-01, 6.7615E+00
"f4                                                                                                                    "
  13612.560, -58387.430, 1.1157E+00, 5.2258E+00,-4.0771E-01, 2.4744E+00,-5.8472E-01, 4.6521E+00, 2.6367E-01, 6.7786E+00
"b                                                                                                                     "
  13624.530, -58375.460, 1.9043E+00, 5.8130E+00,-4.1138E-01, 2.4744E+00,-5.8716E-01, 4.6521E+00, 2.8442E-01, 6.8005E+00
"c                                                                                                                     "
  13624.530, -58375.460, 1.9043E+00, 5.8130E+00,-4.1138E-01, 2.4744E+00,-5.8716E-01, 4.6521E+00, 2.8442E-01, 6.8005E+00
"d                                                                                                                     "
  13633.560, -58366.430, 1.3977E+00, 5.5127E+00,-4.0649E-01, 2.4744E+00,-5.8105E-01, 4.6521E+00, 2.7588E-01, 6.7896E+00
"c                                                                                                                     "
  13634.610, -58365.380, 1.3916E+00, 5.5017E+00,-4.0649E-01, 2.4731E+00,-5.8350E-01, 4.6521E+00, 2.7466E-01, 6.7871E+00
"d                                                                                                                     "
  13658.400, -58341.590, 1.4722E+00, 5.5994E+00,-4.1016E-01, 2.4744E+00,-5.8228E-01, 4.6533E+00, 2.3438E-01, 6.7529E+00
"c                                                                                                                     "
  13659.300, -58340.690, 1.5015E+00, 5.6067E+00,-4.0161E-01, 2.4744E+00,-5.8228E-01, 4.6533E+00, 2.2583E-01, 6.7310E+00
"d                                                                                                                     "
  13679.130, -58320.860, 1.6833E+00, 5.6787E+00,-4.0771E-01, 2.4731E+00,-5.8472E-01, 4.6533E+00, 2.5269E-01, 6.7700E+00
"c                                                                                                                     "
  13681.230, -58318.760, 1.7261E+00, 5.7678E+00,-4.0527E-01, 2.4744E+00,-5.8472E-01, 4.6533E+00, 2.7222E-01, 6.7822E+00
"d                                                                                                                     "
  13717.830, -58282.160, 1.6248E+00, 5.7483E+00,-4.0405E-01, 2.4756E+00,-5.8105E-01, 4.6533E+00, 2.6123E-01, 6.7688E+00
"f2                                                                                                                    "
  13720.110, -58279.880, 1.3855E+00, 5.4822E+00,-4.0771E-01, 2.4744E+00,-5.8594E-01, 4.6533E+00, 2.1973E-01, 6.7371E+00
"b                                                                                                                     "
  13723.950, -58276.040, 1.4343E+00, 5.5640E+00,-4.0405E-01, 2.4756E+00,-5.7739E-01, 4.6545E+00, 2.4536E-01, 6.7542E+00
"c                                                                                                                     "
  13724.610, -58275.380, 1.6968E+00, 5.7861E+00,-4.0527E-01, 2.4744E+00,-5.8228E-01, 4.6545E+00, 2.5513E-01, 6.7651E+00
"b                                                                                                                     "
  13725.300, -58274.690, 1.7090E+00, 5.8325E+00,-4.0527E-01, 2.4756E+00,-5.8228E-01, 4.6545E+00, 2.5269E-01, 6.7676E+00
"f2                                                                                                                    "
  13727.670, -58272.320, 1.6187E+00, 5.7092E+00,-4.0894E-01, 2.4744E+00,-5.8350E-01, 4.6545E+00, 2.7466E-01, 6.7932E+00
"b                                                                                                                     "
  13731.000, -58268.990, 2.2949E+00, 6.2195E+00,-4.0649E-01, 2.4744E+00,-5.7983E-01, 4.6545E+00, 1.9409E-01, 6.7041E+00
"c                                                                                                                     "
  13733.880, -58266.110, 2.1582E+00, 6.3000E+00,-4.0894E-01, 2.4756E+00,-5.8228E-01, 4.6545E+00, 2.2705E-01, 6.7480E+00
"d                                                                                                                     "
  14049.960, -57950.030, 2.4866E+00, 6.3525E+00,-4.0771E-01, 2.4731E+00,-5.8594E-01, 4.6497E+00, 1.6357E-01, 6.6724E+00
"C                                                                                                                     "
  14052.270, -57947.720, 2.3633E+00, 6.4624E+00,-4.1016E-01, 2.4731E+00,-5.8716E-01, 4.6509E+00, 1.7334E-01, 6.6882E+00
"D                                                                                                                     "
  14670.870, -57329.120, 1.9739E+00, 6.0779E+00,-4.0405E-01, 2.4731E+00,-5.8105E-01, 4.6509E+00, 8.0566E-02, 6.5881E+00
"F2                                                                                                                    "
  14673.360, -57326.630, 1.4551E+00, 5.5786E+00,-4.0894E-01, 2.4731E+00,-5.9082E-01, 4.6497E+00, 6.8359E-02, 6.5894E+00
"B                                                                                                                     "
  14676.720, -57323.270, 1.7126E+00, 5.7629E+00,-4.1138E-01, 2.4731E+00,-5.8838E-01, 4.6497E+00, 4.8828E-02, 6.5686E+00
"C                                                                                                                     "
  14679.210, -57320.780, 2.1497E+00, 6.2878E+00,-4.0527E-01, 2.4719E+00,-5.8228E-01, 4.6509E+00, 9.5215E-02, 6.6064E+00
"D                                                                                                                     "
  15073.260, -56926.730, 1.8848E+00, 5.9839E+00,-4.0771E-01, 2.4744E+00,-5.8350E-01, 4.6545E+00, 1.0010E-01, 6.6187E+00
"F1                                                                                                                    "
  15073.680, -56926.310, 1.6858E+00, 5.8215E+00,-4.0405E-01, 2.4744E+00,-5.8228E-01, 4.6545E+00, 1.1475E-01, 6.6235E+00
"F2                                                                                                                    "
  15074.310, -56925.680, 1.7432E+00, 5.7214E+00,-4.1016E-01, 2.4744E+00,-5.8716E-01, 4.6533E+00, 1.1353E-01, 6.6321E+00
"D                                                                                                                     "
  15075.330, -56924.660, 1.8872E+00, 6.0388E+00,-4.0283E-01, 2.4744E+00,-5.7861E-01, 4.6545E+00, 9.3994E-02, 6.6003E+00
"F2                                                                                                                    "
  15076.170, -56923.820, 1.9958E+00, 6.0974E+00,-4.0405E-01, 2.4744E+00,-5.8228E-01, 4.6533E+00, 1.1475E-01, 6.6284E+00
"F3                                                                                                                    "
  15081.300, -56918.690, 1.8994E+00, 6.0425E+00,-4.1016E-01, 2.4744E+00,-5.8716E-01, 4.6545E+00, 9.7656E-02, 6.6138E+00
"F4                                                                                                                    "
  15085.350, -56914.640, 1.6748E+00, 5.7788E+00,-4.0527E-01, 2.4744E+00,-5.7861E-01, 4.6545E+00, 7.4463E-02, 6.5857E+00
"B                                                                                                                     "
  15089.880, -56910.110, 1.9055E+00, 6.0229E+00,-4.0527E-01, 2.4744E+00,-5.8105E-01, 4.6545E+00, 1.2573E-01, 6.6370E+00
"D                                                                                                                     "
  15102.660, -56897.330, 1.7883E+00, 5.9033E+00,-4.0649E-01, 2.4744E+00,-5.8228E-01, 4.6545E+00, 1.1841E-01, 6.6321E+00
"C                                                                                                                     "
  15103.980, -56896.010, 1.8860E+00, 6.1011E+00,-4.0405E-01, 2.4744E+00,-5.8228E-01, 4.6533E+00, 1.3306E-01, 6.6431E+00
"D                                                                                                                     "
  15349.440, -56650.550, 1.6919E+00, 5.8386E+00,-4.0283E-01, 2.4731E+00,-5.8228E-01, 4.6545E+00, 6.9580E-02, 6.5808E+00
"F2                                                                                                                    "
  15350.580, -56649.410, 1.7175E+00, 5.7080E+00,-4.0894E-01, 2.4731E+00,-5.8228E-01, 4.6545E+00, 7.2021E-02, 6.5894E+00
"FB                                                                                                                    "
  15354.840, -56645.150, 1.7822E+00, 5.8984E+00,-4.0405E-01, 2.4744E+00,-5.8105E-01, 4.6533E+00, 8.7891E-02, 6.5942E+00
"D                                                                                                                     "
  15357.480, -56642.510, 1.6125E+00, 5.7141E+00,-4.0527E-01, 2.4731E+00,-5.8105E-01, 4.6533E+00, 9.7656E-02, 6.6125E+00
"B                                                                                                                     "
  15358.470, -56641.520, 1.7493E+00, 5.8972E+00,-4.0405E-01, 2.4731E+00,-5.8228E-01, 4.6533E+00, 8.1787E-02, 6.5979E+00
"D                                                                                                                     "
  15360.630, -56639.360, 1.6895E+00, 5.8521E+00,-4.0283E-01, 2.4744E+00,-5.7739E-01, 4.6545E+00, 1.0132E-01, 6.6113E+00
"C                                                                                                                     "
  15363.060, -56636.930, 2.4670E+00, 6.4783E+00,-4.0283E-01, 2.4744E+00,-5.8350E-01, 4.6533E+00, 4.7607E-02, 6.5576E+00
"D                                                                                                                     "
  15527.070, -56472.920, 2.2339E+00, 6.2524E+00,-4.0527E-01, 2.4756E+00,-5.8228E-01, 4.6558E+00, 9.1553E-02, 6.6077E+00
"C                                                                                                                     "
  15528.930, -56471.060, 1.8530E+00, 6.0730E+00,-4.0771E-01, 2.4756E+00,-5.8228E-01, 4.6558E+00, 1.0498E-01, 6.6223E+00
"D                                                                                                                     "
  15560.430, -56439.560, 1.6907E+00, 5.8215E+00,-4.0405E-01, 2.4756E+00,-5.8105E-01, 4.6558E+00, 1.0132E-01, 6.6125E+00
"FB                                                                                                                    "
  15562.050, -56437.940, 1.6174E+00, 5.7556E+00,-4.0894E-01, 2.4744E+00,-5.7861E-01, 4.6558E+00, 1.2207E-02, 6.5430E+00
"B                                                                                                                     "
  15563.100, -56436.890, 1.7346E+00, 5.8472E+00,-4.0771E-01, 2.4756E+00,-5.8594E-01, 4.6545E+00, 4.3945E-02, 6.5649E+00
"C                                                                                                                     "
  15563.610, -56436.380, 1.9666E+00, 5.9875E+00,-4.0405E-01, 2.4756E+00,-5.7739E-01, 4.6558E+00, 4.2725E-02, 6.5576E+00
"D                                                                                                                     "
  15726.450, -56273.540, 1.4771E+00, 5.6458E+00,-4.0771E-01, 2.4731E+00,-5.8472E-01, 4.6533E+00, 9.6436E-02, 6.6101E+00
"B                                                                                                                     "
  15727.320, -56272.670, 1.9250E+00, 5.8618E+00,-4.0405E-01, 2.4731E+00,-5.8472E-01, 4.6533E+00, 1.0376E-01, 6.6113E+00
"C                                                                                                                     "
  15727.830, -56272.160, 1.6565E+00, 5.7849E+00,-4.0771E-01, 2.4744E+00,-5.8594E-01, 4.6521E+00, 9.5215E-02, 6.6113E+00
"D                                                                                                                     "
  15800.670, -56199.320, 1.5112E+00, 5.6287E+00,-4.0771E-01, 2.4731E+00,-5.8472E-01, 4.6521E+00, 8.0566E-02, 6.5906E+00
"F2                                                                                                                    "
  15801.630, -56198.360, 1.5820E+00, 5.6213E+00,-4.1016E-01, 2.4731E+00,-5.8838E-01, 4.6521E+00, 7.5684E-02, 6.5979E+00
"FB                                                                                                                    "
  15803.580, -56196.410, 1.7126E+00, 5.7983E+00,-4.0527E-01, 2.4731E+00,-5.8105E-01, 4.6509E+00, 8.5449E-02, 6.5930E+00
"C                                                                                                                     "
  15804.690, -56195.300, 1.9897E+00, 5.9827E+00,-4.0649E-01, 2.4731E+00,-5.8594E-01, 4.6521E+00, 9.5215E-02, 6.6064E+00
"D                                                                                                                     "
  15941.070, -56058.920, 1.5808E+00, 5.6934E+00,-4.0894E-01, 2.4731E+00,-5.8472E-01, 4.6545E+00, 4.1504E-02, 6.5588E+00
"B                                                                                                                     "
  15942.150, -56057.840, 1.5930E+00, 5.6714E+00,-4.0161E-01, 2.4744E+00,-5.7983E-01, 4.6533E+00, 5.7373E-02, 6.5674E+00
"C                                                                                                                     "
  15980.760, -56019.230, 1.4563E+00, 5.5762E+00,-4.0649E-01, 2.4744E+00,-5.8472E-01, 4.6545E+00, 1.5869E-02, 6.5588E+00
"F2                                                                                                                    "
  15981.720, -56018.270, 1.3330E+00, 5.4858E+00,-4.0527E-01, 2.4744E+00,-5.7617E-01, 4.6545E+00, 2.6855E-02, 6.5430E+00
"FB                                                                                                                    "
  15984.060, -56015.930, 1.4661E+00, 5.5725E+00,-4.0771E-01, 2.4731E+00,-5.8228E-01, 4.6545E+00, 6.1035E-02, 6.5796E+00
"B                                                                                                                     "
  15985.530, -56014.460, 1.9849E+00, 5.9167E+00,-4.0649E-01, 2.4744E+00,-5.7617E-01, 4.6558E+00, 4.6387E-02, 6.5564E+00
"C                                                                                                                     "
  15986.610, -56013.380, 1.7590E+00, 5.8752E+00,-4.1016E-01, 2.4744E+00,-5.8472E-01, 4.6545E+00, 5.6152E-02, 6.5747E+00
"D                                                                                                                     "
  16023.480, -55976.510, 1.5479E+00, 5.6519E+00,-4.0527E-01, 2.4744E+00,-5.7983E-01, 4.6558E+00, 8.9111E-02, 6.5979E+00
"C                                                                                                                     "
  16024.410, -55975.580, 1.6821E+00, 5.7874E+00,-4.0283E-01, 2.4744E+00,-5.7861E-01, 4.6558E+00, 5.4932E-02, 6.5625E+00
"D                                                                                                                     "
  16037.850, -55962.140, 1.3770E+00, 5.4944E+00,-4.0771E-01, 2.4744E+00,-5.8350E-01, 4.6558E+00, 9.5215E-02, 6.6150E+00
"F2                                                                                                                    "
  16039.590, -55960.400, 1.3428E+00, 5.4395E+00,-4.0283E-01, 2.4744E+00,-5.7617E-01, 4.6558E+00, 8.5449E-02, 6.5942E+00
"FB                                                                                                                    "
  16041.150, -55958.840, 1.7017E+00, 5.7751E+00,-4.0405E-01, 2.4744E+00,-5.7861E-01, 4.6558E+00, 7.9346E-02, 6.5906E+00
"C                                                                                                                     "
  16042.020, -55957.970, 1.6797E+00, 5.7813E+00,-4.0161E-01, 2.4756E+00,-5.7739E-01, 4.6558E+00, 8.3008E-02, 6.5930E+00
"CG                                                                                                                    "
  16078.260, -55921.730, 1.3647E+00, 5.4797E+00,-4.0771E-01, 2.4744E+00,-5.8350E-01, 4.6558E+00, 6.7139E-02, 6.5833E+00
"F2                                                                                                                    "
  16081.050, -55918.940, 1.5894E+00, 5.7056E+00,-4.0649E-01, 2.4744E+00,-5.7861E-01, 4.6558E+00, 4.2725E-02, 6.5552E+00
"B                                                                                                                     "
  16082.010, -55917.980, 1.7200E+00, 5.8154E+00,-4.0039E-01, 2.4744E+00,-5.8228E-01, 4.6545E+00, 3.4180E-02, 6.5503E+00
"CG                                                                                                                    "
  16092.150, -55907.840, 1.3281E+00, 5.4407E+00,-4.0527E-01, 2.4744E+00,-5.7739E-01, 4.6570E+00, 7.3242E-02, 6.5820E+00
"F2                                                                                                                    "
  16096.620, -55903.370, 1.4722E+00, 5.5835E+00,-4.0649E-01, 2.4744E+00,-5.7007E-01, 4.6594E+00, 6.1035E-02, 6.5723E+00
"DG                                                                                                                    "
  16103.400, -55896.590, 1.3049E+00, 5.4028E+00,-4.0771E-01, 2.4744E+00,-5.8472E-01, 4.6521E+00, 2.3071E-01, 6.7444E+00
"F2                                                                                                                    "
  16105.080, -55894.910, 1.4209E+00, 5.5200E+00,-4.0405E-01, 2.4744E+00,-5.8228E-01, 4.6545E+00, 1.9653E-01, 6.6931E+00
"FB                                                                                                                    "
  16119.450, -55880.540, 1.4038E+00, 5.5188E+00,-4.0894E-01, 2.4744E+00,-5.8594E-01, 4.6545E+00, 3.8696E-01, 6.9263E+00
"DG                                                                                                                    "
  16124.010, -55875.980, 1.2976E+00, 5.3955E+00,-4.0649E-01, 2.4744E+00,-5.7739E-01, 4.6545E+00, 4.8828E-01, 6.9958E+00
"FB                                                                                                                    "
  16129.590, -55870.400, 1.3440E+00, 5.4553E+00,-4.0527E-01, 2.4744E+00,-5.8350E-01, 4.6545E+00, 4.8340E-01, 6.9934E+00
"DG                                                                                                                    "
  16131.030, -55868.960, 1.4612E+00, 5.5688E+00,-4.0649E-01, 2.4744E+00,-5.8594E-01, 4.6545E+00, 9.4971E-01, 7.4060E+00
"B                                                                                                                     "
  16133.310, -55866.680, 1.2183E+00, 5.3430E+00,-4.0894E-01, 2.4744E+00,-5.8350E-01, 4.6545E+00, 2.3804E-01, 6.7651E+00
"FB                                                                                                                    "
  16142.640, -55857.350, 1.5112E+00, 5.6226E+00,-4.0527E-01, 2.4744E+00,-5.7983E-01, 4.6545E+00, 3.0762E-01, 6.8103E+00
"DG                                                                                                                    "
  16147.500, -55852.490, 1.1804E+00, 5.2930E+00,-4.0771E-01, 2.4744E+00,-5.7983E-01, 4.6545E+00, 4.4922E-01, 6.9543E+00
"B                                                                                                                     "
  16150.620, -55849.370, 1.4185E+00, 5.4993E+00,-4.0771E-01, 2.4744E+00,-5.8716E-01, 4.6545E+00, 2.9785E-01, 6.8347E+00
"DG                                                                                                                    "
  16151.610, -55848.380, 1.2708E+00, 5.3821E+00,-4.0771E-01, 2.4744E+00,-5.8716E-01, 4.6533E+00, 2.1851E-01, 6.7712E+00
"P                                                                                                                     "
  16173.780, -55826.210, 1.0938E+00, 5.2112E+00,-4.0649E-01, 2.4731E+00,-5.8472E-01, 4.6533E+00, 3.3813E-01, 6.8481E+00
"z                                                                                                                     "
  36000.340, -35999.650,-6.4453E-01, 3.4998E+00,-4.1382E-01, 2.4670E+00,-5.9326E-01, 4.6436E+00,-3.6133E-01, 6.1584E+00
