"NP                                                                                                                    "
   1303.920, -70696.070, 2.3328E+00, 6.4417E+00,-2.4170E-01, 2.5049E+00,-5.3101E-01, 4.7058E+00,-3.3813E-01, 6.1816E+00
"P                                                                                                                     "
   1329.810, -70670.180, 2.2852E+00, 6.3782E+00, 3.3325E-01, 3.1970E+00,-5.2979E-01, 4.7058E+00,-3.4058E-01, 6.1829E+00
"Z                                                                                                                     "
   2094.840, -69905.150, 2.1619E+00, 6.2463E+00, 2.8687E-01, 2.9944E+00,-5.3223E-01, 4.7021E+00,-3.3936E-01, 6.1804E+00
"P                                                                                                                     "
   2136.060, -69863.930, 2.1436E+00, 6.2500E+00, 3.2227E-01, 3.0969E+00,-5.3833E-01, 4.7021E+00,-3.4302E-01, 6.1792E+00
"Z                                                                                                                     "
   2159.730, -69840.260, 2.1802E+00, 6.2793E+00,-3.4546E-01, 2.5342E+00,-5.3345E-01, 4.7009E+00,-3.4180E-01, 6.1792E+00
"P                                                                                                                     "
   2179.950, -69820.040, 2.2131E+00, 6.2988E+00,-3.3081E-01, 2.5574E+00,-5.3345E-01, 4.7009E+00,-3.4302E-01, 6.1792E+00
"Z                                                                                                                     "
   2221.140, -69778.850, 2.2253E+00, 6.3184E+00, 1.1963E-01, 2.6709E+00,-5.3589E-01, 4.6997E+00,-3.4302E-01, 6.1792E+00
"P                                                                                                                     "
   2257.530, -69742.460, 2.1130E+00, 6.2036E+00,-3.5278E-01, 2.5305E+00,-5.3101E-01, 4.6997E+00,-3.4424E-01, 6.1780E+00
"Z                                                                                                                     "
   2447.220, -69552.770, 2.0972E+00, 6.2097E+00, 1.2451E-01, 2.9773E+00,-5.3101E-01, 4.7021E+00,-3.3936E-01, 6.1804E+00
"P                                                                                                                     "
   2470.500, -69529.490, 2.1484E+00, 6.2366E+00,-2.9907E-01, 2.5793E+00,-5.2856E-01, 4.7034E+00,-3.3569E-01, 6.1804E+00
"B2                                                                                                                    "
   2472.900, -69527.090, 2.1558E+00, 6.2390E+00,-2.9663E-01, 2.5537E+00,-5.3101E-01, 4.7034E+00,-3.3936E-01, 6.1804E+00
"P                                                                                                                     "
   2494.110, -69505.880, 2.1423E+00, 6.2573E+00,-3.0151E-01, 2.5806E+00,-5.3223E-01, 4.7046E+00,-3.3936E-01, 6.1804E+00
"Z                                                                                                                     "
   2661.450, -69338.540, 2.0422E+00, 6.1450E+00,-3.4790E-01, 2.5256E+00,-5.2490E-01, 4.7034E+00,-3.3325E-01, 6.1804E+00
"P                                                                                                                     "
   2669.100, -69330.890, 2.0496E+00, 6.1584E+00,-6.2012E-01, 2.2766E+00,-5.3223E-01, 4.7046E+00,-3.4180E-01, 6.1804E+00
"C                                                                                                                     "
   2669.970, -69330.020, 2.0447E+00, 6.1584E+00,-5.2612E-01, 2.4036E+00,-5.3223E-01, 4.7046E+00,-3.4058E-01, 6.1804E+00
"FB                                                                                                                    "
   2670.780, -69329.210, 2.0520E+00, 6.1560E+00,-2.7100E-01, 2.5378E+00,-5.2734E-01, 4.7046E+00,-3.3447E-01, 6.1804E+00
"C                                                                                                                     "
   2671.440, -69328.550, 2.0483E+00, 6.1584E+00,-8.0566E-02, 2.8174E+00,-5.3345E-01, 4.7034E+00,-3.3936E-01, 6.1804E+00
"P                                                                                                                     "
   2711.100, -69288.890, 2.0947E+00, 6.2048E+00,-2.3926E-01, 2.6501E+00,-5.3345E-01, 4.7034E+00,-3.3936E-01, 6.1804E+00
"Z                                                                                                                     "
   2715.330, -69284.660, 2.1021E+00, 6.2085E+00,-3.4912E-01, 2.5305E+00,-5.3467E-01, 4.7034E+00,-3.4058E-01, 6.1804E+00
"P                                                                                                                     "
   2769.600, -69230.390, 2.0593E+00, 6.1499E+00,-5.4321E-01, 2.3376E+00,-5.2734E-01, 4.7034E+00,-3.3936E-01, 6.1804E+00
"B2                                                                                                                    "
   2774.010, -69225.980, 2.0630E+00, 6.1572E+00,-5.4199E-01, 2.3132E+00,-5.2856E-01, 4.7021E+00,-3.3936E-01, 6.1804E+00
"P                                                                                                                     "
   2821.710, -69178.280, 2.0740E+00, 6.1865E+00,-3.7598E-01, 2.5085E+00,-5.3223E-01, 4.7021E+00,-3.3936E-01, 6.1804E+00
"B2                                                                                                                    "
   2826.690, -69173.300, 2.0947E+00, 6.1926E+00,-4.0039E-01, 2.4756E+00,-5.2979E-01, 4.7021E+00,-3.3936E-01, 6.1804E+00
"P                                                                                                                     "
   2862.480, -69137.510, 2.1057E+00, 6.2073E+00,-3.5156E-01, 2.5342E+00,-5.3345E-01, 4.7034E+00,-3.4546E-01, 6.1792E+00
"Z                                                                                                                     "
   2872.110, -69127.880, 2.0972E+00, 6.2085E+00,-2.9541E-01, 2.5330E+00,-5.3223E-01, 4.7021E+00,-3.3813E-01, 6.1804E+00
"P                                                                                                                     "
   2905.320, -69094.670, 2.0789E+00, 6.1780E+00,-3.8940E-01, 2.4939E+00,-5.2856E-01, 4.7034E+00,-3.3813E-01, 6.1804E+00
"B2                                                                                                                    "
   2909.460, -69090.530, 2.0093E+00, 6.0925E+00,-3.7476E-01, 2.4963E+00,-5.3223E-01, 4.7034E+00,-3.3936E-01, 6.1804E+00
"P                                                                                                                     "
   2924.490, -69075.500, 2.0215E+00, 6.1194E+00,-3.5278E-01, 2.5146E+00, 1.3916E-01, 5.3503E+00,-3.3325E-01, 6.1841E+00
"Z                                                                                                                     "
   2940.300, -69059.690, 2.0508E+00, 6.1414E+00, 2.4414E-02, 2.9565E+00, 3.4180E-02, 5.2588E+00,-3.3936E-01, 6.1829E+00
"P                                                                                                                     "
   2978.490, -69021.500, 2.0752E+00, 6.1865E+00,-3.4912E-01, 2.5391E+00,-5.2979E-01, 4.7046E+00,-3.3325E-01, 6.1853E+00
"B2                                                                                                                    "
   2981.850, -69018.140, 2.1008E+00, 6.1914E+00,-3.6011E-01, 2.5146E+00,-5.3101E-01, 4.7046E+00,-3.3569E-01, 6.1853E+00
"P                                                                                                                     "
   3004.500, -68995.490, 2.1155E+00, 6.2097E+00,-3.0273E-01, 2.6196E+00,-1.4160E-01, 5.0916E+00,-3.3691E-01, 6.1841E+00
"Z                                                                                                                     "
   3082.770, -68917.220, 2.0593E+00, 6.1670E+00,-3.4302E-01, 2.5366E+00,-5.2490E-01, 4.7156E+00,-3.3447E-01, 6.1841E+00
"P                                                                                                                     "
   3128.250, -68871.740, 2.1326E+00, 6.2354E+00,-5.7861E-01, 2.3010E+00,-3.3325E-01, 4.8889E+00,-3.3447E-01, 6.1841E+00
"B2                                                                                                                    "
   3132.630, -68867.360, 2.1277E+00, 6.2390E+00,-5.8228E-01, 2.2998E+00,-2.9053E-01, 4.9292E+00,-3.3325E-01, 6.1841E+00
"P                                                                                                                     "
   3164.370, -68835.620, 2.1509E+00, 6.2573E+00,-5.0415E-01, 2.3804E+00, 8.9111E-01, 6.1096E+00,-3.3447E-01, 6.1841E+00
"B2                                                                                                                    "
   3167.700, -68832.290, 2.0557E+00, 6.1658E+00,-5.4443E-01, 2.3376E+00, 2.0630E-01, 5.6384E+00,-3.3447E-01, 6.1841E+00
"P                                                                                                                     "
   3170.070, -68829.920, 2.0569E+00, 6.1438E+00,-2.2705E-01, 2.5989E+00, 8.2275E-01, 6.0315E+00,-3.3569E-01, 6.1841E+00
"C                                                                                                                     "
   3191.640, -68808.350, 2.0313E+00, 6.1340E+00, 2.4048E-01, 3.1067E+00, 9.3628E-01, 6.1621E+00,-3.3813E-01, 6.1841E+00
"D                                                                                                                     "
   3296.430, -68703.560, 2.1497E+00, 6.2573E+00, 4.4556E-01, 3.3057E+00, 8.6304E-01, 6.0889E+00,-3.3569E-01, 6.1829E+00
"C                                                                                                                     "
   3298.680, -68701.310, 2.1741E+00, 6.2585E+00, 4.5654E-01, 3.3167E+00, 6.0791E-01, 5.8240E+00,-3.3569E-01, 6.1829E+00
"B                                                                                                                     "
   3300.630, -68699.360, 2.1497E+00, 6.2573E+00, 4.1626E-01, 3.2849E+00, 5.2002E-01, 5.7507E+00,-3.3447E-01, 6.1829E+00
"C                                                                                                                     "
   3307.920, -68692.070, 2.1619E+00, 6.2622E+00, 7.8613E-01, 3.7280E+00, 3.4302E-01, 5.6299E+00,-3.3325E-01, 6.1829E+00
"D                                                                                                                     "
   3375.540, -68624.450, 2.0581E+00, 6.1597E+00, 4.7241E-01, 3.4351E+00, 9.8267E-01, 6.2305E+00,-3.3569E-01, 6.1816E+00
"F2                                                                                                                    "
   3377.070, -68622.920, 2.0483E+00, 6.1609E+00, 3.2349E-01, 3.1897E+00, 7.3853E-01, 5.9595E+00,-3.3691E-01, 6.1816E+00
"B                                                                                                                     "
   3389.460, -68610.530, 2.0630E+00, 6.1755E+00, 1.8677E-01, 3.0505E+00, 8.2275E-01, 6.0425E+00,-3.3447E-01, 6.1816E+00
"C                                                                                                                     "
   3391.680, -68608.310, 2.0715E+00, 6.1804E+00, 3.8696E-01, 3.2434E+00, 5.0049E-01, 5.7019E+00,-3.3569E-01, 6.1816E+00
"D                                                                                                                     "
   3395.040, -68604.950, 2.0837E+00, 6.1804E+00, 3.2104E-01, 3.1921E+00, 3.1006E-01, 5.5273E+00,-3.3936E-01, 6.1816E+00
"C                                                                                                                     "
   3397.290, -68602.700, 2.0874E+00, 6.1841E+00, 4.2969E-01, 3.2825E+00, 4.0527E-01, 5.6250E+00,-3.3569E-01, 6.1816E+00
"D                                                                                                                     "
   3411.450, -68588.540, 2.1069E+00, 6.1987E+00, 2.5391E-01, 3.1067E+00, 8.3374E-01, 6.0474E+00,-3.3447E-01, 6.1816E+00
"C                                                                                                                     "
   3417.390, -68582.600, 2.1045E+00, 6.2012E+00, 5.2246E-01, 3.3801E+00, 5.6641E-01, 5.7874E+00,-3.3936E-01, 6.1816E+00
"D                                                                                                                     "
   3420.120, -68579.870, 2.0935E+00, 6.2024E+00, 4.5166E-01, 3.2642E+00, 1.0974E+00, 6.3171E+00,-3.3691E-01, 6.1816E+00
"C                                                                                                                     "
   3424.680, -68575.310, 2.0972E+00, 6.2073E+00, 4.6631E-01, 3.3240E+00, 9.0210E-01, 6.1218E+00,-3.3691E-01, 6.1816E+00
"D                                                                                                                     "
   3519.150, -68480.840, 2.1313E+00, 6.2366E+00, 6.8726E-01, 3.5327E+00, 9.0210E-01, 6.1267E+00,-3.4058E-01, 6.1816E+00
"C                                                                                                                     "
   4021.800, -67978.190, 2.0178E+00, 6.1169E+00, 1.1743E+00, 3.8708E+00, 8.2520E-01, 6.0461E+00,-3.3081E-01, 6.1841E+00
"D                                                                                                                     "
   4021.800, -67978.190, 2.0178E+00, 6.1169E+00, 1.1743E+00, 3.8708E+00, 8.2520E-01, 6.0461E+00,-3.3081E-01, 6.1841E+00
"C                                                                                                                     "
   4022.790, -67977.200, 2.0178E+00, 6.1182E+00, 4.8584E-01, 3.3508E+00, 7.0435E-01, 5.9241E+00,-3.3447E-01, 6.1829E+00
"F2                                                                                                                    "
   4026.390, -67973.600, 2.0251E+00, 6.1206E+00, 8.0566E-01, 3.6548E+00, 8.1055E-01, 6.0242E+00,-3.3813E-01, 6.1829E+00
"B                                                                                                                     "
   4034.850, -67965.140, 2.0142E+00, 6.1279E+00, 7.7881E-01, 3.6438E+00, 9.2651E-01, 6.1499E+00,-3.3691E-01, 6.1816E+00
"D                                                                                                                     "
   4039.860, -67960.130, 2.0203E+00, 6.1304E+00, 7.0435E-01, 3.5535E+00, 9.2285E-01, 6.1438E+00,-3.3569E-01, 6.1816E+00
"B                                                                                                                     "
   4045.860, -67954.130, 2.0471E+00, 6.1353E+00, 7.4707E-01, 3.5840E+00, 9.3872E-01, 6.1560E+00,-3.3691E-01, 6.1829E+00
"D                                                                                                                     "
   4593.900, -67406.090, 2.0190E+00, 6.1316E+00, 9.0942E-01, 3.7573E+00,-5.2979E-01, 4.7070E+00,-3.3691E-01, 6.1829E+00
"B                                                                                                                     "
   4594.860, -67405.130, 2.0386E+00, 6.1292E+00, 9.1797E-01, 3.7854E+00,-5.2490E-01, 4.7070E+00,-3.3447E-01, 6.1829E+00
"C                                                                                                                     "
   4595.580, -67404.410, 2.0227E+00, 6.1292E+00, 9.2529E-01, 3.7671E+00,-5.2734E-01, 4.7083E+00,-3.3691E-01, 6.1829E+00
"D                                                                                                                     "
   5116.500, -66883.490, 1.9287E+00, 6.0205E+00, 5.6641E-01, 3.4509E+00,-5.2368E-01, 4.7083E+00,-3.3447E-01, 6.1841E+00
"F2                                                                                                                    "
   5119.290, -66880.700, 1.9226E+00, 6.0144E+00, 6.7871E-01, 3.5132E+00,-5.2490E-01, 4.7095E+00,-3.3447E-01, 6.1841E+00
"F3                                                                                                                    "
   5130.330, -66869.660, 1.8689E+00, 5.9766E+00, 5.9814E-01, 3.4583E+00,-5.2368E-01, 4.7083E+00,-3.3325E-01, 6.1841E+00
"B                                                                                                                     "
   5136.900, -66863.090, 1.8848E+00, 5.9778E+00, 7.2021E-01, 3.5754E+00,-5.2368E-01, 4.7095E+00,-3.3325E-01, 6.1841E+00
"C                                                                                                                     "
   5137.440, -66862.550, 1.8640E+00, 5.9778E+00, 7.7515E-01, 3.6182E+00,-5.2246E-01, 4.7095E+00,-3.3569E-01, 6.1841E+00
"D                                                                                                                     "
   5742.510, -66257.480, 1.8591E+00, 5.9485E+00, 7.0801E-01, 3.5571E+00,-5.2246E-01, 4.7107E+00,-3.2959E-01, 6.1877E+00
"G                                                                                                                     "
   6403.950, -65596.040,-6.0181E-01, 3.5437E+00,-9.8877E-02, 2.8003E+00,-5.2612E-01, 4.7095E+00,-3.3569E-01, 6.1865E+00
"CG                                                                                                                    "
   6507.120, -65492.870,-5.9814E-01, 3.5425E+00, 6.0425E-01, 3.4583E+00,-5.2612E-01, 4.7083E+00,-3.3203E-01, 6.1853E+00
"G                                                                                                                     "
   7245.690, -64754.300,-6.0059E-01, 3.5400E+00, 2.3560E-01, 3.1055E+00,-5.2612E-01, 4.7058E+00,-3.3447E-01, 6.1829E+00
"DG                                                                                                                    "
   7292.250, -64707.740,-6.0669E-01, 3.5400E+00, 5.1392E-01, 3.3716E+00,-5.2856E-01, 4.7058E+00,-3.4058E-01, 6.1816E+00
"F2                                                                                                                    "
   7294.770, -64705.220,-6.0181E-01, 3.5413E+00, 3.7476E-01, 3.2385E+00,-5.2734E-01, 4.7058E+00,-3.3569E-01, 6.1829E+00
"G                                                                                                                     "
   8209.770, -63790.220,-6.0425E-01, 3.5425E+00, 7.7271E-01, 3.6267E+00,-5.2124E-01, 4.7107E+00,-3.3325E-01, 6.1841E+00
"C                                                                                                                     "
   8211.930, -63788.060,-6.0059E-01, 3.5437E+00, 5.8105E-01, 3.4216E+00,-5.2246E-01, 4.7107E+00,-3.3447E-01, 6.1841E+00
"D                                                                                                                     "
   8216.160, -63783.830,-5.9692E-01, 3.5449E+00, 5.5420E-01, 3.4021E+00,-5.1880E-01, 4.7107E+00,-3.3203E-01, 6.1853E+00
"B                                                                                                                     "
   8218.320, -63781.670,-6.0181E-01, 3.5425E+00, 6.9092E-01, 3.3691E+00,-5.2368E-01, 4.7107E+00,-3.3203E-01, 6.1841E+00
"D                                                                                                                     "
   8223.570, -63776.420,-6.0547E-01, 3.5437E+00, 4.2603E-01, 3.2874E+00,-5.2612E-01, 4.7107E+00,-3.3691E-01, 6.1841E+00
"C                                                                                                                     "
   8230.410, -63769.580,-5.9570E-01, 3.5449E+00, 5.9204E-01, 3.4436E+00,-5.2124E-01, 4.7107E+00,-3.3081E-01, 6.1853E+00
"D                                                                                                                     "
   8259.570, -63740.420,-6.0303E-01, 3.5425E+00, 4.3457E-01, 3.2922E+00,-5.2490E-01, 4.7107E+00,-3.3447E-01, 6.1841E+00
"F2                                                                                                                    "
   8261.580, -63738.410,-6.0059E-01, 3.5425E+00, 5.8960E-01, 3.3716E+00,-5.2002E-01, 4.7107E+00,-3.3203E-01, 6.1853E+00
"F3                                                                                                                    "
   8267.130, -63732.860,-5.9937E-01, 3.5437E+00, 4.0771E-01, 3.3020E+00,-5.2368E-01, 4.7107E+00,-3.3569E-01, 6.1853E+00
"B                                                                                                                     "
   8275.590, -63724.400,-5.9692E-01, 3.5437E+00, 3.7842E-01, 3.2312E+00,-5.2246E-01, 4.7107E+00,-3.3691E-01, 6.1853E+00
"D                                                                                                                     "
   8336.340, -63663.650,-6.0059E-01, 3.5425E+00, 5.5420E-01, 3.4253E+00,-5.2490E-01, 4.7095E+00,-3.3691E-01, 6.1841E+00
"F2                                                                                                                    "
   8338.860, -63661.130,-6.0425E-01, 3.5425E+00, 5.7861E-01, 3.4204E+00,-5.2612E-01, 4.7095E+00,-3.3569E-01, 6.1841E+00
"G                                                                                                                     "
   9509.280, -62490.710,-6.0059E-01, 3.5425E+00,-3.3203E-01, 2.5574E+00,-5.2246E-01, 4.7095E+00,-3.3081E-01, 6.1853E+00
"Z                                                                                                                     "
  15005.130, -56994.860,-5.9814E-01, 3.5425E+00,-3.7476E-01, 2.4890E+00,-5.2124E-01, 4.7107E+00,-3.3203E-01, 6.1841E+00
"P                                                                                                                     "
  15058.320, -56941.670,-6.0059E-01, 3.5425E+00,-1.4294E+00, 1.4856E+00,-5.2124E-01, 4.7095E+00,-3.3569E-01, 6.1841E+00
"B2                                                                                                                    "
  15064.110, -56935.880,-6.0181E-01, 3.5425E+00,-1.3367E+00, 1.5759E+00,-5.2368E-01, 4.7095E+00,-3.3813E-01, 6.1841E+00
"P                                                                                                                     "
  15110.430, -56889.560,-6.0425E-01, 3.5437E+00,-1.1060E+00, 1.7969E+00,-5.2368E-01, 4.7107E+00,-3.3569E-01, 6.1865E+00
"B2                                                                                                                    "
  15114.870, -56885.120,-6.0547E-01, 3.5437E+00,-1.2708E+00, 1.6333E+00,-5.2490E-01, 4.7107E+00,-3.3447E-01, 6.1853E+00
"P                                                                                                                     "
  15151.290, -56848.700,-6.0913E-01, 3.5352E+00,-1.3318E+00, 1.5759E+00,-5.2124E-01, 4.7119E+00,-3.3081E-01, 6.1853E+00
"G                                                                                                                     "
  15182.040, -56817.950,-5.9448E-01, 3.5449E+00,-4.5044E-01, 2.2937E+00,-5.2002E-01, 4.7131E+00,-3.3203E-01, 6.1853E+00
"Z                                                                                                                     "
  15240.060, -56759.930,-6.0181E-01, 3.5449E+00,-3.4546E-01, 2.5269E+00,-5.2002E-01, 4.7131E+00,-3.3081E-01, 6.1865E+00
"P                                                                                                                     "
  15254.430, -56745.560,-5.9814E-01, 3.5461E+00,-1.0278E+00, 1.7834E+00,-5.1758E-01, 4.7144E+00,-3.3203E-01, 6.1865E+00
"G                                                                                                                     "
  15265.380, -56734.610,-6.0059E-01, 3.5449E+00,-9.8999E-01, 1.8896E+00,-5.1880E-01, 4.7144E+00,-3.3325E-01, 6.1877E+00
"B2                                                                                                                    "
  15269.640, -56730.350,-5.9937E-01, 3.5449E+00,-8.7891E-01, 2.0007E+00,-5.2246E-01, 4.7131E+00,-3.3447E-01, 6.1865E+00
"P                                                                                                                     "
  15294.600, -56705.390,-6.0059E-01, 3.5461E+00,-9.8633E-01, 1.9043E+00,-5.2002E-01, 4.7144E+00,-3.3325E-01, 6.1865E+00
"G                                                                                                                     "
  15305.790, -56694.200,-5.9937E-01, 3.5449E+00,-8.3740E-01, 2.0410E+00,-5.1758E-01, 4.7131E+00,-3.2959E-01, 6.1865E+00
"Z                                                                                                                     "
  15353.910, -56646.080,-6.0059E-01, 3.5449E+00,-3.4790E-01, 2.5244E+00,-5.1758E-01, 4.7144E+00,-3.2227E-01, 6.1975E+00
"P                                                                                                                     "
  15411.600, -56588.390,-5.9570E-01, 3.5449E+00,-6.1890E-01, 2.2595E+00,-5.1758E-01, 4.7131E+00,-3.3081E-01, 6.1877E+00
"B2                                                                                                                    "
  15416.400, -56583.590,-6.0303E-01, 3.5437E+00,-6.9580E-01, 2.2083E+00,-5.1880E-01, 4.7144E+00,-3.2959E-01, 6.1877E+00
"P                                                                                                                     "
  15425.250, -56574.740,-5.9692E-01, 3.5449E+00,-6.3843E-01, 2.1887E+00,-5.1636E-01, 4.7144E+00,-3.3081E-01, 6.1877E+00
"G                                                                                                                     "
  15460.320, -56539.670,-6.0425E-01, 3.5437E+00,-4.1870E-01, 2.4524E+00,-5.2368E-01, 4.7131E+00,-3.3569E-01, 6.1865E+00
"Z                                                                                                                     "
  15502.200, -56497.790,-5.9937E-01, 3.5449E+00,-1.0156E+00, 1.8945E+00,-5.1880E-01, 4.7119E+00,-3.3325E-01, 6.1865E+00
"P                                                                                                                     "
  15529.620, -56470.370,-5.9937E-01, 3.5437E+00,-1.0425E+00, 1.8506E+00,-5.1758E-01, 4.7107E+00,-3.3203E-01, 6.1865E+00
"G                                                                                                                     "
  15609.540, -56390.450,-5.9692E-01, 3.5437E+00,-3.6621E-01, 2.4866E+00,-5.2246E-01, 4.7107E+00,-3.3447E-01, 6.1841E+00
"Z                                                                                                                     "
  15817.320, -56182.670,-6.0303E-01, 3.5437E+00,-3.5400E-01, 2.5208E+00,-4.2480E-01, 4.9048E+00,-3.2959E-01, 6.1853E+00
"P                                                                                                                     "
  15832.830, -56167.160,-5.9448E-01, 3.5437E+00,-1.3293E+00, 1.5771E+00,-4.9561E-01, 4.7485E+00,-3.3081E-01, 6.1853E+00
"B2                                                                                                                    "
  15835.740, -56164.250,-6.0059E-01, 3.5437E+00,-1.3110E+00, 1.5955E+00,-4.9683E-01, 4.7339E+00,-3.3691E-01, 6.1853E+00
"P                                                                                                                     "
  15840.810, -56159.180,-6.0303E-01, 3.5437E+00,-1.3367E+00, 1.5747E+00,-5.1758E-01, 4.7156E+00,-3.3691E-01, 6.1853E+00
"B2                                                                                                                    "
  15845.430, -56154.560,-6.0059E-01, 3.5449E+00,-1.2756E+00, 1.6394E+00,-5.2002E-01, 4.7131E+00,-3.3691E-01, 6.1853E+00
"P                                                                                                                     "
  15855.720, -56144.270,-5.9814E-01, 3.5449E+00,-1.2915E+00, 1.6138E+00,-5.1758E-01, 4.7131E+00,-3.3081E-01, 6.1865E+00
"B2                                                                                                                    "
  15859.050, -56140.940,-5.9814E-01, 3.5437E+00,-1.3025E+00, 1.6016E+00,-5.1758E-01, 4.7131E+00,-3.3081E-01, 6.1853E+00
"P                                                                                                                     "
  15925.770, -56074.220,-5.9570E-01, 3.5461E+00,-1.4478E+00, 1.4600E+00,-5.1758E-01, 4.7131E+00,-3.3325E-01, 6.1877E+00
"B2                                                                                                                    "
  15930.750, -56069.240,-5.9937E-01, 3.5449E+00,-1.5002E+00, 1.4246E+00,-5.1636E-01, 4.7131E+00,-3.2959E-01, 6.1865E+00
"P                                                                                                                     "
  16016.400, -55983.590,-5.9814E-01, 3.5449E+00,-1.4539E+00, 1.4661E+00,-5.1880E-01, 4.7144E+00,-3.3447E-01, 6.1877E+00
"G                                                                                                                     "
  16028.730, -55971.260,-5.9204E-01, 3.5449E+00,-4.6875E-01, 2.2559E+00,-5.1514E-01, 4.7144E+00,-3.2837E-01, 6.1865E+00
"Z                                                                                                                     "
  16043.520, -55956.470,-5.9692E-01, 3.5461E+00,-8.4717E-01, 2.2937E+00,-5.1880E-01, 4.7144E+00,-3.3081E-01, 6.1865E+00
"P                                                                                                                     "
  16066.230, -55933.760,-5.9692E-01, 3.5449E+00,-7.7637E-01, 2.0129E+00,-5.1636E-01, 4.7144E+00,-3.2593E-01, 6.1865E+00
"G                                                                                                                     "
  16091.670, -55908.320,-6.0181E-01, 3.5449E+00,-3.6499E-01, 2.5024E+00,-5.2002E-01, 4.7131E+00,-3.3081E-01, 6.1865E+00
"P                                                                                                                     "
  16236.390, -55763.600,-6.0181E-01, 3.5437E+00,-1.9202E+00, 1.0254E+00,-5.2002E-01, 4.7107E+00,-3.3325E-01, 6.1853E+00
"G                                                                                                                     "
  16245.210, -55754.780,-6.0547E-01, 3.5425E+00,-4.1260E-01, 2.3669E+00,-5.2002E-01, 4.7119E+00,-3.3325E-01, 6.1853E+00
"Z                                                                                                                     "
  16254.330, -55745.660,-5.9692E-01, 3.5425E+00,-7.6538E-01, 2.1191E+00,-5.2246E-01, 4.7107E+00,-3.3203E-01, 6.1841E+00
"P                                                                                                                     "
  16268.280, -55731.710,-5.9814E-01, 3.5437E+00,-1.3049E+00, 1.5833E+00,-5.1880E-01, 4.7107E+00,-3.3569E-01, 6.1853E+00
"G                                                                                                                     "
  16279.290, -55720.700,-5.9937E-01, 3.5425E+00,-1.1279E+00, 1.8188E+00,-5.2246E-01, 4.7107E+00,-3.3569E-01, 6.1853E+00
"Z                                                                                                                     "
  16323.870, -55676.120,-6.0303E-01, 3.5437E+00,-1.1523E+00, 1.7566E+00,-5.2124E-01, 4.7119E+00,-2.9541E-01, 6.2634E+00
"Z                                                                                                                     "
  17042.010, -54957.980,-6.0303E-01, 3.5425E+00,-1.5015E-01, 2.5806E+00,-5.2124E-01, 4.7107E+00,-3.2837E-01, 6.1865E+00
"P                                                                                                                     "
  17075.640, -54924.350,-6.0059E-01, 3.5413E+00,-1.6150E+00, 1.3000E+00,-5.2002E-01, 4.7131E+00,-3.2837E-01, 6.1865E+00
"B2                                                                                                                    "
  17079.780, -54920.210,-5.9937E-01, 3.5437E+00,-1.6052E+00, 1.3013E+00,-5.1880E-01, 4.7131E+00,-3.3203E-01, 6.1865E+00
"P                                                                                                                     "
  17091.570, -54908.420,-6.0059E-01, 3.5437E+00,-1.1255E+00, 1.6821E+00,-3.5400E-01, 4.8218E+00,-3.3325E-01, 6.1865E+00
"G                                                                                                                     "
  17106.780, -54893.210,-5.9692E-01, 3.5437E+00,-1.4136E+00, 1.4954E+00,-5.2002E-01, 4.7131E+00,-3.3325E-01, 6.1865E+00
"P                                                                                                                     "
  17119.380, -54880.610,-5.9448E-01, 3.5449E+00,-1.3452E+00, 1.5552E+00,-5.1880E-01, 4.7131E+00,-3.2837E-01, 6.1865E+00
"G                                                                                                                     "
  17144.370, -54855.620,-6.0059E-01, 3.5449E+00,-3.6621E-01, 2.4878E+00,-5.1880E-01, 4.7168E+00,-3.2959E-01, 6.1877E+00
"Z                                                                                                                     "
  17160.570, -54839.420,-5.9814E-01, 3.5449E+00,-5.9326E-01, 2.4158E+00,-5.1514E-01, 4.7144E+00,-3.2959E-01, 6.1877E+00
"P                                                                                                                     "
  17171.910, -54828.080,-6.0059E-01, 3.5449E+00,-1.0767E+00, 1.8152E+00,-5.1636E-01, 4.7156E+00,-3.2837E-01, 6.1877E+00
"P                                                                                                                     "
  17216.100, -54783.890,-5.9570E-01, 3.5449E+00,-3.2959E-01, 2.5171E+00,-5.1514E-01, 4.7144E+00,-3.2715E-01, 6.1877E+00
"Z                                                                                                                     "
  17262.060, -54737.930,-5.9814E-01, 3.5449E+00,-7.2754E-01, 2.1545E+00,-5.1636E-01, 4.7156E+00,-3.2593E-01, 6.1902E+00
"P                                                                                                                     "
  17284.650, -54715.340,-5.9937E-01, 3.5461E+00,-2.5024E-01, 2.4072E+00,-5.2002E-01, 4.7156E+00,-3.2959E-01, 6.1877E+00
"Z                                                                                                                     "
  17530.710, -54469.280,-6.0181E-01, 3.5425E+00,-3.5400E-01, 2.5220E+00,-5.2246E-01, 4.7119E+00,-3.3569E-01, 6.1853E+00
"P                                                                                                                     "
  17554.740, -54445.250,-5.9814E-01, 3.5437E+00,-1.3049E+00, 1.6040E+00,-5.2002E-01, 4.7119E+00,-3.2959E-01, 6.1853E+00
"G                                                                                                                     "
  17574.780, -54425.210,-6.0425E-01, 3.5425E+00,-7.9102E-01, 2.1118E+00,-5.2490E-01, 4.7119E+00,-3.3569E-01, 6.1853E+00
"P                                                                                                                     "
  17591.310, -54408.680,-6.0059E-01, 3.5437E+00,-9.1797E-01, 1.9629E+00,-5.1758E-01, 4.7119E+00,-3.2959E-01, 6.1853E+00
"G                                                                                                                     "
  17629.110, -54370.880,-5.9814E-01, 3.5437E+00,-9.1797E-01, 2.0532E+00,-5.1880E-01, 4.7119E+00,-3.3569E-01, 6.1865E+00
"Z                                                                                                                     "
  17708.850, -54291.140,-5.6763E-01, 3.5620E+00,-3.5156E-01, 2.5232E+00,-5.1880E-01, 4.7131E+00,-3.3081E-01, 6.1865E+00
"P                                                                                                                     "
  17786.100, -54213.890,-5.9937E-01, 3.5437E+00,-1.2805E+00, 1.6199E+00,-5.1758E-01, 4.7144E+00,-3.3203E-01, 6.1877E+00
"G                                                                                                                     "
  17799.690, -54200.300,-6.0181E-01, 3.5437E+00,-8.2275E-01, 1.8530E+00,-5.1758E-01, 4.7144E+00,-3.0396E-01, 6.2146E+00
"Z                                                                                                                     "
  17884.440, -54115.550,-5.9692E-01, 3.5449E+00,-4.3213E-01, 2.4597E+00,-5.1758E-01, 4.7156E+00,-3.1494E-01, 6.2012E+00
"P                                                                                                                     "
  17926.200, -54073.790,-5.9937E-01, 3.5449E+00,-8.5693E-01, 1.9006E+00,-5.1514E-01, 4.7144E+00,-3.1616E-01, 6.1987E+00
"G                                                                                                                     "
  17998.560, -54001.430,-6.0303E-01, 3.5437E+00,-4.3091E-01, 2.3206E+00,-5.1514E-01, 4.7144E+00,-3.1616E-01, 6.1975E+00
"Z                                                                                                                     "
  19134.420, -52865.570,-5.9937E-01, 3.5449E+00,-4.7119E-01, 2.3999E+00,-5.1758E-01, 4.7144E+00,-3.3081E-01, 6.1865E+00
"P                                                                                                                     "
  19146.210, -52853.780,-5.9814E-01, 3.5461E+00,-1.1792E+00, 1.7151E+00,-5.1514E-01, 4.7156E+00,-3.3081E-01, 6.1865E+00
"G                                                                                                                     "
  19219.470, -52780.520,-6.0059E-01, 3.5461E+00,-1.0303E+00, 1.8738E+00,-5.1636E-01, 4.7156E+00,-3.3081E-01, 6.1890E+00
"Z                                                                                                                     "
  19410.150, -52589.840,-6.0181E-01, 3.5449E+00,-3.4302E-01, 2.5220E+00,-5.1880E-01, 4.7144E+00,-3.3325E-01, 6.1853E+00
"P                                                                                                                     "
  19471.200, -52528.790,-5.9814E-01, 3.5437E+00,-4.4922E-01, 2.3230E+00,-5.1880E-01, 4.7131E+00,-3.3325E-01, 6.1865E+00
"Z                                                                                                                     "
  19487.790, -52512.200,-6.0059E-01, 3.5437E+00,-6.1035E-03, 2.7527E+00,-5.1758E-01, 4.7119E+00,-3.3325E-01, 6.1853E+00
"P                                                                                                                     "
  19499.580, -52500.410,-5.9692E-01, 3.5437E+00,-6.8115E-01, 2.1826E+00,-5.1880E-01, 4.7131E+00,-3.2959E-01, 6.1853E+00
"G                                                                                                                     "
  19579.860, -52420.130,-6.0303E-01, 3.5437E+00,-3.5522E-01, 2.5171E+00,-5.2002E-01, 4.7131E+00,-3.3569E-01, 6.1853E+00
"Z                                                                                                                     "
  19612.170, -52387.820,-6.0059E-01, 3.5449E+00,-3.0029E-01, 2.5647E+00,-5.2002E-01, 4.7131E+00,-3.3447E-01, 6.1853E+00
"P                                                                                                                     "
  19626.570, -52373.420,-6.0669E-01, 3.5437E+00,-9.8877E-01, 1.8335E+00,-5.2124E-01, 4.7131E+00,-3.3325E-01, 6.1853E+00
"G                                                                                                                     "
  19675.770, -52324.220,-5.9814E-01, 3.5437E+00,-8.0444E-01, 2.0972E+00,-5.2002E-01, 4.7131E+00,-3.3325E-01, 6.1853E+00
"Z                                                                                                                     "
  19703.940, -52296.050,-6.0059E-01, 3.5449E+00,-2.0508E-01, 2.6343E+00,-5.1880E-01, 4.7144E+00,-3.2959E-01, 6.1853E+00
"P                                                                                                                     "
  19722.930, -52277.060,-5.9692E-01, 3.5437E+00,-9.1431E-01, 1.9690E+00,-5.2002E-01, 4.7131E+00,-3.3203E-01, 6.1865E+00
"G                                                                                                                     "
  19730.460, -52269.530,-5.9570E-01, 3.5449E+00,-1.2000E+00, 1.7017E+00,-5.1758E-01, 4.7131E+00,-3.3203E-01, 6.1865E+00
"B2                                                                                                                    "
  19734.270, -52265.720,-6.0547E-01, 3.5449E+00,-1.0754E+00, 1.8335E+00,-5.2002E-01, 4.7131E+00,-3.3325E-01, 6.1865E+00
"P                                                                                                                     "
  19749.030, -52250.960,-5.9814E-01, 3.5449E+00,-6.4087E-01, 2.2363E+00,-5.1880E-01, 4.7144E+00,-3.3325E-01, 6.1865E+00
"P                                                                                                                     "
  19917.990, -52082.000,-5.9448E-01, 3.5461E+00,-4.5776E-01, 2.3645E+00,-5.1514E-01, 4.7168E+00,-3.1494E-01, 6.1938E+00
"Z                                                                                                                     "
  19946.460, -52053.530,-5.9692E-01, 3.5474E+00,-3.5278E-01, 2.5195E+00,-5.1636E-01, 4.7168E+00,-3.2593E-01, 6.1890E+00
"G                                                                                                                     "
  20108.190, -51891.800,-5.9692E-01, 3.5449E+00,-3.3691E-01, 2.5439E+00,-5.1636E-01, 4.7144E+00,-3.3081E-01, 6.1877E+00
"Z                                                                                                                     "
  20397.510, -51602.480,-5.9814E-01, 3.5449E+00,-3.3325E-01, 2.5269E+00,-5.2002E-01, 4.7131E+00,-3.3325E-01, 6.1865E+00
"P                                                                                                                     "
  20603.490, -51396.500,-5.9937E-01, 3.5474E+00,-3.6987E-01, 2.4988E+00,-5.1758E-01, 4.7168E+00,-3.3081E-01, 6.1890E+00
"Z                                                                                                                     "
  22339.770, -49660.220,-5.9937E-01, 3.5425E+00,-3.5278E-01, 2.5208E+00,-5.2490E-01, 4.7083E+00,-3.3325E-01, 6.1829E+00
"P                                                                                                                     "
  22469.430, -49530.560,-5.9937E-01, 3.5437E+00,-1.1035E+00, 1.7932E+00,-5.2124E-01, 4.7107E+00,-3.3569E-01, 6.1841E+00
"G                                                                                                                     "
  22519.710, -49480.280,-6.0303E-01, 3.5437E+00,-1.5625E-01, 2.7209E+00,-8.0078E-01, 4.4507E+00,-3.3813E-01, 6.1841E+00
"Z                                                                                                                     "
  23697.750, -48302.240,-1.2695E-01, 3.9929E+00,-3.2349E-01, 2.5256E+00, 7.7881E-01, 5.9900E+00,-3.3691E-01, 6.1841E+00
"P                                                                                                                     "
  23710.440, -48289.550,-2.4292E-01, 3.8953E+00,-9.7168E-01, 1.9604E+00, 8.1299E-01, 6.0376E+00,-3.3813E-01, 6.1841E+00
"G                                                                                                                     "
  23773.020, -48226.970,-1.0986E-01, 4.0186E+00,-4.6631E-01, 2.3755E+00, 7.5806E-01, 5.9753E+00,-3.3569E-01, 6.1841E+00
"Z                                                                                                                     "
  23847.690, -48152.300,-6.0669E-01, 3.5425E+00, 1.4404E-01, 2.9370E+00, 7.2510E-01, 5.9534E+00,-3.3691E-01, 6.1841E+00
"P                                                                                                                     "
  23933.130, -48066.860,-6.0059E-01, 3.5400E+00,-6.2866E-01, 2.2498E+00, 7.3853E-01, 5.9485E+00,-3.3569E-01, 6.1829E+00
"G                                                                                                                     "
  23990.370, -48009.620,-6.0791E-01, 3.5388E+00,-4.6997E-01, 2.4036E+00, 6.3721E-01, 5.8643E+00,-3.3569E-01, 6.1816E+00
"Z                                                                                                                     "
  24614.430, -47385.560, 5.0049E-02, 4.1895E+00,-2.5146E-01, 2.5635E+00, 5.0903E-01, 5.7385E+00,-3.4058E-01, 6.1804E+00
"P                                                                                                                     "
  24652.650, -47347.340, 1.1230E-01, 4.2456E+00,-5.8105E-01, 2.2986E+00, 5.6152E-01, 5.7849E+00,-3.3447E-01, 6.1841E+00
"G                                                                                                                     "
  24729.630, -47270.360,-3.9917E-01, 3.7427E+00,-4.2480E-01, 2.4500E+00, 9.0210E-01, 6.1169E+00,-3.3569E-01, 6.1804E+00
"Z                                                                                                                     "
  36000.900, -35999.090,-6.0669E-01, 3.5364E+00,-3.5400E-01, 2.5208E+00, 3.1616E-01, 5.5420E+00,-3.3813E-01, 6.1792E+00
