"NP                                                                                                                    "
    124.740, -71875.250,-3.5400E-02, 4.0930E+00,-3.6377E-01, 2.5183E+00,-5.0049E-01, 4.7290E+00, 1.7126E+00, 8.1055E+00
"P                                                                                                                     "
    167.850, -71832.140,-3.9063E-02, 4.0930E+00,-3.6011E-01, 2.5171E+00,-4.9194E-01, 4.7339E+00, 4.6387E-01, 7.4207E+00
"Z                                                                                                                     "
   7454.460, -64545.530, 1.8359E+00, 5.8789E+00,-3.5645E-01, 2.5208E+00,-5.1147E-01, 4.7192E+00, 5.5542E-01, 6.6052E+00
"P                                                                                                                     "
   7691.130, -64308.860, 2.3169E+00, 6.4124E+00,-3.6133E-01, 2.5208E+00,-5.1392E-01, 4.7168E+00,-1.1963E-01, 6.6003E+00
"Z                                                                                                                     "
  19627.020, -52372.970, 2.2620E+00, 6.3513E+00, 2.1973E-02, 2.9248E+00,-4.9438E-01, 4.7327E+00,-3.0396E-01, 6.2146E+00
"P                                                                                                                     "
  19646.610, -52353.380, 2.3254E+00, 6.4099E+00, 1.2878E+00, 4.1260E+00,-4.9194E-01, 4.7339E+00, 3.0273E-01, 6.8506E+00
"Z                                                                                                                     "
  25754.310, -46245.680, 2.2595E+00, 6.3623E+00, 1.6589E+00, 4.4849E+00,-4.9683E-01, 4.7314E+00, 7.1167E-01, 6.9080E+00
"P                                                                                                                     "
  25803.840, -46196.150, 2.2461E+00, 6.3342E+00,-1.0986E-02, 2.8516E+00,-4.9438E-01, 4.7327E+00,-5.2246E-01, 5.9839E+00
"B2                                                                                                                    "
  25809.000, -46190.990, 2.2119E+00, 6.3037E+00, 9.0332E-02, 3.0444E+00,-4.9561E-01, 4.7327E+00,-5.8472E-01, 5.9326E+00
"P                                                                                                                     "
  25817.310, -46182.680, 2.2058E+00, 6.3123E+00,-1.2207E-02, 2.8540E+00,-4.9561E-01, 4.7327E+00,-3.1006E-01, 6.1377E+00
"C                                                                                                                     "
  25827.000, -46172.990, 2.2729E+00, 6.3611E+00,-1.0986E-02, 2.8552E+00,-4.9438E-01, 4.7327E+00,-2.4658E-01, 6.2598E+00
"D                                                                                                                     "
  25839.660, -46160.330, 2.2815E+00, 6.3635E+00, 1.2207E-01, 3.1238E+00,-4.9316E-01, 4.7327E+00,-2.4292E-01, 6.2866E+00
"C                                                                                                                     "
  25847.640, -46152.350, 2.2937E+00, 6.3989E+00,-6.1035E-03, 2.8601E+00,-4.9438E-01, 4.7327E+00,-1.0986E-01, 6.4026E+00
"D                                                                                                                     "
  25856.550, -46143.440, 2.3291E+00, 6.4270E+00, 0.0000E+00, 2.8650E+00,-4.9072E-01, 4.7351E+00,-1.9653E-01, 6.3306E+00
"C                                                                                                                     "
  25861.110, -46138.880, 2.3877E+00, 6.4734E+00, 6.1035E-03, 2.8662E+00,-4.9194E-01, 4.7339E+00,-1.4038E-01, 6.3599E+00
"D                                                                                                                     "
  25872.540, -46127.450, 2.2168E+00, 6.2988E+00, 1.6394E+00, 4.4727E+00,-4.9194E-01, 4.7339E+00,-1.1108E-01, 6.4038E+00
"B                                                                                                                     "
  25873.140, -46126.850, 2.1924E+00, 6.2976E+00, 1.6125E+00, 4.4543E+00,-4.9194E-01, 4.7351E+00,-3.0151E-01, 6.2207E+00
"F2                                                                                                                    "
  25875.780, -46124.210, 2.2095E+00, 6.3110E+00, 1.4246E+00, 4.1089E+00,-4.9194E-01, 4.7339E+00,-1.5381E-01, 6.3672E+00
"B                                                                                                                     "
  25878.090, -46121.900, 2.2400E+00, 6.3245E+00,-4.8828E-03, 2.8601E+00,-4.9316E-01, 4.7339E+00, 7.3242E-03, 6.3818E+00
"C                                                                                                                     "
  25880.820, -46119.170, 2.2131E+00, 6.3110E+00,-3.6621E-03, 2.8650E+00,-4.9438E-01, 4.7351E+00,-2.0752E-02, 6.6565E+00
"D                                                                                                                     "
  25933.680, -46066.310, 2.2778E+00, 6.3745E+00, 1.3708E+00, 4.2114E+00,-4.9316E-01, 4.7351E+00, 2.7100E-01, 6.7712E+00
"C                                                                                                                     "
  25939.620, -46060.370, 2.2009E+00, 6.3037E+00, 1.1450E+00, 3.9893E+00,-4.9316E-01, 4.7351E+00, 1.3550E-01, 6.6772E+00
"F2                                                                                                                    "
  25942.170, -46057.820, 2.2156E+00, 6.3037E+00, 2.6855E-02, 2.8894E+00,-4.9072E-01, 4.7351E+00, 2.9907E-01, 6.7969E+00
"B                                                                                                                     "
  25947.990, -46052.000, 2.2607E+00, 6.3416E+00, 2.4414E-02, 2.8857E+00,-4.9316E-01, 4.7339E+00, 7.9346E-02, 6.5955E+00
"FB                                                                                                                    "
  25952.910, -46047.080, 2.2693E+00, 6.3574E+00, 1.3550E-01, 3.1042E+00,-4.9561E-01, 4.7339E+00, 2.6855E-02, 6.5320E+00
"B                                                                                                                     "
  25977.240, -46022.750, 2.2485E+00, 6.3293E+00, 2.5635E-02, 2.8857E+00,-4.9316E-01, 4.7339E+00, 2.0386E-01, 6.7126E+00
"C                                                                                                                     "
  25978.890, -46021.100, 2.2437E+00, 6.3281E+00, 2.0752E-02, 2.8857E+00,-4.9316E-01, 4.7339E+00, 2.2705E-01, 6.7590E+00
"B                                                                                                                     "
  25981.110, -46018.880, 2.2363E+00, 6.3306E+00, 2.1973E-02, 2.8845E+00,-4.9561E-01, 4.7339E+00, 2.8564E-01, 6.7749E+00
"C                                                                                                                     "
  25982.220, -46017.770, 2.2388E+00, 6.3318E+00, 2.5635E-02, 2.8845E+00,-4.9438E-01, 4.7339E+00, 1.7334E-01, 6.6748E+00
"B                                                                                                                     "
  25984.410, -46015.580, 2.2327E+00, 6.3379E+00, 1.2207E-02, 2.8821E+00,-4.9438E-01, 4.7339E+00, 4.0161E-01, 7.0032E+00
"C                                                                                                                     "
  25992.630, -46007.360, 2.2498E+00, 6.3489E+00, 2.1973E-02, 2.8870E+00,-4.9438E-01, 4.7339E+00, 2.0630E-01, 6.7261E+00
"B                                                                                                                     "
  25993.410, -46006.580, 2.2632E+00, 6.3440E+00, 2.8076E-02, 2.8870E+00,-4.9316E-01, 4.7339E+00, 2.8809E-01, 6.7883E+00
"C                                                                                                                     "
  25995.510, -46004.480, 2.2656E+00, 6.3489E+00, 2.3193E-02, 2.8857E+00,-4.9438E-01, 4.7339E+00, 3.2349E-01, 7.0044E+00
"B                                                                                                                     "
  25997.700, -46002.290, 2.2693E+00, 6.3562E+00, 1.6492E+00, 4.4836E+00,-4.9072E-01, 4.7351E+00, 5.8472E-01, 7.0459E+00
"C                                                                                                                     "
  25998.870, -46001.120, 2.2644E+00, 6.3586E+00, 1.3123E+00, 4.1528E+00,-4.9316E-01, 4.7339E+00, 2.8564E-01, 6.8213E+00
"B                                                                                                                     "
  26006.340, -45993.650, 2.2815E+00, 6.3879E+00, 1.2939E+00, 4.1321E+00,-4.9438E-01, 4.7351E+00, 3.3569E-01, 6.8396E+00
"P                                                                                                                     "
  26027.250, -45972.740, 2.2339E+00, 6.3354E+00, 1.6394E+00, 4.4751E+00,-4.9072E-01, 4.7339E+00, 2.9419E-01, 6.8127E+00
"FB                                                                                                                    "
  26032.590, -45967.400, 2.2705E+00, 6.3513E+00, 4.0283E-02, 2.9004E+00,-4.9438E-01, 4.7339E+00,-2.7344E-01, 6.3013E+00
"Z                                                                                                                     "
  26211.600, -45788.390, 2.2632E+00, 6.3440E+00, 1.8713E+00, 4.6863E+00,-4.9683E-01, 4.7314E+00, 4.2236E-01, 6.8469E+00
"P                                                                                                                     "
  26239.920, -45760.070, 2.2205E+00, 6.3245E+00, 1.9348E+00, 4.7632E+00,-4.9561E-01, 4.7314E+00,-7.9346E-02, 6.4343E+00
"B2                                                                                                                    "
  26246.520, -45753.470, 2.2583E+00, 6.3538E+00, 2.1045E+00, 4.8962E+00,-4.9683E-01, 4.7314E+00,-1.4404E-01, 6.3806E+00
"P                                                                                                                     "
  26322.030, -45677.960, 2.2412E+00, 6.3452E+00, 1.9067E+00, 4.7412E+00,-4.9683E-01, 4.7314E+00, 2.1118E-01, 6.7456E+00
"C                                                                                                                     "
  26326.680, -45673.310, 2.2620E+00, 6.3550E+00, 1.9385E+00, 4.7681E+00,-4.9683E-01, 4.7302E+00, 1.7944E-01, 6.6858E+00
"D                                                                                                                     "
  26335.470, -45664.520, 2.3047E+00, 6.3928E+00, 1.9629E+00, 4.7852E+00,-5.0049E-01, 4.7314E+00, 2.0142E-01, 6.7114E+00
"C                                                                                                                     "
  26337.210, -45662.780, 2.2937E+00, 6.3965E+00, 1.9507E+00, 4.7815E+00,-4.9683E-01, 4.7302E+00, 8.9111E-02, 6.6333E+00
"F2                                                                                                                    "
  26340.330, -45659.660, 2.3206E+00, 6.4050E+00, 1.9556E+00, 4.7791E+00,-4.9927E-01, 4.7314E+00, 1.7944E-01, 6.7004E+00
"B                                                                                                                     "
  26355.900, -45644.090, 2.2351E+00, 6.3318E+00, 1.4001E+00, 4.2371E+00,-4.9683E-01, 4.7314E+00, 2.9541E-01, 6.8127E+00
"C                                                                                                                     "
  26357.760, -45642.230, 2.2498E+00, 6.3440E+00, 1.4197E+00, 4.2505E+00,-4.9805E-01, 4.7314E+00, 4.1992E-01, 6.9312E+00
"D                                                                                                                     "
  26361.840, -45638.150, 2.2559E+00, 6.3513E+00, 1.3367E+00, 4.1748E+00,-4.9561E-01, 4.7302E+00, 3.8086E-01, 6.8762E+00
"CF1                                                                                                                   "
  26362.920, -45637.070, 2.2595E+00, 6.3525E+00, 3.6621E-03, 2.8662E+00,-4.9561E-01, 4.7314E+00, 3.0762E-01, 6.8298E+00
"CF2                                                                                                                    "
  26364.600, -45635.390, 2.2571E+00, 6.3599E+00,-6.1035E-03, 2.8625E+00,-4.9561E-01, 4.7314E+00, 2.2461E-01, 6.7371E+00
"B                                                                                                                     "
  26371.320, -45628.670, 2.2986E+00, 6.3831E+00,-4.8828E-03, 2.8589E+00,-4.9805E-01, 4.7302E+00, 8.9111E-02, 6.6113E+00
"P                                                                                                                     "
  26427.480, -45572.510, 2.2314E+00, 6.3245E+00, 1.3770E+00, 4.2151E+00,-4.9561E-01, 4.7314E+00,-1.8188E-01, 6.3428E+00
"B2                                                                                                                    "
  26431.170, -45568.820, 2.2229E+00, 6.3184E+00, 1.3477E+00, 4.1760E+00,-4.9683E-01, 4.7314E+00,-1.2573E-01, 6.3611E+00
"P                                                                                                                     "
  26450.940, -45549.050, 2.3047E+00, 6.3977E+00,-3.4180E-02, 2.8333E+00,-4.9683E-01, 4.7327E+00,-1.9531E-01, 6.3574E+00
"Z                                                                                                                     "
  34063.860, -37936.130, 2.4438E+00, 6.5393E+00,-3.4058E-01, 2.5342E+00,-4.9072E-01, 4.7388E+00,-1.9775E-01, 6.3220E+00
"P                                                                                                                     "
  34115.250, -37884.740, 2.1008E+00, 6.2073E+00,-3.4180E-01, 2.5330E+00,-4.9072E-01, 4.7388E+00,-1.9287E-01, 6.3184E+00
"Z                                                                                                                     "
  36000.420, -35999.570, 1.9507E+00, 6.0510E+00,-3.4302E-01, 2.5317E+00,-4.9316E-01, 4.7351E+00,-3.0884E-01, 6.2061E+00
