"NP                                                                                                                    "
    293.130, -71706.860, 4.3677E+00, 8.4229E+00, 1.6736E+00, 4.5166E+00,-4.8096E-01, 4.7485E+00, 1.3635E+00, 7.5623E+00
"P                                                                                                                     "
    321.360, -71678.630, 1.7590E+00, 5.8667E+00, 2.1216E+00, 4.9536E+00,-4.8584E-01, 4.7461E+00, 8.8257E-01, 7.3730E+00
"C                                                                                                                     "
    333.120, -71666.870,-5.6030E-01, 3.5767E+00, 2.7002E+00, 5.5078E+00,-4.8828E-01, 4.7437E+00, 9.8022E-01, 7.4805E+00
"D                                                                                                                     "
    343.740, -71656.250,-4.8218E-01, 3.6768E+00, 2.2510E+00, 5.0757E+00,-4.8706E-01, 4.7437E+00, 1.0669E+00, 7.5745E+00
"B                                                                                                                     "
    346.500, -71653.490,-5.6519E-01, 3.5876E+00, 2.3120E+00, 5.1025E+00,-4.8828E-01, 4.7449E+00, 1.0156E+00, 7.5195E+00
"C                                                                                                                     "
    347.280, -71652.710,-5.6030E-01, 3.5840E+00, 2.0117E+00, 4.8438E+00,-4.8706E-01, 4.7449E+00, 1.1694E+00, 7.6807E+00
"D                                                                                                                     "
    350.040, -71649.950,-5.6030E-01, 3.5779E+00, 2.3010E+00, 5.1172E+00,-4.8706E-01, 4.7437E+00, 1.1316E+00, 7.6416E+00
"B                                                                                                                     "
    350.970, -71649.020,-5.7251E-01, 3.5754E+00, 1.9849E+00, 4.8206E+00,-4.8828E-01, 4.7437E+00, 1.7944E+00, 8.2129E+00
"C                                                                                                                     "
    351.780, -71648.210,-5.6152E-01, 3.5815E+00, 2.0081E+00, 4.8352E+00,-4.8584E-01, 4.7449E+00, 1.0999E+00, 7.6074E+00
"D                                                                                                                     "
    362.010, -71637.980,-5.7739E-01, 3.5718E+00, 2.3450E+00, 5.1697E+00,-4.8462E-01, 4.7437E+00, 1.1450E+00, 7.6501E+00
"B                                                                                                                     "
    363.390, -71636.600,-5.6519E-01, 3.5718E+00, 1.9751E+00, 4.8181E+00,-4.8706E-01, 4.7437E+00, 1.4648E+00, 7.8528E+00
"C                                                                                                                     "
    364.290, -71635.700,-5.6274E-01, 3.5779E+00, 1.6931E+00, 4.5337E+00,-4.8584E-01, 4.7437E+00, 1.1340E+00, 7.6306E+00
"D                                                                                                                     "
    379.470, -71620.520,-5.7495E-01, 3.5657E+00, 1.7883E+00, 4.6094E+00,-4.8950E-01, 4.7437E+00, 1.2085E+00, 7.7124E+00
"F2                                                                                                                    "
    382.380, -71617.610,-5.7373E-01, 3.5657E+00, 1.8347E+00, 4.7119E+00,-4.8706E-01, 4.7437E+00, 1.1902E+00, 7.7002E+00
"B                                                                                                                     "
    390.510, -71609.480,-5.8350E-01, 3.5657E+00, 2.3059E+00, 5.1331E+00,-4.9316E-01, 4.7424E+00, 1.2024E+00, 7.7039E+00
"C                                                                                                                     "
    445.230, -71554.760,-5.8105E-01, 3.5620E+00, 2.4158E+00, 5.2563E+00,-4.9316E-01, 4.7424E+00, 1.2878E+00, 7.7905E+00
"D                                                                                                                     "
    512.820, -71487.170,-5.7739E-01, 3.5718E+00, 2.6306E+00, 5.4297E+00,-4.9194E-01, 4.7412E+00, 1.3306E+00, 7.8357E+00
"DG                                                                                                                    "
    576.330, -71423.660,-5.8350E-01, 3.5608E+00, 2.3511E+00, 5.1733E+00,-4.9194E-01, 4.7424E+00, 1.4160E+00, 7.9211E+00
"P                                                                                                                     "
    579.150, -71420.840,-5.7983E-01, 3.5608E+00, 2.2449E+00, 5.0635E+00,-4.9072E-01, 4.7388E+00, 1.6467E+00, 8.1506E+00
"Z                                                                                                                     "
   1819.860, -70180.130,-5.7251E-01, 3.5706E+00,-3.3081E-01, 2.5439E+00,-4.8584E-01, 4.7437E+00, 1.2146E+00, 7.3206E+00
"P                                                                                                                     "
   1846.920, -70153.070,-5.1880E-01, 3.6243E+00,-3.3325E-01, 2.5427E+00,-4.8706E-01, 4.7437E+00, 3.3325E-01, 6.8384E+00
"B2                                                                                                                    "
   1850.190, -70149.800,-4.6265E-01, 3.6731E+00,-3.3081E-01, 2.5427E+00,-4.8828E-01, 4.7437E+00, 2.7222E-01, 6.7737E+00
"P                                                                                                                     "
   1891.200, -70108.790, 2.9297E-02, 4.1577E+00,-3.3447E-01, 2.5427E+00,-4.8828E-01, 4.7424E+00, 9.1553E-02, 6.7822E+00
"Z                                                                                                                     "
   3245.070, -68754.920, 1.9897E-01, 4.3152E+00,-3.3203E-01, 2.5427E+00,-4.8584E-01, 4.7437E+00, 9.9365E-01, 6.9287E+00
"P                                                                                                                     "
   3258.330, -68741.660,-4.9561E-01, 3.6523E+00,-3.3081E-01, 2.5427E+00,-4.8828E-01, 4.7437E+00, 3.8330E-01, 6.8933E+00
"B2                                                                                                                    "
   3261.840, -68738.150,-3.7231E-01, 3.7744E+00,-3.3325E-01, 2.5427E+00,-4.8706E-01, 4.7437E+00, 4.1626E-01, 6.9275E+00
"P                                                                                                                     "
   3267.420, -68732.570,-3.6987E-01, 3.7695E+00,-3.3813E-01, 2.5427E+00,-4.8706E-01, 4.7424E+00, 1.3269E+00, 7.6636E+00
"C                                                                                                                     "
   3288.930, -68711.060,-5.3711E-01, 3.6096E+00,-3.3325E-01, 2.5427E+00,-4.8828E-01, 4.7437E+00, 5.7983E-01, 7.0862E+00
"F2                                                                                                                    "
   3293.790, -68706.200,-5.6885E-01, 3.5730E+00,-3.3203E-01, 2.5427E+00,-4.8584E-01, 4.7437E+00, 7.8735E-01, 7.2913E+00
"B                                                                                                                     "
   3297.240, -68702.750,-5.7739E-01, 3.5706E+00,-3.3447E-01, 2.5427E+00,-4.9072E-01, 4.7424E+00, 6.6040E-01, 7.2034E+00
"C                                                                                                                     "
   3298.080, -68701.910,-5.7617E-01, 3.5718E+00,-3.3081E-01, 2.5439E+00,-4.8950E-01, 4.7424E+00, 8.1543E-01, 7.3083E+00
"D                                                                                                                     "
   3358.530, -68641.460,-5.7251E-01, 3.5742E+00,-3.3203E-01, 2.5439E+00,-4.8950E-01, 4.7424E+00, 9.9731E-01, 7.5220E+00
"F2                                                                                                                    "
   3361.500, -68638.490,-5.7373E-01, 3.5742E+00,-3.3569E-01, 2.5427E+00,-4.8828E-01, 4.7412E+00, 9.8877E-01, 7.5037E+00
"B                                                                                                                     "
   3364.620, -68635.370,-5.7129E-01, 3.5730E+00,-3.3569E-01, 2.5427E+00,-4.9194E-01, 4.7424E+00, 1.0205E+00, 7.5269E+00
"D                                                                                                                     "
   3367.530, -68632.460,-5.7495E-01, 3.5718E+00,-3.3569E-01, 2.5427E+00,-4.8706E-01, 4.7424E+00, 1.0962E+00, 7.5903E+00
"B                                                                                                                     "
   3370.740, -68629.250,-5.7617E-01, 3.5718E+00,-3.3569E-01, 2.5427E+00,-4.8828E-01, 4.7424E+00, 1.2073E+00, 7.6978E+00
"C                                                                                                                     "
   3372.030, -68627.960,-5.6885E-01, 3.5718E+00,-3.3081E-01, 2.5427E+00,-4.8584E-01, 4.7412E+00, 1.3110E+00, 7.8064E+00
"D                                                                                                                     "
   3407.220, -68592.770,-5.6396E-01, 3.5718E+00,-3.3081E-01, 2.5427E+00,-4.8584E-01, 4.7424E+00, 1.1621E+00, 7.7063E+00
"B                                                                                                                     "
   3409.890, -68590.100,-5.8105E-01, 3.5718E+00,-3.3447E-01, 2.5427E+00,-4.8950E-01, 4.7412E+00, 1.3721E+00, 7.7686E+00
"C                                                                                                                     "
   3411.000, -68588.990,-5.6763E-01, 3.5730E+00,-3.3447E-01, 2.5427E+00,-4.8706E-01, 4.7412E+00, 1.2244E+00, 7.7319E+00
"D                                                                                                                     "
   3427.650, -68572.340,-5.8105E-01, 3.5706E+00,-3.3447E-01, 2.5427E+00,-4.9316E-01, 4.7412E+00, 1.2024E+00, 7.7246E+00
"B                                                                                                                     "
   3428.760, -68571.230,-5.7739E-01, 3.5693E+00,-3.3447E-01, 2.5427E+00,-4.8706E-01, 4.7424E+00, 1.1902E+00, 7.6855E+00
"F1                                                                                                                    "
   3430.170, -68569.820,-5.7373E-01, 3.5681E+00,-3.3081E-01, 2.5427E+00,-4.8950E-01, 4.7412E+00, 1.1841E+00, 7.7100E+00
"B                                                                                                                     "
   3430.890, -68569.100,-5.7129E-01, 3.5693E+00,-3.3691E-01, 2.5427E+00,-4.9194E-01, 4.7412E+00, 1.2024E+00, 7.7039E+00
"F1                                                                                                                    "
   3431.670, -68568.320,-5.5786E-01, 3.5693E+00,-3.2959E-01, 2.5427E+00,-4.8950E-01, 4.7412E+00, 1.2781E+00, 7.7490E+00
"F2                                                                                                                    "
   3435.180, -68564.810,-5.6274E-01, 3.5693E+00,-3.3203E-01, 2.5427E+00,-4.9072E-01, 4.7412E+00, 1.1560E+00, 7.6611E+00
"F3                                                                                                                    "
   3446.460, -68553.530,-5.7251E-01, 3.5681E+00,-3.3203E-01, 2.5439E+00,-4.8706E-01, 4.7400E+00, 1.2756E+00, 7.7759E+00
"F4                                                                                                                    "
   3449.340, -68550.650,-5.7983E-01, 3.5669E+00,-3.3325E-01, 2.5439E+00,-4.9194E-01, 4.7400E+00, 1.1560E+00, 7.6184E+00
"B                                                                                                                     "
   3459.510, -68540.480,-5.8350E-01, 3.5681E+00,-3.3447E-01, 2.5439E+00,-4.9438E-01, 4.7400E+00, 1.3892E+00, 7.8894E+00
"C                                                                                                                     "
   3460.740, -68539.250,-5.7617E-01, 3.5681E+00,-3.2959E-01, 2.5439E+00,-4.9072E-01, 4.7400E+00, 1.3562E+00, 7.8601E+00
"B                                                                                                                     "
   3462.420, -68537.570,-5.7251E-01, 3.5669E+00,-3.3203E-01, 2.5427E+00,-4.8950E-01, 4.7400E+00, 1.5344E+00, 8.0286E+00
"C                                                                                                                     "
   3463.770, -68536.220,-5.0781E-01, 3.6462E+00,-3.3081E-01, 2.5427E+00,-4.9072E-01, 4.7400E+00, 1.4404E+00, 7.9187E+00
"D                                                                                                                     "
   3603.510, -68396.480,-5.7251E-01, 3.5730E+00,-3.3569E-01, 2.5415E+00,-4.9194E-01, 4.7388E+00, 1.4099E+00, 7.8979E+00
"B                                                                                                                     "
   3606.300, -68393.690,-5.6763E-01, 3.5718E+00,-3.3325E-01, 2.5415E+00,-4.9194E-01, 4.7388E+00, 1.6052E+00, 8.1128E+00
"C                                                                                                                     "
   3609.720, -68390.270,-5.7373E-01, 3.5706E+00,-3.3691E-01, 2.5415E+00,-4.9194E-01, 4.7388E+00, 1.5796E+00, 8.0750E+00
"D                                                                                                                     "
   3670.410, -68329.580,-5.7983E-01, 3.5681E+00,-3.3447E-01, 2.5415E+00,-4.9072E-01, 4.7388E+00, 1.4734E+00, 7.9663E+00
"P                                                                                                                     "
   3672.180, -68327.810,-5.7983E-01, 3.5657E+00,-3.3325E-01, 2.5415E+00,-4.9194E-01, 4.7375E+00, 7.9712E-01, 7.6538E+00
"Z                                                                                                                     "
   3901.140, -68098.850,-5.6274E-01, 3.5864E+00,-3.3447E-01, 2.5427E+00,-4.9072E-01, 4.7412E+00, 1.3367E+00, 7.7905E+00
"P                                                                                                                     "
   3925.410, -68074.580,-5.6396E-01, 3.5815E+00,-3.2837E-01, 2.5427E+00,-4.8950E-01, 4.7412E+00, 7.5439E-01, 7.2766E+00
"C                                                                                                                     "
   3965.880, -68034.110,-5.6396E-01, 3.5803E+00,-3.3569E-01, 2.5427E+00,-4.9072E-01, 4.7412E+00, 1.0791E+00, 7.5793E+00
"F2                                                                                                                    "
   3967.800, -68032.190,-5.6885E-01, 3.5779E+00,-3.3569E-01, 2.5427E+00,-4.8950E-01, 4.7424E+00, 9.2529E-01, 7.4426E+00
"B                                                                                                                     "
   3970.560, -68029.430,-5.5664E-01, 3.5840E+00,-3.3325E-01, 2.5427E+00,-4.9072E-01, 4.7400E+00, 1.1426E+00, 7.6257E+00
"C                                                                                                                     "
   3993.930, -68006.060,-5.7373E-01, 3.5754E+00,-3.3813E-01, 2.5427E+00,-4.9072E-01, 4.7412E+00, 1.0742E+00, 7.5732E+00
"D                                                                                                                     "
   4037.970, -67962.020,-5.7129E-01, 3.5767E+00,-3.3691E-01, 2.5427E+00,-4.8950E-01, 4.7412E+00, 1.3232E+00, 7.8223E+00
"F2                                                                                                                    "
   4040.790, -67959.200,-5.6519E-01, 3.5803E+00,-3.3325E-01, 2.5427E+00,-4.8950E-01, 4.7400E+00, 1.0608E+00, 7.5305E+00
"B                                                                                                                     "
   4044.150, -67955.840,-5.6519E-01, 3.5779E+00,-3.3325E-01, 2.5427E+00,-4.9194E-01, 4.7400E+00, 1.2952E+00, 7.8198E+00
"C                                                                                                                     "
   4049.910, -67950.080,-5.6641E-01, 3.5767E+00,-3.3325E-01, 2.5427E+00,-4.9072E-01, 4.7400E+00, 1.3770E+00, 7.8760E+00
"D                                                                                                                     "
   4074.330, -67925.660,-5.6763E-01, 3.5742E+00,-3.3691E-01, 2.5427E+00,-4.9316E-01, 4.7412E+00, 1.3220E+00, 7.8076E+00
"C                                                                                                                     "
   4076.700, -67923.290,-5.6763E-01, 3.5754E+00,-3.3325E-01, 2.5427E+00,-4.9194E-01, 4.7400E+00, 1.4880E+00, 7.9907E+00
"D                                                                                                                     "
   4086.720, -67913.270,-5.6396E-01, 3.5742E+00,-3.3203E-01, 2.5427E+00,-4.8706E-01, 4.7400E+00, 1.3550E+00, 7.8613E+00
"F2                                                                                                                    "
   4088.460, -67911.530,-5.6152E-01, 3.5742E+00,-3.3325E-01, 2.5427E+00,-4.9316E-01, 4.7400E+00, 1.3867E+00, 7.8589E+00
"B                                                                                                                     "
   4089.720, -67910.270,-5.7251E-01, 3.5730E+00,-3.3569E-01, 2.5427E+00,-4.8828E-01, 4.7400E+00, 1.5088E+00, 7.9907E+00
"C                                                                                                                     "
   4091.970, -67908.020,-5.7007E-01, 3.5730E+00,-3.3325E-01, 2.5427E+00,-4.8950E-01, 4.7400E+00, 1.4514E+00, 7.9382E+00
"D                                                                                                                     "
   4104.870, -67895.120,-5.7251E-01, 3.5718E+00,-3.3569E-01, 2.5427E+00,-4.9316E-01, 4.7400E+00, 1.4478E+00, 7.9578E+00
"F2                                                                                                                    "
   4108.140, -67891.850,-5.7373E-01, 3.5730E+00,-3.3936E-01, 2.5415E+00,-4.7974E-01, 4.7510E+00, 1.4600E+00, 7.9199E+00
"B                                                                                                                     "
   4108.530, -67891.460,-5.7739E-01, 3.5718E+00,-3.3325E-01, 2.5415E+00,-4.7974E-01, 4.7522E+00, 1.9250E+00, 8.2556E+00
"C                                                                                                                     "
   4111.980, -67888.010,-5.7739E-01, 3.5718E+00,-3.3203E-01, 2.5415E+00,-4.9438E-01, 4.7400E+00, 1.5039E+00, 8.0005E+00
"D                                                                                                                     "
   4123.500, -67876.490,-5.7007E-01, 3.5730E+00,-3.3325E-01, 2.5415E+00,-4.9438E-01, 4.7388E+00, 1.4636E+00, 8.0273E+00
"F2                                                                                                                    "
   4125.930, -67874.060,-5.7007E-01, 3.5718E+00,-3.3813E-01, 2.5415E+00,-4.9072E-01, 4.7400E+00, 1.3855E+00, 7.8735E+00
"B                                                                                                                     "
   4129.890, -67870.100,-5.6885E-01, 3.5718E+00,-3.3447E-01, 2.5427E+00,-4.9438E-01, 4.7388E+00, 1.3586E+00, 7.8162E+00
"C                                                                                                                     "
   4133.190, -67866.800,-5.6396E-01, 3.5718E+00,-3.3203E-01, 2.5415E+00,-4.8950E-01, 4.7388E+00, 1.3770E+00, 7.9907E+00
"d                                                                                                                     "
   4343.220, -67656.770,-5.5908E-01, 3.5840E+00,-3.3691E-01, 2.5415E+00,-4.9194E-01, 4.7375E+00, 1.6699E+00, 8.1702E+00
"f2                                                                                                                    "
   4345.260, -67654.730,-5.7129E-01, 3.5681E+00,-3.3325E-01, 2.5403E+00,-4.9316E-01, 4.7375E+00, 1.2744E+00, 7.7686E+00
"b                                                                                                                     "
   4346.460, -67653.530,-5.7495E-01, 3.5681E+00,-3.3325E-01, 2.5415E+00,-4.9072E-01, 4.7388E+00, 1.4954E+00, 7.9663E+00
"c                                                                                                                     "
   4350.600, -67649.390,-5.7861E-01, 3.5657E+00,-3.3447E-01, 2.5415E+00,-4.9438E-01, 4.7388E+00, 1.5527E+00, 8.1506E+00
"d                                                                                                                     "
   4745.520, -67254.470,-5.7251E-01, 3.5693E+00,-3.3325E-01, 2.5427E+00,-4.9072E-01, 4.7400E+00, 1.8091E+00, 8.3521E+00
"f2                                                                                                                    "
   4746.810, -67253.180,-5.7251E-01, 3.5693E+00,-3.3447E-01, 2.5427E+00,-4.8828E-01, 4.7400E+00, 1.5381E+00, 7.9541E+00
"b                                                                                                                     "
   4747.800, -67252.190,-5.7007E-01, 3.5693E+00,-3.3447E-01, 2.5427E+00,-4.9316E-01, 4.7400E+00, 1.7444E+00, 8.2153E+00
"c                                                                                                                     "
   4750.320, -67249.670,-3.1128E-01, 3.7024E+00,-3.3569E-01, 2.5427E+00,-4.8950E-01, 4.7400E+00, 2.1008E+00, 8.4888E+00
"d                                                                                                                     "
   5073.030, -66926.960,-5.7251E-01, 3.5718E+00,-3.3447E-01, 2.5415E+00,-4.8828E-01, 4.7400E+00, 1.6016E+00, 8.1311E+00
"f2                                                                                                                    "
   5074.080, -66925.910,-5.7007E-01, 3.5706E+00,-3.3813E-01, 2.5427E+00,-4.9194E-01, 4.7400E+00, 1.6040E+00, 8.0615E+00
"b                                                                                                                     "
   5075.430, -66924.560,-5.6885E-01, 3.5706E+00,-3.3569E-01, 2.5415E+00,-4.9072E-01, 4.7388E+00, 1.9019E+00, 8.3130E+00
"c                                                                                                                     "
   5075.940, -66924.050,-5.7983E-01, 3.5693E+00,-3.3691E-01, 2.5415E+00,-4.9316E-01, 4.7388E+00, 1.7383E+00, 8.1702E+00
"c                                                                                                                     "
   5077.530, -66922.460,-5.7373E-01, 3.5730E+00,-3.3569E-01, 2.5415E+00,-4.9316E-01, 4.7424E+00, 1.8506E+00, 8.2654E+00
"d                                                                                                                     "
   5340.360, -66659.630,-5.6519E-01, 3.5779E+00,-3.3813E-01, 2.5439E+00,-4.8950E-01, 4.7437E+00, 1.8127E+00, 8.3264E+00
"f2                                                                                                                    "
   5342.550, -66657.440,-5.6763E-01, 3.5791E+00,-3.3325E-01, 2.5439E+00,-4.8950E-01, 4.7437E+00, 1.7212E+00, 8.2324E+00
"b                                                                                                                     "
   5343.660, -66656.330,-5.5786E-01, 3.5779E+00,-3.2959E-01, 2.5427E+00,-4.8584E-01, 4.7424E+00, 1.7004E+00, 8.1860E+00
"c                                                                                                                     "
   5344.920, -66655.070,-5.6396E-01, 3.5791E+00,-3.3447E-01, 2.5439E+00,-4.8950E-01, 4.7437E+00, 1.9678E+00, 8.3289E+00
"d                                                                                                                     "
   5499.180, -66500.810,-5.6030E-01, 3.5779E+00,-3.3569E-01, 2.5427E+00,-4.8706E-01, 4.7412E+00, 1.6650E+00, 8.2166E+00
"f2                                                                                                                    "
   5500.080, -66499.910,-5.6274E-01, 3.5767E+00,-3.3325E-01, 2.5427E+00,-4.8584E-01, 4.7424E+00, 1.5198E+00, 8.0273E+00
"fb                                                                                                                    "
   5501.040, -66498.950,-5.6641E-01, 3.5803E+00,-3.3325E-01, 2.5439E+00,-4.8828E-01, 4.7424E+00, 1.7236E+00, 8.2043E+00
"c                                                                                                                     "
   5502.390, -66497.600,-5.6030E-01, 3.5791E+00,-3.3081E-01, 2.5439E+00,-4.8706E-01, 4.7424E+00, 2.0056E+00, 8.5962E+00
"d                                                                                                                     "
   5601.630, -66398.360,-5.6396E-01, 3.5693E+00,-3.3081E-01, 2.5415E+00,-4.8828E-01, 4.7400E+00, 1.7615E+00, 8.2532E+00
"b                                                                                                                     "
   5605.560, -66394.430,-5.5420E-01, 3.5999E+00,-3.3447E-01, 2.5415E+00,-4.9316E-01, 4.7412E+00, 1.7517E+00, 8.2410E+00
"c                                                                                                                     "
   5606.220, -66393.770,-5.7129E-01, 3.5828E+00,-3.3569E-01, 2.5427E+00,-4.8828E-01, 4.7412E+00, 1.8347E+00, 8.3203E+00
"d                                                                                                                     "
   5621.790, -66378.200,-5.7129E-01, 3.5681E+00,-3.2959E-01, 2.5427E+00,-4.8828E-01, 4.7412E+00, 1.7175E+00, 8.3704E+00
"b                                                                                                                     "
   5622.630, -66377.360,-5.6885E-01, 3.5669E+00,-3.2959E-01, 2.5427E+00,-4.8950E-01, 4.7400E+00, 1.5295E+00, 8.0310E+00
"f2                                                                                                                    "
   5623.860, -66376.130,-5.6274E-01, 3.5718E+00,-3.3325E-01, 2.5427E+00,-4.9072E-01, 4.7412E+00, 1.7493E+00, 8.2458E+00
"B                                                                                                                     "
   5625.780, -66374.210,-5.6030E-01, 3.5779E+00,-3.3447E-01, 2.5427E+00,-4.9316E-01, 4.7400E+00, 1.4526E+00, 7.9578E+00
"C                                                                                                                     "
   5626.410, -66373.580,-5.6641E-01, 3.5706E+00,-3.3325E-01, 2.5427E+00,-4.8706E-01, 4.7400E+00, 1.7053E+00, 8.1934E+00
"D                                                                                                                     "
   5629.980, -66370.010,-5.6763E-01, 3.5693E+00,-3.3325E-01, 2.5427E+00,-4.8950E-01, 4.7412E+00, 1.7419E+00, 8.2568E+00
"P                                                                                                                     "
   5631.870, -66368.120,-5.7739E-01, 3.5706E+00,-3.3691E-01, 2.5427E+00,-4.9316E-01, 4.7412E+00, 7.0557E-01, 7.7258E+00
"Z                                                                                                                     "
   5713.260, -66286.730,-2.5024E-01, 3.8501E+00,-3.3081E-01, 2.5427E+00,-4.8828E-01, 4.7400E+00, 1.0254E+00, 7.3804E+00
"P                                                                                                                     "
   5757.120, -66242.870,-5.6763E-01, 3.5693E+00,-3.2837E-01, 2.5427E+00,-4.8828E-01, 4.7400E+00, 9.2896E-01, 7.4463E+00
"C                                                                                                                     "
   5763.420, -66236.570,-5.8228E-01, 3.5718E+00,-3.3569E-01, 2.5427E+00,-4.9683E-01, 4.7388E+00, 9.1797E-01, 7.4121E+00
"D                                                                                                                     "
   5770.500, -66229.490,-5.7861E-01, 3.5681E+00,-3.3691E-01, 2.5415E+00,-4.9316E-01, 4.7400E+00, 9.6558E-01, 7.4768E+00
"C                                                                                                                     "
   5777.820, -66222.170,-4.1260E-01, 3.7207E+00,-3.3081E-01, 2.5415E+00,-4.8950E-01, 4.7400E+00, 9.8389E-01, 7.4939E+00
"F2                                                                                                                    "
   5781.300, -66218.690,-5.6396E-01, 3.5730E+00,-3.3569E-01, 2.5427E+00,-4.9194E-01, 4.7388E+00, 8.9966E-01, 7.3926E+00
"B                                                                                                                     "
   5785.740, -66214.250,-5.5664E-01, 3.5938E+00,-3.3203E-01, 2.5427E+00,-4.9438E-01, 4.7388E+00, 8.4229E-01, 7.3560E+00
"C                                                                                                                     "
   5786.370, -66213.620,-5.5420E-01, 3.5925E+00,-3.3691E-01, 2.5427E+00,-4.9438E-01, 4.7388E+00, 9.5337E-01, 7.4500E+00
"D                                                                                                                     "
   5789.340, -66210.650,-5.7251E-01, 3.5706E+00,-3.3203E-01, 2.5427E+00,-4.8706E-01, 4.7388E+00, 9.7534E-01, 7.4854E+00
"B                                                                                                                     "
   5791.710, -66208.280,-5.5176E-01, 3.5754E+00,-3.3569E-01, 2.5415E+00,-4.8828E-01, 4.7388E+00, 1.1548E+00, 7.5244E+00
"C                                                                                                                     "
   5792.910, -66207.080,-5.7251E-01, 3.5730E+00,-3.3081E-01, 2.5427E+00,-4.9072E-01, 4.7388E+00, 1.0046E+00, 7.5024E+00
"B                                                                                                                     "
   5795.880, -66204.110,-5.5542E-01, 3.5828E+00,-3.3325E-01, 2.5427E+00,-4.9072E-01, 4.7400E+00, 2.4243E+00, 8.7683E+00
"C                                                                                                                     "
   5799.690, -66200.300,-5.6152E-01, 3.5767E+00,-3.3325E-01, 2.5415E+00,-4.8828E-01, 4.7388E+00, 1.0486E+00, 7.5696E+00
"B                                                                                                                     "
   5800.860, -66199.130,-5.5908E-01, 3.5791E+00,-3.3447E-01, 2.5427E+00,-4.9072E-01, 4.7388E+00, 1.0547E+00, 7.5378E+00
"D                                                                                                                     "
   5807.430, -66192.560,-5.6274E-01, 3.5681E+00,-3.3325E-01, 2.5427E+00,-4.8706E-01, 4.7388E+00, 1.1108E+00, 7.6233E+00
"B                                                                                                                     "
   5809.650, -66190.340,-5.7617E-01, 3.5767E+00,-3.3813E-01, 2.5415E+00,-4.9438E-01, 4.7388E+00, 9.4727E-01, 7.4646E+00
"D                                                                                                                     "
   5825.880, -66174.110,-5.7739E-01, 3.5742E+00,-3.3447E-01, 2.5427E+00,-4.9194E-01, 4.7400E+00, 9.4604E-01, 7.4585E+00
"F2                                                                                                                    "
   5830.800, -66169.190,-5.6763E-01, 3.5815E+00,-3.3325E-01, 2.5415E+00,-4.9438E-01, 4.7388E+00, 1.0327E+00, 7.5293E+00
"F3                                                                                                                    "
   5836.590, -66163.400,-5.5176E-01, 3.5852E+00,-3.3081E-01, 2.5427E+00,-4.8706E-01, 4.7400E+00, 9.2651E-01, 7.4194E+00
"F4                                                                                                                    "
   5839.290, -66160.700,-5.5908E-01, 3.5803E+00,-3.3447E-01, 2.5415E+00,-4.8828E-01, 4.7400E+00, 9.5825E-01, 7.4500E+00
"B                                                                                                                     "
   5841.090, -66158.900,-5.6396E-01, 3.5889E+00,-3.3569E-01, 2.5415E+00,-4.9438E-01, 4.7388E+00, 7.0435E-01, 7.2205E+00
"B                                                                                                                     "
   5862.510, -66137.480, 1.3623E+00, 5.4529E+00,-3.3569E-01, 2.5427E+00,-4.8828E-01, 4.7400E+00, 9.5581E-01, 7.4451E+00
"C                                                                                                                     "
   5864.940, -66135.050, 1.5784E+00, 5.6665E+00,-3.3447E-01, 2.5427E+00,-4.8950E-01, 4.7400E+00, 9.9487E-01, 7.4939E+00
"D                                                                                                                     "
   5871.510, -66128.480, 1.6492E+00, 5.7324E+00,-3.2837E-01, 2.5427E+00,-4.8828E-01, 4.7400E+00, 1.1047E+00, 7.6160E+00
"B                                                                                                                     "
   5876.220, -66123.770, 1.7578E+00, 5.8643E+00,-3.3447E-01, 2.5427E+00,-4.9438E-01, 4.7400E+00, 8.4717E-01, 7.3669E+00
"F2                                                                                                                    "
   5878.500, -66121.490, 1.6223E+00, 5.7214E+00,-3.3447E-01, 2.5427E+00,-4.8706E-01, 4.7400E+00, 8.7524E-01, 7.3816E+00
"B                                                                                                                     "
   5881.350, -66118.640, 1.5820E+00, 5.6982E+00,-3.3691E-01, 2.5427E+00,-4.9316E-01, 4.7412E+00, 1.0132E+00, 7.5354E+00
"D                                                                                                                     "
   5902.650, -66097.340,-2.5024E-01, 3.8782E+00,-3.3447E-01, 2.5427E+00,-4.9194E-01, 4.7412E+00, 9.8267E-01, 7.4915E+00
"F2                                                                                                                    "
   5905.230, -66094.760,-2.8687E-01, 3.8611E+00,-3.3569E-01, 2.5427E+00,-4.9072E-01, 4.7412E+00, 9.7656E-01, 7.4890E+00
"B                                                                                                                     "
   5907.000, -66092.990, 1.1963E+00, 5.3052E+00,-3.3203E-01, 2.5427E+00,-4.8950E-01, 4.7412E+00, 1.0840E+00, 7.4963E+00
"C                                                                                                                     "
   5909.880, -66090.110,-5.5420E-01, 3.5852E+00,-3.2837E-01, 2.5427E+00,-4.8828E-01, 4.7412E+00, 1.1572E+00, 7.6428E+00
"D                                                                                                                     "
   5914.830, -66085.160,-3.9063E-02, 4.0942E+00,-3.3691E-01, 2.5427E+00,-4.9072E-01, 4.7412E+00, 1.0083E+00, 7.5159E+00
"B                                                                                                                     "
   5932.320, -66067.670,-2.4048E-01, 3.9124E+00,-3.3325E-01, 2.5427E+00,-4.9316E-01, 4.7412E+00, 9.9609E-01, 7.5000E+00
"D                                                                                                                     "
   5934.870, -66065.120,-1.5747E-01, 3.9807E+00,-3.3447E-01, 2.5427E+00,-4.9316E-01, 4.7412E+00, 9.4604E-01, 7.4646E+00
"P                                                                                                                     "
   5952.390, -66047.600,-1.5747E-01, 3.9771E+00,-3.3081E-01, 2.5439E+00,-4.9072E-01, 4.7412E+00,-1.8311E-01, 6.4746E+00
"Z                                                                                                                     "
  36000.060, -35999.930,-5.9448E-01, 3.5547E+00, 1.0486E+00, 3.8916E+00,-5.0537E-01, 4.7314E+00,-2.6123E-01, 6.2585E+00
