"NP                                                                                                                    "
    344.490, -71655.500, 2.7466E-01, 4.4019E+00, 3.0237E+00, 5.8447E+00, 2.6001E+00, 7.8101E+00,-3.2227E-01, 6.1963E+00
"P                                                                                                                     "
    350.100, -71649.890,-5.1270E-01, 3.6804E+00, 2.9285E+00, 5.7605E+00, 2.7356E+00, 7.9468E+00,-3.2349E-01, 6.1963E+00
"Z                                                                                                                     "
    814.740, -71185.250,-1.8433E-01, 3.9075E+00, 1.9312E+00, 4.7742E+00, 3.0920E+00, 8.2959E+00, 5.7983E-01, 7.1106E+00
"P                                                                                                                     "
    833.820, -71166.170, 2.4500E+00, 6.5808E+00, 1.8176E+00, 4.6643E+00, 2.8479E+00, 8.0811E+00, 1.0693E+00, 7.5757E+00
"Z                                                                                                                     "
   1179.810, -70820.180, 3.0042E+00, 6.1108E+00, 2.2180E+00, 5.0269E+00,-5.0171E-01, 4.7327E+00, 1.2146E+00, 7.7063E+00
"P                                                                                                                     "
   1198.200, -70801.790, 1.0559E+00, 5.1672E+00, 2.2144E+00, 5.0415E+00,-5.0415E-01, 4.7314E+00, 1.1902E+00, 7.7087E+00
"B2                                                                                                                    "
   1201.950, -70798.040, 1.2024E+00, 5.2661E+00, 2.2437E+00, 5.0671E+00,-5.0293E-01, 4.7314E+00, 1.3367E+00, 7.8381E+00
"P                                                                                                                     "
   1219.560, -70780.430, 1.3843E+00, 5.4944E+00, 2.2925E+00, 5.1221E+00,-5.0293E-01, 4.7327E+00, 1.3684E+00, 7.8809E+00
"C                                                                                                                     "
   1221.330, -70778.660, 1.6992E+00, 5.8069E+00, 2.5720E+00, 5.2393E+00,-4.9805E-01, 4.7327E+00, 1.4661E+00, 7.9541E+00
"D                                                                                                                     "
   1239.180, -70760.810, 1.4197E+00, 5.5554E+00, 2.2144E+00, 5.0476E+00,-5.0049E-01, 4.7327E+00, 1.3928E+00, 7.9028E+00
"F2                                                                                                                    "
   1240.740, -70759.250, 1.4673E+00, 5.6250E+00, 2.0251E+00, 4.8572E+00,-5.0049E-01, 4.7314E+00, 1.6492E+00, 8.2397E+00
"B                                                                                                                     "
   1247.040, -70752.950, 1.5515E+00, 5.6628E+00, 1.6174E+00, 4.4702E+00,-5.0171E-01, 4.7327E+00, 1.2903E+00, 7.7917E+00
"F2                                                                                                                    "
   1249.740, -70750.250, 1.3953E+00, 5.4858E+00, 1.9678E+00, 4.6594E+00,-4.9927E-01, 4.7327E+00, 1.2732E+00, 7.7759E+00
"B                                                                                                                     "
   1252.770, -70747.220, 1.5845E+00, 5.7117E+00, 1.8433E+00, 4.6814E+00,-4.9927E-01, 4.7327E+00, 1.7639E+00, 8.2617E+00
"C                                                                                                                     "
   1253.700, -70746.290, 1.5576E+00, 5.6470E+00, 1.7102E+00, 4.5349E+00,-5.0049E-01, 4.7327E+00, 1.6687E+00, 8.1775E+00
"D                                                                                                                     "
   1275.870, -70724.120, 1.8140E+00, 5.9241E+00, 2.0703E+00, 4.9414E+00,-5.0171E-01, 4.7327E+00, 1.4124E+00, 7.9248E+00
"B                                                                                                                     "
   1278.240, -70721.750, 1.8127E+00, 5.9412E+00, 2.1216E+00, 4.9500E+00,-4.9927E-01, 4.7339E+00, 1.5808E+00, 8.0957E+00
"F2                                                                                                                    "
   1280.820, -70719.170, 1.6650E+00, 5.7471E+00, 2.0837E+00, 4.9158E+00,-5.0049E-01, 4.7339E+00, 1.0400E+00, 7.5452E+00
"F3                                                                                                                    "
   1284.570, -70715.420, 1.6101E+00, 5.7312E+00, 2.1826E+00, 5.0122E+00,-5.0049E-01, 4.7339E+00, 1.5833E+00, 8.0823E+00
"B                                                                                                                     "
   1287.240, -70712.750, 1.5881E+00, 5.6995E+00, 2.2253E+00, 5.0562E+00,-5.0171E-01, 4.7339E+00, 1.5515E+00, 8.0493E+00
"C                                                                                                                     "
   1289.820, -70710.170, 1.9141E+00, 6.0168E+00, 2.0544E+00, 4.8804E+00,-4.9927E-01, 4.7327E+00, 1.5906E+00, 8.1055E+00
"D                                                                                                                     "
   1355.370, -70644.620, 2.4756E+00, 6.5869E+00, 2.3279E+00, 5.1550E+00,-4.9683E-01, 4.7351E+00, 1.5088E+00, 7.9639E+00
"B                                                                                                                     "
   1356.630, -70643.360, 2.0435E+00, 6.1414E+00, 2.3413E+00, 5.1660E+00,-4.9805E-01, 4.7351E+00, 1.6125E+00, 8.1165E+00
"C                                                                                                                     "
   1358.250, -70641.740, 2.3376E+00, 6.4221E+00, 2.3596E+00, 5.1819E+00,-4.9683E-01, 4.7351E+00, 1.6284E+00, 8.1201E+00
"D                                                                                                                     "
   1543.740, -70456.250, 2.3303E+00, 6.4197E+00, 2.6440E+00, 5.4590E+00,-4.9561E-01, 4.7351E+00, 1.9531E-02, 6.5198E+00
"C                                                                                                                     "
   1549.830, -70450.160, 2.4084E+00, 6.5137E+00, 2.6453E+00, 5.4773E+00,-4.9683E-01, 4.7363E+00, 1.7090E-02, 6.5381E+00
"D                                                                                                                     "
   1557.600, -70442.390, 2.3596E+00, 6.4575E+00, 2.6636E+00, 5.4907E+00,-4.9805E-01, 4.7351E+00, 3.2349E-01, 6.8164E+00
"C                                                                                                                     "
   1561.320, -70438.670, 2.4939E+00, 6.5833E+00, 2.6709E+00, 5.4919E+00,-4.9927E-01, 4.7351E+00,-2.9907E-01, 6.2183E+00
"D                                                                                                                     "
   1597.500, -70402.490, 2.2327E+00, 6.3940E+00, 1.8286E+00, 4.6582E+00,-4.9805E-01, 4.7351E+00, 1.0327E+00, 7.5244E+00
"C                                                                                                                     "
   1599.540, -70400.450, 2.3779E+00, 6.4844E+00, 1.8188E+00, 4.6619E+00,-4.9927E-01, 4.7363E+00, 9.3262E-01, 7.4402E+00
"D                                                                                                                     "
   1619.940, -70380.050, 2.0032E+00, 6.1707E+00, 1.8164E+00, 4.6460E+00,-4.9683E-01, 4.7351E+00, 5.7495E-01, 7.0825E+00
"B                                                                                                                     "
   1623.870, -70376.120, 2.7881E+00, 6.8848E+00, 1.8091E+00, 4.6484E+00,-5.0049E-01, 4.7351E+00, 5.8838E-01, 7.0850E+00
"C                                                                                                                     "
   1624.890, -70375.100, 2.4243E+00, 6.5063E+00, 1.8274E+00, 4.6497E+00,-4.9805E-01, 4.7339E+00, 4.6631E-01, 6.9836E+00
"D                                                                                                                     "
   1643.790, -70356.200, 2.2510E+00, 6.3867E+00, 1.7590E+00, 4.6069E+00,-4.9927E-01, 4.7351E+00, 6.0669E-01, 7.1130E+00
"C                                                                                                                     "
   1645.710, -70354.280, 2.4792E+00, 6.5649E+00, 1.7737E+00, 4.6143E+00,-4.9927E-01, 4.7351E+00, 4.2847E-01, 6.9434E+00
"D                                                                                                                     "
   1746.780, -70253.210, 2.4146E+00, 6.5222E+00, 1.7725E+00, 4.6106E+00,-4.9927E-01, 4.7327E+00, 2.4902E-01, 6.7603E+00
"P                                                                                                                     "
   1751.850, -70248.140,-3.7964E-01, 4.1711E+00, 1.7090E+00, 4.5398E+00,-4.9683E-01, 4.7339E+00, 2.3315E-01, 6.7480E+00
"Z                                                                                                                     "
   2081.010, -69918.980,-2.9053E-01, 4.2126E+00,-2.6978E-01, 2.5854E+00,-4.9805E-01, 4.7351E+00, 1.5576E+00, 8.0237E+00
"P                                                                                                                     "
   2096.640, -69903.350,-2.5513E-01, 4.0015E+00,-3.1006E-01, 2.5647E+00,-4.9683E-01, 4.7351E+00, 7.2754E-01, 7.2400E+00
"Z                                                                                                                     "
   2110.110, -69889.880,-5.7495E-01, 3.5815E+00,-2.8198E-01, 2.6196E+00,-4.9805E-01, 4.7363E+00, 5.3467E-01, 7.0496E+00
"P                                                                                                                     "
   2123.460, -69876.530,-4.3945E-01, 3.8135E+00,-3.0640E-01, 2.5684E+00,-4.9438E-01, 4.7351E+00, 5.7861E-01, 7.0801E+00
"Z                                                                                                                     "
   2383.350, -69616.640,-1.3062E-01, 3.8855E+00,-3.1250E-01, 2.5696E+00,-4.9683E-01, 4.7375E+00,-2.8076E-02, 6.4917E+00
"P                                                                                                                     "
   2392.410, -69607.580, 1.0254E-01, 4.6484E+00,-3.0640E-01, 2.5696E+00,-4.9438E-01, 4.7375E+00,-7.3242E-02, 6.4441E+00
"Z                                                                                                                     "
   6402.420, -65597.570, 2.0471E+00, 5.0012E+00,-3.1738E-01, 2.5623E+00,-4.9072E-01, 4.7437E+00,-3.1494E-01, 6.2061E+00
"P                                                                                                                     "
   6436.170, -65563.820, 1.4905E+00, 5.6055E+00,-3.0396E-01, 2.5720E+00,-4.8706E-01, 4.7424E+00,-3.0884E-01, 6.2061E+00
"B2                                                                                                                    "
   6440.370, -65559.620, 1.4221E+00, 5.5396E+00,-3.1372E-01, 2.5647E+00,-4.9194E-01, 4.7424E+00,-3.1372E-01, 6.2085E+00
"P                                                                                                                     "
   6477.030, -65522.960,-5.4565E-01, 3.6096E+00,-3.1372E-01, 2.5623E+00, 1.7920E+00, 6.9348E+00,-3.1860E-01, 6.2024E+00
"Z                                                                                                                     "
   7307.640, -64692.350, 2.4536E+00, 5.9351E+00,-3.1616E-01, 2.5635E+00, 1.7285E+00, 6.9324E+00, 1.3770E+00, 7.8748E+00
"P                                                                                                                     "
   7336.080, -64663.910, 3.4790E-01, 4.4690E+00,-3.1738E-01, 2.5647E+00, 1.9678E+00, 7.2412E+00, 1.3501E+00, 7.8540E+00
"B2                                                                                                                    "
   7339.320, -64660.670, 4.1260E-01, 4.5239E+00,-3.1006E-01, 2.5635E+00, 1.6858E+00, 6.8835E+00, 1.3342E+00, 7.8345E+00
"P                                                                                                                     "
   7357.560, -64642.430, 2.6733E-01, 4.3994E+00,-3.1006E-01, 2.5635E+00, 1.7749E+00, 6.9861E+00, 1.3647E+00, 7.8650E+00
"P                                                                                                                     "
   7358.280, -64641.710, 9.1187E-01, 4.9817E+00,-3.1006E-01, 2.5623E+00, 1.7932E+00, 6.9824E+00, 1.3733E+00, 7.8662E+00
"C                                                                                                                    "
   7360.980, -64639.010, 9.0698E-01, 5.0281E+00,-3.1616E-01, 2.5635E+00, 1.6809E+00, 6.8872E+00, 1.3672E+00, 7.8723E+00
"D                                                                                                                     "
   7399.920, -64600.070, 8.9844E-01, 5.0134E+00,-3.1738E-01, 2.5635E+00, 1.7334E+00, 6.9556E+00,-1.2085E-01, 6.3965E+00
"F2                                                                                                                    "
   7402.110, -64597.880, 1.0791E+00, 5.1428E+00,-3.1738E-01, 2.5623E+00, 1.7505E+00, 6.9543E+00, 1.3843E+00, 7.8833E+00
"B                                                                                                                     "
   7403.100, -64596.890, 9.0942E-01, 5.0317E+00,-3.1738E-01, 2.5623E+00, 1.7603E+00, 6.9934E+00, 1.3782E+00, 7.8784E+00
"C                                                                                                                     "
   7405.080, -64594.910,-3.9063E-02, 4.3958E+00,-3.1860E-01, 2.5623E+00, 1.7932E+00, 7.0044E+00, 1.3794E+00, 7.8845E+00
"Z                                                                                                                     "
   7601.520, -64398.470, 1.8994E+00, 5.9998E+00,-3.1128E-01, 2.5623E+00, 1.6272E+00, 6.8616E+00, 4.6265E-01, 6.9690E+00
"P                                                                                                                     "
   7640.100, -64359.890, 1.3062E+00, 5.1855E+00,-3.1616E-01, 2.5623E+00, 1.6589E+00, 6.8689E+00, 5.9082E-01, 7.1008E+00
"C                                                                                                                     "
   7656.870, -64343.120, 9.2529E-01, 5.0500E+00,-3.1860E-01, 2.5610E+00, 1.6248E+00, 6.8408E+00, 6.1768E-01, 7.1228E+00
"D                                                                                                                     "
   7667.640, -64332.350, 9.1553E-01, 5.0220E+00,-3.1982E-01, 2.5623E+00, 1.4685E+00, 6.7175E+00,-3.0884E-01, 6.2073E+00
"B                                                                                                                     "
   7668.660, -64331.330, 6.8237E-01, 4.8254E+00,-3.1372E-01, 2.5623E+00, 1.5857E+00, 6.7908E+00,-3.1372E-01, 6.2048E+00
"F2                                                                                                                    "
   7671.120, -64328.870, 1.2073E+00, 5.0439E+00,-3.1494E-01, 2.5610E+00, 1.5222E+00, 6.7236E+00,-2.6855E-01, 6.2463E+00
"B                                                                                                                     "
   7699.440, -64300.550, 8.0444E-01, 4.9207E+00,-3.1006E-01, 2.5623E+00, 1.6736E+00, 6.8665E+00, 7.9346E-01, 7.2876E+00
"D                                                                                                                     "
   7750.440, -64249.550, 1.1084E+00, 5.1965E+00,-3.1616E-01, 2.5610E+00, 1.6174E+00, 6.8152E+00, 8.5449E-01, 7.3633E+00
"C                                                                                                                     "
   7751.520, -64248.470, 8.8623E-01, 5.0391E+00,-3.0884E-01, 2.5610E+00, 1.6150E+00, 6.8152E+00, 1.0449E+00, 7.5464E+00
"F2                                                                                                                    "
   7752.540, -64247.450, 1.0278E+00, 5.0366E+00,-3.1738E-01, 2.5623E+00, 2.1326E+00, 7.3511E+00, 8.6426E-01, 7.3657E+00
"B                                                                                                                     "
   7764.450, -64235.540, 1.0706E+00, 5.1929E+00,-3.1128E-01, 2.5610E+00, 1.6003E+00, 6.8164E+00, 1.2036E+00, 7.7185E+00
"C                                                                                                                     "
   7765.860, -64234.130, 1.3000E+00, 5.4004E+00,-3.1372E-01, 2.5610E+00, 1.6724E+00, 6.8823E+00, 9.3872E-01, 7.4304E+00
"D                                                                                                                     "
   7822.920, -64177.070, 1.3232E+00, 5.4541E+00,-2.9419E-01, 2.5818E+00, 1.6907E+00, 6.8921E+00, 7.9224E-01, 7.2937E+00
"B                                                                                                                     "
   7825.290, -64174.700, 1.4209E+00, 5.4504E+00,-2.9175E-01, 2.5818E+00, 1.7212E+00, 6.9360E+00, 9.4360E-01, 7.4475E+00
"D                                                                                                                     "
   7855.260, -64144.730, 1.2195E+00, 5.4333E+00,-2.9419E-01, 2.5842E+00, 1.7188E+00, 6.9299E+00, 1.2695E+00, 7.7258E+00
"F2                                                                                                                    "
   7859.460, -64140.530, 9.8633E-01, 5.1575E+00,-2.8809E-01, 2.5867E+00, 1.7334E+00, 6.9482E+00, 1.0779E+00, 7.4866E+00
"B                                                                                                                     "
   7862.940, -64137.050, 1.2646E+00, 5.3516E+00,-2.8687E-01, 2.5854E+00, 1.6882E+00, 6.8933E+00, 9.4116E-01, 7.4451E+00
"C                                                                                                                     "
   7864.080, -64135.910, 1.3208E+00, 5.4175E+00,-2.8320E-01, 2.5854E+00, 1.6907E+00, 6.8982E+00, 1.0083E+00, 7.4390E+00
"P                                                                                                                     "
   7866.030, -64133.960, 6.0425E-01, 5.0085E+00,-2.8564E-01, 2.5854E+00, 1.5625E+00, 6.7786E+00, 9.9976E-01, 7.4976E+00
"Z                                                                                                                     "
  12134.520, -59865.470, 1.5979E+00, 5.5322E+00,-3.1616E-01, 2.5610E+00, 1.3354E+00, 6.5515E+00, 1.4026E+00, 7.9004E+00
"P                                                                                                                     "
  12171.660, -59828.330, 4.5166E-01, 4.5667E+00,-3.1250E-01, 2.5610E+00, 1.3367E+00, 6.5405E+00, 1.2085E+00, 7.7100E+00
"B2                                                                                                                    "
  12177.900, -59822.090, 4.5532E-01, 4.5435E+00,-3.1372E-01, 2.5623E+00, 1.3098E+00, 6.5125E+00, 1.3672E+00, 7.8601E+00
"P                                                                                                                     "
  12211.200, -59788.790,-3.1982E-01, 4.1284E+00,-3.1372E-01, 2.5610E+00, 1.3159E+00, 6.5417E+00, 1.3770E+00, 7.8796E+00
"Z                                                                                                                     "
  21953.100, -50046.890, 5.7007E-01, 4.1870E+00, 7.7759E-01, 3.6292E+00, 1.1084E+00, 6.3257E+00,-3.1860E-01, 6.1987E+00
"P                                                                                                                     "
  21985.200, -50014.790, 4.6875E-01, 4.5911E+00, 7.5073E-01, 3.5889E+00, 1.0889E+00, 6.2891E+00,-3.1982E-01, 6.1987E+00
"B2                                                                                                                    "
  21989.370, -50010.620, 5.5298E-01, 4.6655E+00, 8.2886E-01, 3.6682E+00, 1.1316E+00, 6.3403E+00,-3.1860E-01, 6.1987E+00
"P                                                                                                                     "
  22007.310, -49992.680,-3.5889E-01, 3.6792E+00, 7.5073E-01, 3.5950E+00, 1.0718E+00, 6.2769E+00,-3.1616E-01, 6.1987E+00
"z                                                                                                                     "
  22032.720, -49967.270, 8.6670E-02, 4.0076E+00, 7.8003E-01, 3.6243E+00, 1.0974E+00, 6.3147E+00,-3.1982E-01, 6.1975E+00
"p                                                                                                                     "
  22042.560, -49957.430, 4.0405E-01, 4.5276E+00, 7.8857E-01, 3.6255E+00, 1.0999E+00, 6.2866E+00,-3.1738E-01, 6.1987E+00
"p                                                                                                                     "
  22067.010, -49932.980, 3.4302E-01, 4.4604E+00, 7.7148E-01, 3.6414E+00, 1.1475E+00, 6.3708E+00,-3.1982E-01, 6.1987E+00
"b2'                                                                                                                   "
  22070.550, -49929.440, 2.9785E-01, 4.4397E+00, 7.9468E-01, 3.6584E+00, 1.1194E+00, 6.3489E+00,-3.1982E-01, 6.1975E+00
"p                                                                                                                     "
  22097.460, -49902.530,-5.2612E-01, 3.6548E+00, 8.6792E-01, 3.7122E+00, 1.1414E+00, 6.3513E+00,-3.1738E-01, 6.1975E+00
"z                                                                                                                     "
  34467.150, -37532.840,-4.6387E-01, 3.6108E+00,-3.2227E-01, 2.5562E+00, 1.1572E+00, 6.3770E+00, 1.6174E+00, 8.1177E+00
"p                                                                                                                     "
  34493.670, -37506.320, 2.0386E-01, 4.3420E+00,-3.2104E-01, 2.5562E+00,-3.1494E-01, 4.9146E+00, 2.0691E+00, 8.5461E+00
"b2                                                                                                                    "
  34499.100, -37500.890, 3.5400E-02, 4.1797E+00,-3.2104E-01, 2.5562E+00,-3.5645E-01, 4.8706E+00, 1.3074E+00, 7.8052E+00
"p                                                                                                                     "
  34578.090, -37421.900, 4.2480E-01, 4.5435E+00,-3.1616E-01, 2.5574E+00, 1.1865E+00, 6.4001E+00, 1.3745E+00, 7.8687E+00
"c                                                                                                                     "
  34582.440, -37417.550, 1.0754E+00, 4.9634E+00,-3.2471E-01, 2.5574E+00, 1.1279E+00, 6.3464E+00, 1.2744E+00, 7.7783E+00
"b                                                                                                                     "
  34597.320, -37402.670, 1.1804E+00, 5.3137E+00,-3.1494E-01, 2.5586E+00, 1.1914E+00, 6.4172E+00, 1.1719E+00, 7.6660E+00
"F2                                                                                                                    "
  34598.760, -37401.230, 5.3955E-01, 4.7192E+00,-3.1128E-01, 2.5586E+00, 1.1865E+00, 6.4063E+00, 1.3708E+00, 7.8748E+00
"B                                                                                                                     "
  34620.030, -37379.960, 4.1260E-01, 4.5313E+00,-3.1860E-01, 2.5574E+00,-3.5156E-01, 4.8792E+00,-7.5684E-02, 6.4575E+00
"C                                                                                                                     "
  34624.680, -37375.310, 7.1167E-01, 4.8413E+00,-3.1860E-01, 2.5574E+00,-3.5156E-01, 4.8730E+00, 1.4417E+00, 7.9382E+00
"C                                                                                                                     "
  34626.780, -37373.210, 7.6782E-01, 4.8865E+00,-3.2349E-01, 2.5574E+00,-3.5767E-01, 4.8730E+00, 1.4282E+00, 7.9309E+00
"D                                                                                                                     "
  34635.240, -37364.750, 6.1523E-01, 4.7192E+00,-2.9175E-01, 2.5806E+00,-2.3560E-01, 4.9902E+00, 1.3635E+00, 7.8564E+00
"B                                                                                                                     "
  34639.860, -37360.130, 4.6875E-01, 4.5923E+00,-3.1128E-01, 2.5671E+00, 1.1841E+00, 6.4026E+00, 1.3574E+00, 7.8552E+00
"C                                                                                                                     "
  34644.210, -37355.780, 7.9834E-01, 4.9060E+00,-3.0518E-01, 2.5793E+00, 1.2280E+00, 6.4404E+00, 1.2317E+00, 7.7356E+00
"D                                                                                                                     "
  34659.660, -37340.330, 6.9092E-01, 4.8242E+00,-2.9663E-01, 2.5793E+00, 1.2219E+00, 6.4331E+00, 1.4746E+00, 7.9700E+00
"B                                                                                                                     "
  34660.830, -37339.160, 4.3823E-01, 4.5886E+00,-3.0273E-01, 2.5745E+00, 1.2170E+00, 6.4307E+00, 1.4807E+00, 7.9761E+00
"F2                                                                                                                    "
  34662.450, -37337.540, 4.6753E-01, 4.6301E+00,-2.9907E-01, 2.5732E+00, 1.2122E+00, 6.4307E+00, 1.3818E+00, 7.8809E+00
"G                                                                                                                     "
  34703.670, -37296.320, 3.9795E-01, 4.5215E+00,-3.2227E-01, 2.5623E+00, 1.2109E+00, 6.4197E+00, 1.4172E+00, 7.9163E+00
"P                                                                                                                     "
  34717.530, -37282.460, 6.5186E-01, 4.8035E+00,-3.1982E-01, 2.5598E+00, 1.1914E+00, 6.4160E+00, 1.3879E+00, 7.8906E+00
"Z                                                                                                                     "
  34855.590, -37144.400, 1.1340E+00, 5.1538E+00,-3.0640E-01, 2.5696E+00, 1.1877E+00, 6.4038E+00, 9.9854E-01, 7.5000E+00
"P                                                                                                                     "
  34867.890, -37132.100, 1.9897E-01, 4.3188E+00,-3.1738E-01, 2.5598E+00, 1.1694E+00, 6.3843E+00, 8.8623E-01, 7.3914E+00
"C                                                                                                                     "
  34870.140, -37129.850, 1.8555E-01, 4.2932E+00,-3.0762E-01, 2.5610E+00, 1.1829E+00, 6.3940E+00, 8.7280E-01, 7.3743E+00
"D                                                                                                                     "
  34901.460, -37098.530, 7.1533E-01, 4.8303E+00,-3.1616E-01, 2.5598E+00, 1.1658E+00, 6.3831E+00, 9.2651E-01, 7.4316E+00
"F2                                                                                                                    "
  34903.800, -37096.190, 6.5063E-01, 4.7791E+00,-3.1860E-01, 2.5598E+00, 1.1438E+00, 6.3660E+00, 9.1797E-01, 7.4219E+00
"B                                                                                                                     "
  34905.840, -37094.150, 4.6265E-01, 4.5789E+00,-3.1616E-01, 2.5598E+00, 1.1511E+00, 6.3586E+00, 9.0698E-01, 7.4121E+00
"C                                                                                                                     "
  34908.330, -37091.660, 7.0068E-01, 4.8108E+00,-3.1372E-01, 2.5598E+00, 1.1560E+00, 6.3660E+00, 9.0332E-01, 7.4011E+00
"D                                                                                                                     "
  34937.100, -37062.890, 8.6060E-01, 4.9939E+00,-3.1738E-01, 2.5574E+00, 1.1169E+00, 6.3354E+00, 1.2598E+00, 7.7771E+00
"F2                                                                                                                    "
  34940.730, -37059.260, 6.7261E-01, 4.7961E+00,-3.1616E-01, 2.5586E+00, 1.1621E+00, 6.3794E+00,-1.1230E-01, 6.4014E+00
"C                                                                                                                     "
  34943.640, -37056.350, 8.1421E-01, 4.9243E+00,-3.1494E-01, 2.5598E+00, 1.1450E+00, 6.3599E+00,-1.2573E-01, 6.3916E+00
"D                                                                                                                     "
  34946.790, -37053.200, 7.5317E-01, 4.9121E+00,-3.1616E-01, 2.5610E+00, 1.1426E+00, 6.3660E+00,-1.2573E-01, 6.3916E+00
"C                                                                                                                     "
  34949.550, -37050.440, 8.0566E-01, 5.0391E+00,-3.1616E-01, 2.5586E+00, 1.1096E+00, 6.3306E+00,-1.2085E-01, 6.3928E+00
"F2                                                                                                                    "
  34952.280, -37047.710, 4.4678E-01, 4.6106E+00,-3.2104E-01, 2.5586E+00, 1.1499E+00, 6.3708E+00,-1.2329E-01, 6.3953E+00
"B                                                                                                                     "
  34956.630, -37043.360, 2.4902E-01, 4.3579E+00,-3.1860E-01, 2.5574E+00, 1.1682E+00, 6.3782E+00,-1.1230E-01, 6.4001E+00
"D                                                                                                                     "
  34960.020, -37039.970, 5.2368E-01, 4.6899E+00,-3.1738E-01, 2.5586E+00, 1.1682E+00, 6.3818E+00,-1.0864E-01, 6.4063E+00
"B                                                                                                                     "
  34967.910, -37032.080, 1.0034E+00, 5.0977E+00,-3.2227E-01, 2.5574E+00, 1.1560E+00, 6.3733E+00,-1.0498E-01, 6.4124E+00
"C                                                                                                                     "
  34979.280, -37020.710, 1.0706E+00, 5.1904E+00, 5.2002E-01, 3.3533E+00, 1.1536E+00, 6.3599E+00,-1.0010E-01, 6.4148E+00
"D                                                                                                                     "
  34981.740, -37018.250, 1.2036E+00, 5.3235E+00,-3.0884E-01, 2.5818E+00, 1.1426E+00, 6.3684E+00,-1.0376E-01, 6.4148E+00
"C                                                                                                                     "
  34984.770, -37015.220, 1.1523E+00, 5.2991E+00,-3.1860E-01, 2.5598E+00, 1.1609E+00, 6.3696E+00,-9.5215E-02, 6.4160E+00
"D                                                                                                                     "
  34992.390, -37007.600, 1.2402E+00, 5.3748E+00,-3.1128E-01, 2.5586E+00, 1.1597E+00, 6.3745E+00,-9.5215E-02, 6.4172E+00
"C                                                                                                                     "
  34997.430, -37002.560, 1.1401E+00, 5.3308E+00,-3.1738E-01, 2.5574E+00, 1.1316E+00, 6.3513E+00,-1.0010E-01, 6.4197E+00
"D                                                                                                                     "
  35094.660, -36905.330, 1.1780E+00, 5.2295E+00,-3.1982E-01, 2.5574E+00,-3.4912E-01, 4.8816E+00,-9.3994E-02, 6.4221E+00
"F1                                                                                                                    "
  35097.210, -36902.780, 1.1597E+00, 5.2502E+00,-3.1738E-01, 2.5562E+00,-3.5156E-01, 4.8767E+00,-9.3994E-02, 6.4221E+00
"F2                                                                                                                    "
  35098.770, -36901.220, 8.5205E-01, 4.9377E+00,-3.1860E-01, 2.5562E+00, 1.0730E+00, 6.3086E+00,-9.2773E-02, 6.4221E+00
"F3                                                                                                                    "
  35108.760, -36891.230, 1.0803E+00, 5.2051E+00,-3.2471E-01, 2.5562E+00,-3.6377E-01, 4.8718E+00,-9.2773E-02, 6.4233E+00
"F4                                                                                                                    "
  35111.400, -36888.590, 1.1401E+00, 5.2588E+00,-3.1250E-01, 2.5574E+00,-1.9775E-01, 5.0256E+00,-1.0864E-01, 6.4026E+00
"B                                                                                                                     "
  35119.680, -36880.310, 1.2280E+00, 5.3247E+00,-3.1982E-01, 2.5549E+00,-3.4058E-01, 4.8889E+00,-1.0376E-01, 6.4111E+00
"C                                                                                                                     "
  35124.780, -36875.210, 1.3831E+00, 5.4883E+00,-3.2227E-01, 2.5549E+00,-3.6011E-01, 4.8730E+00, 1.3696E+00, 7.8674E+00
"D                                                                                                                     "
  35136.810, -36863.180, 1.4038E+00, 5.5176E+00,-3.2227E-01, 2.5574E+00,-3.6011E-01, 4.8718E+00,-1.1108E-01, 6.4063E+00
"B                                                                                                                     "
  35138.280, -36861.710, 1.4587E+00, 5.5164E+00,-3.2471E-01, 2.5549E+00,-3.6133E-01, 4.8730E+00,-1.1230E-01, 6.4063E+00
"C                                                                                                                     "
  35142.990, -36857.000, 1.4050E+00, 5.5444E+00,-3.2104E-01, 2.5562E+00, 3.4302E-01, 6.0071E+00,-1.0498E-01, 6.4075E+00
"D                                                                                                                     "
  35157.060, -36842.930, 1.2085E+00, 5.3223E+00,-3.1982E-01, 2.5549E+00,-3.5400E-01, 4.8743E+00,-1.0376E-01, 6.4099E+00
"B                                                                                                                     "
  35158.140, -36841.850, 6.7505E-01, 4.7913E+00,-3.1982E-01, 2.5562E+00,-3.3203E-01, 4.8975E+00,-1.0376E-01, 6.4087E+00
"F2                                                                                                                    "
  35159.910, -36840.080, 6.9458E-01, 4.8108E+00,-3.2349E-01, 2.5562E+00,-3.5889E-01, 4.8730E+00,-1.0620E-01, 6.4087E+00
"B                                                                                                                     "
  35163.750, -36836.240, 1.0242E+00, 5.1270E+00,-3.1860E-01, 2.5562E+00,-3.5889E-01, 4.8718E+00, 1.2451E-01, 6.6516E+00
"C                                                                                                                     "
  35166.570, -36833.420, 1.1035E+00, 5.2185E+00,-3.2227E-01, 2.5562E+00,-3.6255E-01, 4.8718E+00,-1.0620E-01, 6.4111E+00
"D                                                                                                                     "
  35168.010, -36831.980, 9.5581E-01, 5.0818E+00,-3.1860E-01, 2.5549E+00,-3.5522E-01, 4.8730E+00,-1.0010E-01, 6.4136E+00
"B                                                                                                                     "
  35168.850, -36831.140, 9.3872E-01, 5.0659E+00,-3.2471E-01, 2.5549E+00,-3.5767E-01, 4.8730E+00,-1.0254E-01, 6.4124E+00
"F2                                                                                                                    "
  35171.070, -36828.920, 1.0193E+00, 5.1221E+00,-3.1250E-01, 2.5562E+00, 9.6802E-01, 6.1890E+00,-9.7656E-02, 6.4124E+00
"B                                                                                                                     "
  35173.830, -36826.160, 1.4734E+00, 5.5518E+00,-3.1860E-01, 2.5562E+00, 1.2183E+00, 6.4221E+00,-1.0254E-01, 6.4124E+00
"C                                                                                                                     "
  35174.550, -36825.440, 1.4563E+00, 5.3564E+00,-3.2227E-01, 2.5562E+00, 1.2329E+00, 6.4514E+00, 1.3403E+00, 7.8198E+00
"D                                                                                                                     "
  35192.610, -36807.380, 9.7656E-01, 5.1428E+00,-3.2227E-01, 2.5598E+00,-3.6987E-01, 4.8596E+00, 1.4001E+00, 7.8992E+00
"F2                                                                                                                    "
  35195.160, -36804.830, 8.5449E-01, 5.0403E+00,-3.1494E-01, 2.5623E+00,-3.7109E-01, 4.8608E+00, 1.3989E+00, 7.8967E+00
"B                                                                                                                     "
  35199.000, -36800.990, 8.6304E-01, 5.0012E+00,-3.1494E-01, 2.5635E+00,-3.7231E-01, 4.8621E+00, 1.3855E+00, 7.8894E+00
"C                                                                                                                     "
  35200.650, -36799.340, 1.0278E+00, 5.1538E+00,-3.0640E-01, 2.5647E+00, 1.1096E+00, 6.3306E+00, 1.3940E+00, 7.8882E+00
"D                                                                                                                     "
  35202.600, -36797.390, 1.0107E+00, 5.2197E+00,-3.1372E-01, 2.5659E+00,-3.6743E-01, 4.8633E+00, 1.3940E+00, 7.8943E+00
"D                                                                                                                     "
  35202.960, -36797.030, 7.0679E-01, 4.8657E+00,-3.0884E-01, 2.5659E+00,-3.6499E-01, 4.8621E+00, 1.4050E+00, 7.8979E+00
"F2                                                                                                                    "
  35204.790, -36795.200, 8.4473E-01, 4.9365E+00,-3.1494E-01, 2.5610E+00,-3.6865E-01, 4.8669E+00, 1.3855E+00, 7.8894E+00
"B                                                                                                                     "
  35206.170, -36793.820, 1.1316E+00, 5.2625E+00,-3.2227E-01, 2.5598E+00,-3.6621E-01, 4.8657E+00, 1.3831E+00, 7.8845E+00
"C                                                                                                                     "
  35211.900, -36788.090, 1.3196E+00, 5.4419E+00,-3.1616E-01, 2.5623E+00,-3.7231E-01, 4.8608E+00, 1.3757E+00, 7.8772E+00
"D                                                                                                                     "
  35322.450, -36677.540, 1.5393E+00, 5.6628E+00,-3.2349E-01, 2.5586E+00, 8.4717E-01, 6.1768E+00, 1.9775E-01, 6.4014E+00
"F2                                                                                                                    "
  35325.180, -36674.810, 5.9570E-01, 5.0330E+00,-3.1860E-01, 2.5598E+00, 1.2354E+00, 6.4539E+00, 1.0620E+00, 7.5635E+00
"B                                                                                                                     "
  35329.290, -36670.700, 1.1292E+00, 5.2332E+00,-3.1860E-01, 2.5610E+00,-3.5645E-01, 4.8718E+00, 1.1462E+00, 7.6428E+00
"C                                                                                                                     "
  35332.260, -36667.730, 1.1060E+00, 5.2698E+00,-3.1006E-01, 2.5671E+00,-3.4424E-01, 4.8914E+00, 1.4966E+00, 7.9907E+00
"D                                                                                                                     "
  35334.660, -36665.330, 1.7151E+00, 5.8350E+00,-2.9785E-01, 2.5745E+00,-3.5889E-01, 4.8730E+00, 1.5674E+00, 8.0676E+00
"B                                                                                                                     "
  35335.590, -36664.400, 1.0266E+00, 5.1733E+00,-2.9785E-01, 2.5757E+00,-3.5767E-01, 4.8718E+00, 1.5869E+00, 8.0811E+00
"F2                                                                                                                    "
  35338.920, -36661.070, 7.7271E-01, 4.9927E+00,-3.0273E-01, 2.5769E+00, 3.9429E-01, 5.6653E+00, 1.5869E+00, 8.0872E+00
"B                                                                                                                     "
  35344.140, -36655.850, 1.0645E+00, 5.1599E+00,-2.9175E-01, 2.5818E+00,-3.5278E-01, 4.8779E+00, 1.5381E+00, 8.0359E+00
"C                                                                                                                     "
  35346.660, -36653.330, 1.0571E+00, 5.2063E+00,-2.9541E-01, 2.5806E+00,-1.1719E-01, 5.3552E+00, 1.5076E+00, 8.0078E+00
"F2                                                                                                                    "
  35348.160, -36651.830, 9.5581E-01, 5.1001E+00,-2.9297E-01, 2.5818E+00,-3.6011E-01, 4.8706E+00, 1.4941E+00, 7.9907E+00
"B                                                                                                                     "
  35350.020, -36649.970, 1.0535E+00, 5.1636E+00,-2.9419E-01, 2.5818E+00,-3.6621E-01, 4.8682E+00, 1.4075E+00, 7.9028E+00
"C                                                                                                                     "
  35352.570, -36647.420, 1.4893E+00, 5.3040E+00,-2.9663E-01, 2.5806E+00,-3.6255E-01, 4.8694E+00, 1.4587E+00, 7.9590E+00
"D                                                                                                                     "
  35353.380, -36646.610, 1.1584E+00, 5.2710E+00,-2.8931E-01, 2.5806E+00,-3.6255E-01, 4.8682E+00, 1.4673E+00, 7.9675E+00
"b                                                                                                                     "
  35354.140, -36645.850, 1.0986E+00, 5.2136E+00,-2.9785E-01, 2.5793E+00,-3.6743E-01, 4.8669E+00, 1.4624E+00, 7.9639E+00
"f2                                                                                                                    "
  35355.220, -36644.770, 1.3501E+00, 5.3882E+00,-2.8809E-01, 2.5806E+00,-3.5889E-01, 4.8694E+00, 1.4685E+00, 7.9626E+00
"B                                                                                                                     "
  35356.510, -36643.480, 1.9312E+00, 5.8459E+00,-3.0029E-01, 2.5806E+00,-3.6011E-01, 4.8755E+00, 1.4575E+00, 7.9614E+00
"C                                                                                                                     "
  35358.010, -36641.980, 1.3062E+00, 5.4529E+00,-2.9419E-01, 2.5793E+00,-3.6255E-01, 4.8718E+00, 1.4270E+00, 7.9285E+00
"D                                                                                                                     "
  35366.710, -36633.280, 1.1438E+00, 5.2673E+00,-3.0396E-01, 2.5745E+00,-3.6377E-01, 4.8633E+00,-1.5747E-01, 6.3525E+00
"F2                                                                                                                    "
  35369.170, -36630.820, 1.1243E+00, 5.2502E+00,-2.9785E-01, 2.5781E+00,-3.6743E-01, 4.8706E+00, 1.3281E+00, 7.8296E+00
"B                                                                                                                     "
  35381.650, -36618.340, 1.0315E+00, 5.1428E+00,-3.2227E-01, 2.5574E+00,-3.6133E-01, 4.8682E+00, 1.3184E+00, 7.8162E+00
"C                                                                                                                     "
  35383.150, -36616.840, 1.5491E+00, 5.8752E+00,-3.2104E-01, 2.5562E+00,-3.6865E-01, 4.8669E+00,-1.5869E-01, 6.3586E+00
"D                                                                                                                     "
  35405.110, -36594.880, 1.2146E+00, 5.3577E+00,-3.1250E-01, 2.5610E+00,-3.5767E-01, 4.8682E+00,-1.2451E-01, 6.3855E+00
"B                                                                                                                     "
  35406.640, -36593.350, 1.5491E+00, 5.6323E+00,-3.1494E-01, 2.5598E+00,-3.6743E-01, 4.8669E+00, 1.3379E+00, 7.8418E+00
"C                                                                                                                     "
  35408.500, -36591.490, 1.3318E+00, 5.4175E+00,-3.2104E-01, 2.5586E+00,-3.6255E-01, 4.8682E+00,-1.1841E-01, 6.4026E+00
"D                                                                                                                     "
  35790.550, -36209.440, 1.5295E+00, 5.6335E+00,-3.1860E-01, 2.5586E+00,-3.4790E-01, 4.8804E+00, 9.4238E-01, 7.4475E+00
"F1                                                                                                                    "
  35792.350, -36207.640, 1.4917E+00, 5.5762E+00,-3.1616E-01, 2.5598E+00,-3.4058E-01, 4.8828E+00, 9.2896E-01, 7.4304E+00
"F2                                                                                                                    "
  35793.940, -36206.050, 1.5063E+00, 5.6079E+00,-3.2227E-01, 2.5586E+00,-3.4790E-01, 4.8828E+00, 9.1064E-01, 7.4170E+00
"F3                                                                                                                    "
  35802.640, -36197.350, 1.6248E+00, 5.7239E+00,-3.2104E-01, 2.5598E+00,-3.4668E-01, 4.8865E+00,-1.2451E-01, 6.3940E+00
"F4                                                                                                                    "
  35806.660, -36193.330, 1.3220E+00, 5.4431E+00,-3.1738E-01, 2.5598E+00, 9.5093E-01, 5.4712E+00,-1.2085E-01, 6.3953E+00
"B                                                                                                                     "
  35812.240, -36187.750, 1.7078E+00, 5.8240E+00,-3.1982E-01, 2.5610E+00, 1.2109E+00, 6.4307E+00,-1.1719E-01, 6.3977E+00
"C                                                                                                                     "
  35813.230, -36186.760, 1.7334E+00, 5.8496E+00,-3.1860E-01, 2.5610E+00,-3.2104E-01, 4.9109E+00,-1.2329E-01, 6.3977E+00
"D                                                                                                                     "
  35856.910, -36143.080, 1.7273E+00, 5.8289E+00,-3.2104E-01, 2.5586E+00, 1.3196E+00, 6.5405E+00, 1.3123E+00, 7.8186E+00
"B                                                                                                                     "
  35858.200, -36141.790, 1.4282E+00, 5.3918E+00,-3.1250E-01, 2.5574E+00, 1.3367E+00, 6.5393E+00, 1.3245E+00, 7.8174E+00
"D                                                                                                                     "
  35918.680, -36081.310, 9.0698E-01, 5.2039E+00,-3.1860E-01, 2.5562E+00,-3.5278E-01, 4.8804E+00,-1.0864E-01, 6.4075E+00
"B                                                                                                                     "
  35920.090, -36079.900, 1.5845E+00, 5.2161E+00,-3.1860E-01, 2.5562E+00,-3.5034E-01, 4.8792E+00,-1.0742E-01, 6.4075E+00
"D                                                                                                                     "
  36115.090, -35884.900, 3.8306E+00, 7.9126E+00,-3.2104E-01, 2.5549E+00,-3.4912E-01, 4.8816E+00, 1.2610E+00, 7.7808E+00
"B                                                                                                                     "
  36118.930, -35881.060, 4.2383E+00, 8.3081E+00,-3.2104E-01, 2.5562E+00,-3.6377E-01, 4.8682E+00, 1.3135E+00, 7.8101E+00
"D                                                                                                                     "
  36315.700, -35684.290, 1.2158E+00, 7.3486E+00,-3.1494E-01, 2.5586E+00, 1.0181E+00, 6.2512E+00,-1.3672E-01, 6.3782E+00
"G                                                                                                                     "
  37413.370, -34586.620,-5.6763E-01, 3.6499E+00,-3.1616E-01, 2.5598E+00,-3.5034E-01, 4.8804E+00, 8.1421E-01, 7.3193E+00

