"NP                                                                                                                    "
    137.220, -71862.770,-5.7617E-01, 3.5693E+00, 1.9751E+00, 3.9722E+00, 3.1641E+00, 8.3691E+00, 1.0132E-01, 6.6577E+00
"P                                                                                                                     "
    152.280, -71847.710,-5.7617E-01, 3.5693E+00, 1.1401E+00, 3.9844E+00, 8.1055E+00, 9.9988E+00, 7.3242E-03, 6.5210E+00
"C                                                                                                                     "
    175.260, -71824.730,-5.7739E-01, 3.5669E+00, 1.4661E+00, 4.3005E+00, 8.1311E+00, 9.9988E+00, 7.3242E-03, 6.5210E+00
"D                                                                                                                     "
    187.110, -71812.880,-5.7861E-01, 3.5669E+00, 1.4111E+00, 4.2603E+00, 8.0896E+00, 9.9988E+00,-2.2583E-01, 6.2903E+00
"F2                                                                                                                    "
    188.400, -71811.590,-5.7495E-01, 3.5681E+00, 1.4661E+00, 4.2847E+00, 8.0762E+00, 9.9988E+00,-2.4170E-01, 6.2769E+00
"B                                                                                                                     "
    192.390, -71807.600,-5.7983E-01, 3.5657E+00, 1.5588E+00, 4.3872E+00, 8.1177E+00, 9.9988E+00,-2.5757E-01, 6.2573E+00
"C                                                                                                                     "
    193.860, -71806.130,-5.7373E-01, 3.5669E+00, 1.4978E+00, 4.4763E+00, 8.1921E+00, 9.9988E+00,-2.5879E-01, 6.2561E+00
"D                                                                                                                     "
    195.030, -71804.960,-5.7617E-01, 3.5669E+00, 1.4941E+00, 4.3347E+00, 8.2410E+00, 9.9988E+00,-2.4902E-01, 6.2659E+00
"C                                                                                                                     "
    196.350, -71803.640,-5.7007E-01, 3.5669E+00, 1.5442E+00, 4.3835E+00, 8.0493E+00, 9.9988E+00,-2.5391E-01, 6.2610E+00
"D                                                                                                                     "
    237.180, -71762.810,-5.7739E-01, 3.5718E+00, 1.6516E+00, 4.4922E+00, 1.5259E-01, 5.3821E+00,-2.5269E-01, 6.2671E+00
"C                                                                                                                     "
    238.860, -71761.130,-5.7861E-01, 3.5718E+00, 1.7126E+00, 4.5532E+00, 1.4893E-01, 5.3784E+00,-2.5146E-01, 6.2646E+00
"D                                                                                                                     "
    460.140, -71539.850,-5.7983E-01, 3.5608E+00, 1.7542E+00, 4.5898E+00, 8.0017E+00, 9.9988E+00,-2.8931E-01, 6.2256E+00
"P                                                                                                                     "
    461.850, -71538.140,-5.8716E-01, 3.5596E+00, 2.6489E-01, 3.7000E+00, 7.4634E+00, 9.9988E+00,-2.9541E-01, 6.2256E+00
"Z                                                                                                                     "
    563.820, -71436.170,-5.8472E-01, 3.5596E+00, 2.0618E+00, 4.6997E+00, 6.7883E+00, 9.9988E+00,-2.7832E-01, 6.2427E+00
"P                                                                                                                     "
    580.020, -71419.970,-5.7861E-01, 3.5608E+00,-3.0151E-01, 2.5769E+00, 6.9861E+00, 9.9988E+00,-3.0884E-01, 6.2097E+00
"Z                                                                                                                     "
    697.620, -71302.370,-5.8105E-01, 3.5657E+00, 1.9348E+00, 4.7754E+00, 6.8188E+00, 9.9988E+00,-2.7710E-01, 6.2390E+00
"P                                                                                                                     "
    707.220, -71292.770,-5.8105E-01, 3.5657E+00, 1.4673E+00, 4.3103E+00, 6.9031E+00, 9.9988E+00,-2.7344E-01, 6.2451E+00
"G                                                                                                                     "
    758.640, -71241.350,-5.7373E-01, 3.5669E+00, 1.7883E+00, 4.6130E+00, 6.3452E+00, 9.9988E+00,-2.6978E-01, 6.2439E+00
"Z                                                                                                                     "
    876.000, -71123.990,-5.8105E-01, 3.5645E+00, 1.8689E+00, 4.6143E+00, 6.1829E+00, 9.9988E+00,-2.4658E-01, 6.2695E+00
"P                                                                                                                     "
    902.940, -71097.050,-5.7983E-01, 3.5632E+00, 1.1218E+00, 3.9709E+00, 6.0437E+00, 9.9988E+00,-2.5024E-01, 6.2659E+00
"B2                                                                                                                    "
    905.700, -71094.290,-5.7861E-01, 3.5657E+00, 1.0254E+00, 3.8770E+00, 6.0510E+00, 9.9988E+00,-2.4536E-01, 6.2744E+00
"P                                                                                                                     "
    906.960, -71093.030,-5.8105E-01, 3.5669E+00, 1.1328E+00, 3.9819E+00, 6.0376E+00, 9.9988E+00,-2.4780E-01, 6.2659E+00
"D                                                                                                                     "
    928.560, -71071.430,-5.7983E-01, 3.5645E+00, 1.1877E+00, 4.0332E+00, 6.0229E+00, 9.9988E+00,-2.4658E-01, 6.2671E+00
"B                                                                                                                     "
    929.610, -71070.380,-5.8105E-01, 3.5657E+00, 1.2231E+00, 4.0771E+00, 5.9851E+00, 9.9988E+00,-2.5269E-01, 6.2646E+00
"F2                                                                                                                    "
    930.150, -71069.840,-5.7495E-01, 3.5657E+00, 1.2903E+00, 4.1089E+00, 6.0120E+00, 9.9988E+00,-2.5269E-01, 6.2634E+00
"B                                                                                                                     "
    933.420, -71066.570,-5.7617E-01, 3.5657E+00, 1.2439E+00, 4.0869E+00, 6.0425E+00, 9.9988E+00,-2.6001E-01, 6.2622E+00
"C                                                                                                                     "
    937.020, -71062.970,-5.7617E-01, 3.5669E+00, 1.2097E+00, 4.0613E+00, 6.0229E+00, 9.9988E+00,-2.5879E-01, 6.2585E+00
"F2                                                                                                                    "
    939.450, -71060.540,-5.7983E-01, 3.5669E+00, 1.4197E+00, 4.2859E+00, 5.9741E+00, 9.9988E+00,-2.6245E-01, 6.2585E+00
"B                                                                                                                     "
    943.800, -71056.190,-5.7861E-01, 3.5669E+00, 1.3843E+00, 4.2334E+00, 5.9424E+00, 9.9988E+00,-2.6489E-01, 6.2549E+00
"F2                                                                                                                    "
    945.270, -71054.720,-5.7617E-01, 3.5669E+00, 1.4587E+00, 4.2859E+00, 6.0022E+00, 9.9988E+00,-2.5269E-01, 6.2634E+00
"C                                                                                                                     "
    946.350, -71053.640,-5.7617E-01, 3.5669E+00, 1.4368E+00, 4.2749E+00, 5.9863E+00, 9.9988E+00,-2.5879E-01, 6.2610E+00
"D                                                                                                                     "
    955.560, -71044.430,-5.7861E-01, 3.5669E+00, 1.3123E+00, 4.1565E+00, 5.9253E+00, 9.9988E+00,-2.5879E-01, 6.2610E+00
"B                                                                                                                     "
    959.580, -71040.410,-5.7495E-01, 3.5669E+00, 1.4575E+00, 4.2871E+00, 6.4575E+00, 9.9988E+00,-2.5024E-01, 6.2659E+00
"C                                                                                                                     "
    961.170, -71038.820,-5.7861E-01, 3.5657E+00, 1.4380E+00, 4.2810E+00, 5.8142E+00, 9.9988E+00,-2.5635E-01, 6.2622E+00
"D                                                                                                                     "
   1129.860, -70870.130,-5.8228E-01, 3.5620E+00, 1.3855E+00, 4.2566E+00,-2.9907E-01, 4.9390E+00, 2.1741E+00, 8.6719E+00
"P                                                                                                                     "
   1132.020, -70867.970,-5.7983E-01, 3.5620E+00, 3.0518E-01, 3.7122E+00,-2.9297E-01, 4.9390E+00, 2.3328E+00, 8.8367E+00
"Z                                                                                                                     "
   3085.890, -68914.100, 4.4739E+00, 8.4265E+00, 1.6541E+00, 3.8330E+00, 1.5479E+00, 6.7725E+00, 2.3792E+00, 8.8696E+00
"P                                                                                                                     "
   3112.650, -68887.340, 4.5630E+00, 8.6414E+00, 5.7373E-01, 3.4302E+00, 1.7944E+00, 7.0190E+00, 2.2241E+00, 8.7109E+00
"G                                                                                                                     "
   3223.530, -68776.460, 4.1711E+00, 8.2764E+00, 9.9609E-01, 3.8489E+00, 1.8738E+00, 7.0886E+00, 2.4133E+00, 8.9075E+00
"P                                                                                                                     "
   3226.560, -68773.430, 4.2090E+00, 8.2898E+00, 3.1616E-01, 3.5706E+00, 1.8677E+00, 7.0776E+00, 2.3047E+00, 8.8281E+00
"Z                                                                                                                     "
   3250.860, -68749.130, 4.2297E+00, 8.4216E+00, 1.5247E+00, 3.3936E+00, 1.7383E+00, 6.9495E+00, 2.3621E+00, 8.8513E+00
"P                                                                                                                     "
   3267.600, -68732.390, 4.2444E+00, 8.2849E+00, 1.3403E+00, 4.1541E+00, 1.6431E+00, 6.8542E+00, 2.3486E+00, 8.8440E+00
"C                                                                                                                     "
   3269.340, -68730.650, 4.4775E+00, 8.5645E+00, 1.2329E+00, 4.0747E+00, 1.6418E+00, 6.8530E+00, 2.3950E+00, 8.8867E+00
"D                                                                                                                     "
   3276.810, -68723.180, 4.2334E+00, 8.2996E+00, 1.4038E+00, 4.2151E+00, 1.5918E+00, 6.8030E+00, 2.3645E+00, 8.8611E+00
"B                                                                                                                     "
   3279.090, -68720.900, 4.1943E+00, 8.2727E+00, 1.3770E+00, 4.2310E+00, 1.5820E+00, 6.7920E+00, 2.3462E+00, 8.8354E+00
"C                                                                                                                     "
   3282.690, -68717.300, 4.3896E+00, 8.5071E+00, 1.3354E+00, 4.1797E+00, 1.5613E+00, 6.7749E+00, 2.4158E+00, 8.9148E+00
"D                                                                                                                     "
   3286.140, -68713.850, 4.4067E+00, 8.4900E+00, 1.2585E+00, 4.0979E+00, 1.5479E+00, 6.7603E+00, 2.3633E+00, 8.8574E+00
"B                                                                                                                     "
   3286.920, -68713.070, 4.5129E+00, 8.5706E+00, 1.2598E+00, 4.1284E+00, 1.5479E+00, 6.7603E+00, 2.3621E+00, 8.8550E+00
"F2                                                                                                                    "
   3288.210, -68711.780, 4.4177E+00, 8.5107E+00, 1.3281E+00, 4.1614E+00, 1.5430E+00, 6.7590E+00, 2.2095E+00, 8.7463E+00
"B                                                                                                                     "
   3290.010, -68709.980, 4.4397E+00, 8.5291E+00, 1.3525E+00, 4.1956E+00, 1.5320E+00, 6.7493E+00, 2.3523E+00, 8.8513E+00
"D                                                                                                                     "
   3302.460, -68697.530, 4.3384E+00, 8.4290E+00, 1.4282E+00, 4.2725E+00, 1.4661E+00, 6.6797E+00, 2.2864E+00, 8.8147E+00
"C                                                                                                                     "
   3315.780, -68684.210, 4.5068E+00, 8.4583E+00, 1.3831E+00, 4.2261E+00, 1.4185E+00, 6.6345E+00, 2.3645E+00, 8.8599E+00
"D                                                                                                                     "
   3318.060, -68681.930, 4.4812E+00, 8.5193E+00, 1.3525E+00, 4.1919E+00, 1.4136E+00, 6.6284E+00, 2.3511E+00, 8.8403E+00
"F2                                                                                                                    "
   3323.790, -68676.200, 4.3591E+00, 8.4644E+00, 1.6223E+00, 4.4568E+00, 1.3977E+00, 6.6113E+00, 2.3254E+00, 8.8208E+00
"B                                                                                                                     "
   3329.490, -68670.500, 4.3579E+00, 8.4448E+00, 1.6357E+00, 4.4702E+00, 1.3794E+00, 6.5930E+00, 2.3486E+00, 8.8403E+00
"C                                                                                                                     "
   3330.450, -68669.540, 4.2175E+00, 8.2605E+00, 1.6248E+00, 4.4629E+00, 1.3757E+00, 6.5955E+00, 2.3657E+00, 8.8586E+00
"B                                                                                                                     "
   3333.060, -68666.930, 4.5081E+00, 8.5498E+00, 1.6187E+00, 4.4629E+00, 1.3721E+00, 6.5894E+00, 2.3523E+00, 8.8489E+00
"C                                                                                                                     "
   3337.830, -68662.160, 4.1748E+00, 8.2507E+00, 1.8201E+00, 4.6533E+00, 1.3623E+00, 6.5796E+00, 2.3242E+00, 8.8220E+00
"D                                                                                                                     "
   3365.190, -68634.800, 4.1589E+00, 8.2385E+00, 1.5820E+00, 4.4165E+00, 1.3184E+00, 6.5332E+00, 2.2925E+00, 8.7866E+00
"B                                                                                                                     "
   3368.190, -68631.800, 4.4775E+00, 8.4851E+00, 1.6553E+00, 4.4946E+00, 1.3147E+00, 6.5308E+00, 2.3352E+00, 8.8208E+00
"C                                                                                                                     "
   3369.990, -68630.000, 4.1882E+00, 8.3484E+00, 1.7676E+00, 4.5959E+00, 1.3135E+00, 6.5283E+00, 2.3315E+00, 8.8232E+00
"D                                                                                                                     "
   3443.280, -68556.710, 4.0393E+00, 8.2861E+00, 1.6211E+00, 4.4604E+00, 1.2170E+00, 6.4392E+00, 2.3035E+00, 8.8074E+00
"C                                                                                                                     "
   3447.030, -68552.960, 4.0283E+00, 8.1262E+00, 1.7871E+00, 4.6191E+00, 1.2134E+00, 6.4294E+00, 2.3291E+00, 8.8184E+00
"D                                                                                                                     "
   3563.250, -68436.740, 4.3701E+00, 8.4070E+00, 1.7371E+00, 4.5654E+00, 1.0278E+00, 6.2500E+00, 2.3242E+00, 8.8159E+00
"C                                                                                                                     "
   3567.030, -68432.960, 4.3396E+00, 8.3972E+00, 1.7468E+00, 4.5789E+00, 1.0352E+00, 6.2524E+00, 2.3157E+00, 8.8062E+00
"D                                                                                                                     "
   3633.840, -68366.150, 3.9941E+00, 8.0811E+00, 1.7334E+00, 4.5959E+00, 1.0034E+00, 6.2231E+00, 2.3132E+00, 8.8013E+00
"P                                                                                                                     "
   3635.790, -68364.200, 4.3372E+00, 8.3826E+00, 1.7090E-01, 3.5669E+00, 9.9731E-01, 6.2207E+00, 2.3071E+00, 8.8037E+00
"Z                                                                                                                     "
   3665.640, -68334.350, 3.9441E+00, 8.0469E+00,-2.2095E-01, 2.6514E+00, 9.9243E-01, 6.2134E+00, 2.3376E+00, 8.8135E+00
"P                                                                                                                     "
   3679.800, -68320.190, 3.8916E+00, 8.0090E+00, 1.2488E+00, 4.0942E+00, 1.0181E+00, 6.2354E+00, 2.3193E+00, 8.8110E+00
"C                                                                                                                     "
   3681.540, -68318.450, 4.0186E+00, 8.1873E+00, 1.2061E+00, 4.0564E+00, 1.0034E+00, 6.2219E+00, 2.3157E+00, 8.8086E+00
"D                                                                                                                     "
   3684.390, -68315.600, 3.8123E+00, 7.9382E+00, 1.2732E+00, 4.1125E+00, 1.0071E+00, 6.2268E+00, 2.1790E+00, 8.7280E+00
"F2                                                                                                                    "
   3689.250, -68310.740, 4.1052E+00, 8.2190E+00, 1.4575E+00, 4.2932E+00, 9.9854E-01, 6.2231E+00, 2.2485E+00, 8.7549E+00
"B                                                                                                                     "
   3690.870, -68309.120, 4.0137E+00, 8.0554E+00, 1.3745E+00, 4.2322E+00, 9.9609E-01, 6.2195E+00, 2.3169E+00, 8.8086E+00
"C                                                                                                                     "
   3694.350, -68305.640, 4.2700E+00, 8.3081E+00, 1.2463E+00, 4.0881E+00, 1.0046E+00, 6.2256E+00, 2.3218E+00, 8.8184E+00
"D                                                                                                                     "
   3700.230, -68299.760, 4.1003E+00, 8.2544E+00, 1.3269E+00, 4.1809E+00, 9.9854E-01, 6.2195E+00, 2.2876E+00, 8.7878E+00
"B                                                                                                                     "
   3702.300, -68297.690, 4.2944E+00, 8.3557E+00, 1.4844E+00, 4.3225E+00, 9.9976E-01, 6.2183E+00, 2.3157E+00, 8.8037E+00
"D                                                                                                                     "
   3708.330, -68291.660, 4.2871E+00, 8.3557E+00, 1.4307E+00, 4.2896E+00, 1.0071E+00, 6.2231E+00, 2.1033E+00, 8.6682E+00
"C                                                                                                                     "
   3711.540, -68288.450, 3.9673E+00, 8.0640E+00, 1.5356E+00, 4.3726E+00, 1.0071E+00, 6.2305E+00, 2.3401E+00, 8.8330E+00
"D                                                                                                                     "
   3721.170, -68278.820, 4.1040E+00, 8.2251E+00, 1.5552E+00, 4.3835E+00, 9.9976E-01, 6.2170E+00, 2.2937E+00, 8.7915E+00
"C                                                                                                                     "
   3725.400, -68274.590, 4.2725E+00, 8.3350E+00, 1.5881E+00, 4.4263E+00, 9.9243E-01, 6.2085E+00, 2.3303E+00, 8.8171E+00
"D                                                                                                                     "
   3732.810, -68267.180, 3.8733E+00, 8.0505E+00, 1.4893E+00, 4.3433E+00, 9.8633E-01, 6.2024E+00, 2.3267E+00, 8.8135E+00
"F2                                                                                                                    "
   3735.120, -68264.870, 4.2798E+00, 8.2715E+00, 1.6321E+00, 4.4690E+00, 9.8022E-01, 6.2000E+00, 2.2998E+00, 8.7915E+00
"C                                                                                                                     "
   3738.630, -68261.360, 4.2627E+00, 8.3313E+00, 1.6626E+00, 4.5117E+00, 9.8633E-01, 6.2061E+00, 2.3035E+00, 8.7952E+00
"D                                                                                                                     "
   3753.960, -68246.030, 4.1040E+00, 8.1995E+00, 1.6431E+00, 4.4739E+00, 1.0010E+00, 6.2183E+00, 2.3047E+00, 8.7964E+00
"C                                                                                                                     "
   3755.460, -68244.530, 3.8440E+00, 7.9260E+00, 1.8616E+00, 4.6973E+00, 1.0059E+00, 6.2244E+00, 2.3547E+00, 8.8196E+00
"D                                                                                                                     "
   3813.120, -68186.870, 4.2859E+00, 8.3435E+00, 1.8030E+00, 4.6655E+00, 9.9121E-01, 6.2085E+00, 2.3279E+00, 8.8135E+00
"P                                                                                                                     "
   3815.400, -68184.590, 3.8806E+00, 7.9529E+00, 1.4771E+00, 4.3115E+00, 9.8633E-01, 6.2048E+00, 2.2656E+00, 8.7732E+00
"Z                                                                                                                     "
   4437.000, -67562.990, 4.1614E+00, 8.2422E+00,-3.0762E-01, 2.5696E+00, 6.2378E-01, 5.8459E+00, 1.9373E+00, 8.4290E+00
"P                                                                                                                     "
   4452.120, -67547.870, 4.1455E+00, 8.2263E+00, 9.9854E-01, 3.8464E+00, 6.2866E-01, 5.8508E+00, 2.6782E+00, 9.1443E+00
"C                                                                                                                     "
   4457.640, -67542.350, 4.1101E+00, 8.2178E+00, 1.0474E+00, 3.8928E+00, 6.2744E-01, 5.8533E+00, 1.6675E+00, 8.2446E+00
"D                                                                                                                     "
   4460.970, -67539.020, 4.1528E+00, 8.2349E+00, 1.1365E+00, 3.9893E+00, 6.2988E-01, 5.8508E+00, 1.9519E+00, 8.4070E+00
"B                                                                                                                     "
   4463.640, -67536.350, 4.1394E+00, 8.2092E+00, 1.2476E+00, 4.0979E+00, 6.3110E-01, 5.8521E+00, 1.9312E+00, 8.4302E+00
"C                                                                                                                     "
   4466.520, -67533.470, 3.9294E+00, 8.0115E+00, 1.2036E+00, 4.0491E+00, 6.3232E-01, 5.8533E+00, 1.9397E+00, 8.4290E+00
"D                                                                                                                     "
   4477.530, -67522.460, 3.8464E+00, 7.9187E+00, 1.2524E+00, 4.1052E+00, 6.3721E-01, 5.8569E+00, 1.9421E+00, 8.4558E+00
"F2                                                                                                                    "
   4478.850, -67521.140, 4.1260E+00, 8.1836E+00, 1.2549E+00, 4.1162E+00, 6.3354E-01, 5.8545E+00, 1.9727E+00, 8.3777E+00
"B                                                                                                                     "
   4492.050, -67507.940, 4.1284E+00, 8.2019E+00, 1.3330E+00, 4.1602E+00, 6.3232E-01, 5.8545E+00, 1.9507E+00, 8.4485E+00
"C                                                                                                                     "
   4493.580, -67506.410, 3.8367E+00, 7.9150E+00, 1.2598E+00, 4.1016E+00, 6.3599E-01, 5.8533E+00, 1.9641E+00, 8.4546E+00
"D                                                                                                                     "
   4495.710, -67504.280, 3.9368E+00, 8.0103E+00, 1.2842E+00, 4.1223E+00, 6.3232E-01, 5.8557E+00, 1.9604E+00, 8.4521E+00
"B                                                                                                                     "
   4501.200, -67498.790, 3.9648E+00, 8.0420E+00, 1.3354E+00, 4.2908E+00, 6.3354E-01, 5.8594E+00, 1.6150E+00, 8.2129E+00
"F2                                                                                                                    "
   4501.950, -67498.040, 3.9441E+00, 8.0237E+00, 1.4197E+00, 4.2908E+00, 6.3110E-01, 5.8594E+00, 1.8799E+00, 8.3984E+00
"B                                                                                                                     "
   4510.560, -67489.430, 3.9685E+00, 8.0457E+00, 1.4587E+00, 4.2932E+00, 6.4331E-01, 5.8618E+00, 2.0056E+00, 8.3801E+00
"C                                                                                                                     "
   4514.280, -67485.710, 4.1162E+00, 8.1982E+00, 1.3818E+00, 4.2310E+00, 6.3721E-01, 5.8606E+00, 1.7615E+00, 8.3264E+00
"D                                                                                                                     "
   4567.410, -67432.580, 3.8257E+00, 7.9077E+00, 1.4746E+00, 4.3176E+00, 6.4209E-01, 5.8606E+00, 2.0642E+00, 8.4021E+00
"C                                                                                                                     "
   4572.870, -67427.120, 3.9587E+00, 8.0371E+00, 1.6357E+00, 4.4751E+00, 6.2500E-01, 5.8484E+00, 1.7322E+00, 8.3154E+00
"D                                                                                                                     "
   4610.220, -67389.770, 4.0735E+00, 8.1482E+00, 1.5308E+00, 4.3567E+00, 6.1890E-01, 5.8435E+00, 1.9592E+00, 8.4692E+00
"C                                                                                                                     "
   4613.520, -67386.470, 3.9124E+00, 7.9883E+00, 1.7188E+00, 4.5569E+00, 6.0791E-01, 5.8362E+00, 1.9397E+00, 8.4558E+00
"D                                                                                                                     "
   4693.800, -67306.190, 3.8000E+00, 7.8735E+00, 1.4697E+00, 4.3103E+00, 5.9204E-01, 5.8093E+00, 1.8311E+00, 8.2678E+00
"F2                                                                                                                    "
   4696.830, -67303.160, 3.8660E+00, 7.9395E+00, 1.4929E+00, 4.4080E+00, 5.8960E-01, 5.8093E+00, 2.0361E+00, 8.5205E+00
"B                                                                                                                     "
   4699.140, -67300.850, 3.8940E+00, 7.9199E+00, 1.6333E+00, 4.4812E+00, 5.9692E-01, 5.8167E+00, 1.7517E+00, 8.3105E+00
"C                                                                                                                     "
   4700.070, -67299.920, 4.0198E+00, 8.1055E+00, 1.5137E+00, 4.3494E+00, 6.0181E-01, 5.8203E+00, 2.0422E+00, 8.4912E+00
"D                                                                                                                     "
   4709.010, -67290.980, 3.8306E+00, 7.9102E+00, 1.2512E+00, 4.0942E+00, 5.8838E-01, 5.8081E+00, 1.7981E+00, 8.3447E+00
"F2                                                                                                                    "
   4710.360, -67289.630, 3.7744E+00, 7.8540E+00, 1.4185E+00, 4.2493E+00, 5.8594E-01, 5.8069E+00, 1.5771E+00, 8.0518E+00
"B                                                                                                                     "
   4713.030, -67286.960, 3.9038E+00, 7.9675E+00, 1.5686E+00, 4.4275E+00, 5.9204E-01, 5.8093E+00, 1.7761E+00, 8.2910E+00
"C                                                                                                                     "
   4714.290, -67285.700, 3.9575E+00, 8.0603E+00, 1.5356E+00, 4.3665E+00, 5.8594E-01, 5.8069E+00, 2.1643E+00, 8.4290E+00
"D                                                                                                                     "
   4906.500, -67093.490, 3.7231E+00, 7.8589E+00, 1.7285E+00, 4.5581E+00, 4.6875E-01, 5.6860E+00, 2.0239E+00, 8.5229E+00
"C                                                                                                                     "
   4909.470, -67090.520, 3.9197E+00, 7.9968E+00, 1.7566E+00, 4.5886E+00, 4.5166E-01, 5.6726E+00, 1.9019E+00, 8.4619E+00
"D                                                                                                                     "
   4978.710, -67021.280, 3.6389E+00, 7.7881E+00, 1.4844E+00, 4.3677E+00, 4.4189E-01, 5.6616E+00, 1.9983E+00, 8.4924E+00
"P                                                                                                                     "
   4979.640, -67020.350, 3.6475E+00, 7.7222E+00,-2.4902E-01, 2.7563E+00, 4.3701E-01, 5.6592E+00, 2.0483E+00, 8.5046E+00
"Z                                                                                                                     "
   5321.400, -66678.590,-5.3833E-01, 3.6267E+00, 1.5515E+00, 4.4043E+00, 5.0171E-01, 5.7251E+00,-2.5879E-01, 6.2634E+00
"P                                                                                                                     "
   5348.790, -66651.200,-5.6519E-01, 3.5779E+00, 4.8340E-01, 3.3203E+00, 4.8218E-01, 5.7019E+00,-3.0029E-01, 6.2158E+00
"Z                                                                                                                     "
   5806.440, -66193.550,-5.8472E-01, 3.5571E+00, 1.6724E+00, 3.8989E+00, 2.8442E-01, 5.5103E+00, 1.3452E+00, 7.8442E+00
"P                                                                                                                     "
   5831.160, -66168.830,-5.8716E-01, 3.5583E+00, 5.2246E-01, 3.3936E+00, 2.8564E-01, 5.5090E+00, 1.4868E+00, 7.9797E+00
"B2                                                                                                                    "
   5835.150, -66164.840,-5.8960E-01, 3.5571E+00, 5.3589E-01, 3.3899E+00, 2.8809E-01, 5.5090E+00, 1.4526E+00, 7.9346E+00
"P                                                                                                                     "
   5852.370, -66147.620,-5.8350E-01, 3.5583E+00,-2.7222E-01, 2.6770E+00, 2.7832E-01, 5.4993E+00, 1.5015E+00, 7.9871E+00
"Z                                                                                                                     "
   5861.430, -66138.560,-5.8472E-01, 3.5583E+00, 6.7139E-01, 3.4766E+00, 2.7588E-01, 5.4968E+00, 1.4832E+00, 7.9895E+00
"P                                                                                                                     "
   5879.160, -66120.830,-5.8838E-01, 3.5583E+00, 2.8320E-01, 3.1396E+00, 2.8320E-01, 5.5054E+00, 1.1353E+00, 7.6514E+00
"B2                                                                                                                    "
   5882.160, -66117.830,-5.8716E-01, 3.5583E+00, 3.6133E-01, 3.2349E+00, 2.7954E-01, 5.5054E+00, 1.2488E+00, 7.7795E+00
"P                                                                                                                     "
   5889.390, -66110.600,-5.8472E-01, 3.5571E+00, 3.8452E-01, 3.2422E+00, 2.8442E-01, 5.5054E+00, 1.2195E+00, 7.6807E+00
"D                                                                                                                     "
   5892.480, -66107.510,-5.8838E-01, 3.5583E+00, 3.3569E-01, 3.2092E+00, 2.8076E-01, 5.5078E+00, 1.1877E+00, 7.6575E+00
"B                                                                                                                     "
   5895.840, -66104.150,-5.8594E-01, 3.5571E+00, 3.9551E-01, 3.2581E+00, 2.8198E-01, 5.5066E+00, 1.0083E+00, 7.5146E+00
"F2                                                                                                                    "
   5897.430, -66102.560,-5.8472E-01, 3.5596E+00, 4.9316E-01, 3.3447E+00, 2.8320E-01, 5.5054E+00, 1.1047E+00, 7.6147E+00
"B                                                                                                                     "
   5912.940, -66087.050,-5.8716E-01, 3.5583E+00, 6.4575E-01, 3.5010E+00, 2.8809E-01, 5.5103E+00, 1.3794E+00, 7.9199E+00
"C                                                                                                                     "
   5913.960, -66086.030,-5.8716E-01, 3.5571E+00, 4.6631E-01, 3.3167E+00, 2.8564E-01, 5.5103E+00, 1.3281E+00, 7.8027E+00
"D                                                                                                                     "
   5919.390, -66080.600,-5.8350E-01, 3.5583E+00, 4.7485E-01, 3.3337E+00, 2.8320E-01, 5.5115E+00, 1.7163E+00, 8.2605E+00
"B                                                                                                                     "
   5923.830, -66076.160,-5.8594E-01, 3.5583E+00, 6.2500E-01, 3.4729E+00, 2.9419E-01, 5.5151E+00, 1.2231E+00, 7.7393E+00
"C                                                                                                                     "
   5927.550, -66072.440,-5.8594E-01, 3.5583E+00, 5.5054E-01, 3.4082E+00, 2.9663E-01, 5.5151E+00, 1.4600E+00, 7.9590E+00
"D                                                                                                                     "
   5932.110, -66067.880,-5.8594E-01, 3.5583E+00, 5.7983E-01, 3.4497E+00, 2.9419E-01, 5.5164E+00, 1.4001E+00, 7.8931E+00
"B                                                                                                                     "
   5935.620, -66064.370,-5.8594E-01, 3.5583E+00, 6.6528E-01, 3.5168E+00, 3.1494E-01, 5.5383E+00, 1.5015E+00, 7.9895E+00
"D                                                                                                                     "
   5943.840, -66056.150,-5.7983E-01, 3.5596E+00, 7.8003E-01, 3.6243E+00, 3.0640E-01, 5.5249E+00, 1.4099E+00, 7.9114E+00
"B                                                                                                                     "
   5953.020, -66046.970,-5.8472E-01, 3.5596E+00, 8.0322E-01, 3.6475E+00, 3.0029E-01, 5.5249E+00, 1.3867E+00, 7.8979E+00
"P                                                                                                                     "
   5959.290, -66040.700,-5.8594E-01, 3.5596E+00, 2.3193E-01, 3.4949E+00, 3.0396E-01, 5.5273E+00, 1.3953E+00, 7.9016E+00
"Z                                                                                                                     "
   5969.820, -66030.170,-5.8228E-01, 3.5583E+00, 8.0322E-01, 3.6157E+00, 3.0640E-01, 5.5298E+00, 1.3831E+00, 7.8760E+00
"P                                                                                                                     "
   6001.800, -65998.190,-5.8472E-01, 3.5583E+00, 9.4849E-01, 3.8123E+00, 3.0151E-01, 5.5249E+00, 1.5991E+00, 8.0542E+00
"Z                                                                                                                     "
   6016.890, -65983.100,-5.8716E-01, 3.5583E+00, 2.0422E+00, 4.8450E+00, 3.0273E-01, 5.5273E+00, 1.3232E+00, 7.8357E+00
"P                                                                                                                     "
   6027.720, -65972.270,-5.8472E-01, 3.5583E+00, 9.2163E-01, 3.7585E+00, 3.0762E-01, 5.5298E+00, 1.4563E+00, 7.9626E+00
"C                                                                                                                     "
   6028.560, -65971.430,-5.8594E-01, 3.5583E+00, 9.5459E-01, 3.8098E+00, 3.0396E-01, 5.5298E+00, 1.4758E+00, 7.9578E+00
"D                                                                                                                     "
   6039.420, -65960.570,-5.8716E-01, 3.5583E+00, 1.4368E+00, 4.2847E+00, 2.9663E-01, 5.5237E+00, 1.5417E+00, 8.0322E+00
"B                                                                                                                     "
   6057.390, -65942.600,-5.8716E-01, 3.5583E+00, 1.3025E+00, 4.0649E+00, 2.9541E-01, 5.5212E+00, 1.4172E+00, 7.9333E+00
"D                                                                                                                     "
   6058.080, -65941.910,-5.8228E-01, 3.5583E+00, 1.0962E+00, 3.9441E+00, 2.9541E-01, 5.5151E+00, 1.4185E+00, 7.9321E+00
"B                                                                                                                     "
   6065.250, -65934.740,-5.8472E-01, 3.5571E+00, 1.0034E+00, 3.8525E+00, 2.8809E-01, 5.5151E+00, 1.4502E+00, 7.9443E+00
"D                                                                                                                     "
   6113.130, -65886.860,-5.8350E-01, 3.5571E+00, 1.3611E+00, 4.2102E+00, 2.6978E-01, 5.4944E+00, 1.2439E+00, 7.7405E+00
"C                                                                                                                     "
   6119.040, -65880.950,-5.8594E-01, 3.5571E+00, 1.4319E+00, 4.2712E+00, 2.6611E-01, 5.4944E+00, 1.0303E+00, 7.5415E+00
"D                                                                                                                     "
   6129.810, -65870.180,-5.8594E-01, 3.5571E+00, 1.5015E+00, 4.3958E+00, 2.6855E-01, 5.4895E+00, 1.3416E+00, 7.8381E+00
"C                                                                                                                     "
   6133.800, -65866.190,-5.9204E-01, 3.5571E+00, 1.4539E+00, 4.2932E+00, 2.5879E-01, 5.4846E+00, 1.3135E+00, 7.8308E+00
"D                                                                                                                     "
   6152.640, -65847.350,-5.8838E-01, 3.5559E+00, 1.4746E+00, 4.3005E+00, 2.4780E-01, 5.4773E+00, 1.3257E+00, 7.8491E+00
"C                                                                                                                     "
   6154.740, -65845.250,-5.8472E-01, 3.5559E+00, 1.4978E+00, 4.3323E+00, 2.5269E-01, 5.4797E+00, 1.3745E+00, 7.8638E+00
"D                                                                                                                     "
   6172.230, -65827.760,-5.8838E-01, 3.5559E+00, 1.4099E+00, 4.2749E+00, 2.4902E-01, 5.4749E+00,-2.8687E-01, 6.2378E+00
"C                                                                                                                     "
   6174.900, -65825.090,-5.9082E-01, 3.5559E+00, 1.4807E+00, 4.3372E+00, 2.4292E-01, 5.4724E+00,-2.9419E-01, 6.2268E+00
"D                                                                                                                     "
   6196.530, -65803.460,-5.8838E-01, 3.5559E+00, 1.4697E+00, 4.3372E+00, 2.3926E-01, 5.4651E+00, 1.1694E+00, 7.6782E+00
"C                                                                                                                     "
   6198.300, -65801.690,-5.8716E-01, 3.5547E+00, 1.5381E+00, 4.3713E+00, 2.3804E-01, 5.4639E+00, 1.2000E+00, 7.6941E+00
"D                                                                                                                     "
   6260.460, -65739.530,-5.8960E-01, 3.5559E+00, 1.5515E+00, 4.4006E+00, 2.2705E-01, 5.4492E+00, 1.3477E+00, 7.8601E+00
"C                                                                                                                     "
   6262.290, -65737.700,-5.8960E-01, 3.5559E+00, 1.6431E+00, 4.4727E+00, 2.3071E-01, 5.4541E+00, 1.1548E+00, 7.6904E+00
"D                                                                                                                     "
   6289.170, -65710.820,-5.9204E-01, 3.5547E+00, 1.6199E+00, 4.4727E+00, 2.2217E-01, 5.4504E+00, 1.7139E+00, 8.1445E+00
"C                                                                                                                     "
   6290.160, -65709.830,-5.9204E-01, 3.5559E+00, 1.6821E+00, 4.5166E+00, 2.1973E-01, 5.4492E+00, 1.2695E+00, 7.7673E+00
"D                                                                                                                     "
   6361.950, -65638.040,-5.8838E-01, 3.5559E+00, 1.7578E+00, 4.6179E+00, 1.9897E-01, 5.4187E+00, 1.2988E+00, 7.8076E+00
"P                                                                                                                     "
   6362.940, -65637.050,-5.8716E-01, 3.5571E+00,-1.3428E-01, 2.9858E+00, 1.9653E-01, 5.4199E+00, 1.4709E+00, 7.9749E+00
"Z                                                                                                                     "
   6396.270, -65603.720,-5.8716E-01, 3.5547E+00,-2.9541E-01, 2.5635E+00, 1.9287E-01, 5.4150E+00, 1.3940E+00, 7.9065E+00
"P                                                                                                                     "
   6409.530, -65590.460,-5.8716E-01, 3.5559E+00, 1.4148E+00, 4.2627E+00, 1.8433E-01, 5.4053E+00, 1.1877E+00, 7.6819E+00
"C                                                                                                                     "
   6414.120, -65585.870,-5.8472E-01, 3.5559E+00, 1.5405E+00, 4.3677E+00, 1.7456E-01, 5.3992E+00, 1.1877E+00, 7.6855E+00
"B                                                                                                                     "
   6417.660, -65582.330,-5.8350E-01, 3.5559E+00, 1.5698E+00, 4.4067E+00, 1.8188E-01, 5.4041E+00, 1.1523E+00, 7.6355E+00
"D                                                                                                                     "
   6422.640, -65577.350,-5.9082E-01, 3.5559E+00, 1.5930E+00, 4.4238E+00, 1.6724E-01, 5.3967E+00, 1.3513E+00, 7.8540E+00
"C                                                                                                                     "
   6425.130, -65574.860,-5.8838E-01, 3.5559E+00, 1.6345E+00, 4.4727E+00, 1.7456E-01, 5.3979E+00, 1.2073E+00, 7.7173E+00
"F2                                                                                                                    "
   6428.310, -65571.680,-5.8472E-01, 3.5559E+00, 1.4990E+00, 4.3359E+00, 1.7578E-01, 5.3967E+00, 1.2341E+00, 7.7234E+00
"B                                                                                                                     "
   6430.860, -65569.130,-5.8716E-01, 3.5547E+00, 1.7639E+00, 4.5935E+00, 1.7334E-01, 5.3967E+00, 1.1938E+00, 7.6782E+00
"C                                                                                                                     "
   6433.020, -65566.970,-5.8716E-01, 3.5559E+00, 1.7273E+00, 4.5740E+00, 1.7456E-01, 5.3967E+00, 1.2927E+00, 7.8210E+00
"D                                                                                                                     "
   6452.280, -65547.710,-5.8838E-01, 3.5559E+00, 1.7078E+00, 4.5691E+00, 1.6968E-01, 5.3931E+00, 1.1719E+00, 7.6831E+00
"F2                                                                                                                    "
   6455.490, -65544.500,-5.9204E-01, 3.5559E+00, 1.5393E+00, 4.3945E+00, 1.6357E-01, 5.3943E+00, 1.3062E+00, 7.8027E+00
"B                                                                                                                     "
   6457.500, -65542.490,-5.8716E-01, 3.5559E+00, 1.7175E+00, 4.5642E+00, 1.6968E-01, 5.3918E+00, 1.2598E+00, 7.7625E+00
"C                                                                                                                     "
   6460.740, -65539.250,-5.8716E-01, 3.5559E+00, 1.7871E+00, 4.6179E+00, 1.6968E-01, 5.3931E+00, 1.2476E+00, 7.7844E+00
"D                                                                                                                     "
   6467.280, -65532.710,-5.8716E-01, 3.5559E+00, 1.8542E+00, 4.8535E+00, 1.6846E-01, 5.3943E+00, 1.3660E+00, 7.8467E+00
"F2                                                                                                                    "
   6473.400, -65526.590,-5.8716E-01, 3.5571E+00, 1.6101E+00, 4.4824E+00, 1.6968E-01, 5.3967E+00, 1.3049E+00, 7.7893E+00
"B                                                                                                                     "
   6476.700, -65523.290,-5.9082E-01, 3.5559E+00, 1.6882E+00, 4.5337E+00, 1.6846E-01, 5.3943E+00, 1.3916E+00, 7.8296E+00
"C                                                                                                                     "
   6479.880, -65520.110,-5.8716E-01, 3.5559E+00, 1.6162E+00, 4.4739E+00, 1.7212E-01, 5.3955E+00, 1.2512E+00, 7.7649E+00
"F2                                                                                                                    "
   6482.190, -65517.800,-5.8594E-01, 3.5559E+00, 1.8750E+00, 4.7070E+00, 1.7700E-01, 5.3979E+00, 1.7737E+00, 8.2556E+00
"C                                                                                                                     "
   6484.950, -65515.040,-5.8838E-01, 3.5559E+00, 1.8359E+00, 4.6765E+00, 1.6602E-01, 5.3943E+00, 1.2866E+00, 7.7881E+00
"D                                                                                                                     "
   6490.170, -65509.820,-5.8716E-01, 3.5571E+00, 1.7871E+00, 4.7510E+00, 1.6968E-01, 5.3955E+00, 1.3379E+00, 7.8552E+00
"F2                                                                                                                    "
   6493.650, -65506.340,-5.9082E-01, 3.5559E+00, 1.6272E+00, 4.4482E+00, 1.7334E-01, 5.3979E+00, 1.2573E+00, 7.7539E+00
"B                                                                                                                     "
   6495.780, -65504.210,-5.8472E-01, 3.5559E+00, 1.5466E+00, 4.3811E+00, 1.7700E-01, 5.4004E+00, 1.7310E+00, 8.2068E+00
"C                                                                                                                     "
   6498.960, -65501.030,-5.8716E-01, 3.5571E+00, 1.9214E+00, 4.6277E+00, 1.7212E-01, 5.4016E+00, 1.3464E+00, 7.8455E+00
"D                                                                                                                     "
   6501.090, -65498.900,-5.8716E-01, 3.5559E+00, 1.5796E+00, 4.4458E+00, 1.7944E-01, 5.4016E+00, 1.3025E+00, 7.7954E+00
"F2                                                                                                                    "
   6504.540, -65495.450,-5.8838E-01, 3.5559E+00, 1.5552E+00, 4.3823E+00, 1.7578E-01, 5.4041E+00, 1.4380E+00, 7.9321E+00
"B                                                                                                                     "
   6506.400, -65493.590,-5.8716E-01, 3.5571E+00, 1.7456E+00, 4.5728E+00, 1.7456E-01, 5.4028E+00, 1.4612E+00, 8.1726E+00
"C                                                                                                                     "
   6508.230, -65491.760,-5.8838E-01, 3.5571E+00, 1.6663E+00, 4.5215E+00, 1.8311E-01, 5.4053E+00, 1.3513E+00, 7.8418E+00
"F2                                                                                                                    "
   6513.960, -65486.030,-5.8838E-01, 3.5559E+00, 1.5955E+00, 4.4690E+00, 1.8555E-01, 5.4077E+00, 1.3550E+00, 7.8394E+00
"B                                                                                                                     "
   6526.110, -65473.880,-5.8472E-01, 3.5571E+00, 1.6809E+00, 4.5093E+00, 1.9287E-01, 5.4138E+00, 1.2830E+00, 7.7795E+00
"C                                                                                                                     "
   6528.120, -65471.870,-5.8960E-01, 3.5559E+00, 1.6357E+00, 4.5166E+00, 1.8799E-01, 5.4150E+00, 1.2952E+00, 7.7966E+00
"D                                                                                                                     "
   6530.130, -65469.860,-5.8838E-01, 3.5559E+00, 1.6333E+00, 4.5715E+00, 1.9165E-01, 5.4163E+00, 1.3843E+00, 7.8772E+00
"F2                                                                                                                    "
   6533.130, -65466.860,-5.8350E-01, 3.5583E+00, 1.5967E+00, 4.4690E+00, 1.9165E-01, 5.4150E+00, 1.2976E+00, 7.8003E+00
"B                                                                                                                     "
   6536.040, -65463.950,-5.8838E-01, 3.5559E+00, 1.5710E+00, 4.4080E+00, 1.9531E-01, 5.4175E+00, 1.2085E+00, 7.7014E+00
"C                                                                                                                     "
   6538.110, -65461.880,-5.8960E-01, 3.5559E+00, 1.6650E+00, 4.5459E+00, 1.8799E-01, 5.4163E+00, 1.2183E+00, 7.7258E+00
"F2                                                                                                                    "
   6540.210, -65459.780,-5.8838E-01, 3.5571E+00, 1.6272E+00, 4.4421E+00, 1.9287E-01, 5.4163E+00, 1.5710E+00, 7.9785E+00
"B                                                                                                                     "
   6542.010, -65457.980,-5.8472E-01, 3.5583E+00, 1.7786E+00, 4.6021E+00, 1.9287E-01, 5.4150E+00, 1.7017E+00, 8.3472E+00
"C                                                                                                                     "
   6543.060, -65456.930,-5.8594E-01, 3.5559E+00, 1.5430E+00, 4.3652E+00, 1.9287E-01, 5.4187E+00, 1.3184E+00, 7.8088E+00
"F2                                                                                                                    "
   6544.710, -65455.280,-5.8838E-01, 3.5571E+00, 1.5857E+00, 4.4165E+00, 1.8799E-01, 5.4150E+00, 1.2683E+00, 7.7771E+00
"B                                                                                                                     "
   6546.210, -65453.780,-5.8105E-01, 3.5583E+00, 1.8457E+00, 4.6838E+00, 1.9653E-01, 5.4175E+00, 1.2915E+00, 7.7734E+00
"C                                                                                                                     "
   6548.340, -65451.650,-5.8472E-01, 3.5559E+00, 1.5710E+00, 4.4104E+00, 1.9531E-01, 5.4150E+00, 1.3733E+00, 7.8638E+00
"F2                                                                                                                    "
   6550.350, -65449.640,-5.8716E-01, 3.5571E+00, 1.6003E+00, 4.4238E+00, 1.8921E-01, 5.4187E+00, 1.2024E+00, 7.7100E+00
"B                                                                                                                     "
   6556.170, -65443.820,-5.8594E-01, 3.5583E+00, 1.7529E+00, 4.5789E+00, 1.9409E-01, 5.4211E+00, 1.2573E+00, 7.7649E+00
"F2                                                                                                                    "
   6561.300, -65438.690,-5.8472E-01, 3.5559E+00, 1.5320E+00, 4.3860E+00, 2.0020E-01, 5.4211E+00, 1.1829E+00, 7.6807E+00
"B                                                                                                                     "
   6562.620, -65437.370,-5.8350E-01, 3.5571E+00, 1.7249E+00, 4.5605E+00, 1.9897E-01, 5.4224E+00, 1.1853E+00, 7.6941E+00
"C                                                                                                                     "
   6563.910, -65436.080,-5.8350E-01, 3.5596E+00, 1.7285E+00, 4.5581E+00, 2.0142E-01, 5.4224E+00, 1.2720E+00, 7.7441E+00
"F2                                                                                                                    "
   6566.610, -65433.380,-5.8716E-01, 3.5583E+00, 1.6248E+00, 4.4788E+00, 1.9653E-01, 5.4248E+00, 1.1719E+00, 7.6868E+00
"B                                                                                                                     "
   6567.930, -65432.060,-5.8594E-01, 3.5583E+00, 1.9739E+00, 4.8022E+00, 1.9897E-01, 5.4260E+00, 1.1853E+00, 7.6941E+00
"C                                                                                                                     "
   6571.500, -65428.490,-5.8594E-01, 3.5559E+00, 1.4917E+00, 4.3420E+00, 2.0508E-01, 5.4260E+00, 1.2122E+00, 7.7087E+00
"F4                                                                                                                    "
   6573.930, -65426.060,-5.8594E-01, 3.5559E+00, 1.5942E+00, 4.4373E+00, 2.0142E-01, 5.4297E+00, 1.0999E+00, 7.5916E+00
"B                                                                                                                     "
   6576.360, -65423.630,-5.8716E-01, 3.5583E+00, 1.6113E+00, 4.4482E+00, 2.0020E-01, 5.4297E+00, 1.0596E+00, 7.5488E+00
"C                                                                                                                     "
   6578.910, -65421.080,-5.8594E-01, 3.5583E+00, 1.6028E+00, 4.4592E+00, 2.0264E-01, 5.4321E+00, 1.0022E+00, 7.5085E+00
"F2                                                                                                                    "
   6579.900, -65420.090,-5.8594E-01, 3.5583E+00, 1.6895E+00, 4.5044E+00, 2.0142E-01, 5.4309E+00, 1.0925E+00, 7.6050E+00
"B                                                                                                                     "
   6581.520, -65418.470,-5.8716E-01, 3.5571E+00, 1.6882E+00, 4.5251E+00, 2.0386E-01, 5.4309E+00, 1.0852E+00, 7.5525E+00
"C                                                                                                                     "
   6583.590, -65416.400,-5.8960E-01, 3.5559E+00, 1.7383E+00, 4.5850E+00, 2.0874E-01, 5.4297E+00, 1.0547E+00, 7.5378E+00
"B                                                                                                                     "
   6614.580, -65385.410,-5.9082E-01, 3.5583E+00, 1.7773E+00, 4.5959E+00, 2.3071E-01, 5.4517E+00, 1.1414E+00, 7.6392E+00
"C                                                                                                                     "
   6621.900, -65378.090,-5.8472E-01, 3.5583E+00, 1.7688E+00, 4.6008E+00, 2.3315E-01, 5.4565E+00, 1.1914E+00, 7.6855E+00
"D                                                                                                                     "
   6623.130, -65376.860,-5.8838E-01, 3.5571E+00, 1.8237E+00, 4.7473E+00, 2.3071E-01, 5.4602E+00, 1.3025E+00, 7.7991E+00
"C                                                                                                                     "
   6623.490, -65376.500,-5.8838E-01, 3.5571E+00, 1.6138E+00, 4.4641E+00, 2.2583E-01, 5.4578E+00, 1.3000E+00, 7.7722E+00
"B                                                                                                                     "
   6623.700, -65376.290,-5.8716E-01, 3.5571E+00, 1.4502E+00, 4.3286E+00, 2.3560E-01, 5.4578E+00, 1.2744E+00, 7.8162E+00
"F2                                                                                                                    "
   6626.850, -65373.140,-5.8838E-01, 3.5583E+00, 1.6882E+00, 4.5166E+00, 2.3438E-01, 5.4590E+00, 1.2549E+00, 7.7588E+00
"B                                                                                                                     "
   6628.620, -65371.370,-5.8472E-01, 3.5583E+00, 1.7822E+00, 4.6130E+00, 2.3926E-01, 5.4614E+00, 1.3623E+00, 7.8931E+00
"C                                                                                                                     "
   6631.650, -65368.340,-5.8472E-01, 3.5583E+00, 1.6345E+00, 4.5398E+00, 2.3560E-01, 5.4590E+00, 1.3684E+00, 7.8503E+00
"F2                                                                                                                    "
   6634.290, -65365.700,-5.8228E-01, 3.5571E+00, 1.7395E+00, 4.5618E+00, 2.3560E-01, 5.4614E+00, 1.2866E+00, 7.7905E+00
"B                                                                                                                     "
   6636.600, -65363.390,-5.8838E-01, 3.5583E+00, 1.9067E+00, 4.7485E+00, 2.3315E-01, 5.4614E+00, 1.2488E+00, 7.7502E+00
"B                                                                                                                     "
   6637.920, -65362.070,-5.8716E-01, 3.5583E+00, 1.8384E+00, 4.6753E+00, 2.3926E-01, 5.4639E+00, 1.3647E+00, 7.8040E+00
"C                                                                                                                     "
   6640.920, -65359.070,-5.8105E-01, 3.5571E+00, 1.8164E+00, 4.6460E+00, 2.4170E-01, 5.4639E+00, 1.2793E+00, 7.7771E+00
"F2                                                                                                                    "
   6642.900, -65357.090,-5.8350E-01, 3.5571E+00, 1.6187E+00, 4.4336E+00, 2.4292E-01, 5.4626E+00, 1.3098E+00, 7.7991E+00
"B                                                                                                                     "
   6647.400, -65352.590,-5.8594E-01, 3.5571E+00, 1.7200E+00, 4.5410E+00, 2.3682E-01, 5.4639E+00, 1.2537E+00, 7.7673E+00
"F2                                                                                                                    "
   6648.570, -65351.420,-5.8594E-01, 3.5583E+00, 1.8396E+00, 4.5996E+00, 2.3926E-01, 5.4639E+00, 1.2231E+00, 7.7283E+00
"C                                                                                                                     "
   6652.230, -65347.760,-5.8472E-01, 3.5583E+00, 2.2180E+00, 5.0928E+00, 2.4292E-01, 5.4663E+00, 1.4087E+00, 7.8479E+00
"D                                                                                                                     "
   6659.190, -65340.800,-5.8594E-01, 3.5583E+00, 1.6296E+00, 4.4751E+00, 2.4170E-01, 5.4688E+00, 1.2488E+00, 7.7502E+00
"C                                                                                                                     "
   6663.180, -65336.810,-5.8472E-01, 3.5583E+00, 1.8933E+00, 4.7327E+00, 2.4292E-01, 5.4700E+00, 1.3232E+00, 7.8210E+00
"D                                                                                                                     "
   6664.590, -65335.400,-5.8716E-01, 3.5571E+00, 1.8091E+00, 4.6448E+00, 2.4170E-01, 5.4675E+00, 1.3025E+00, 7.8101E+00
"C                                                                                                                     "
   6683.760, -65316.230,-5.8594E-01, 3.5583E+00, 1.7908E+00, 4.6472E+00, 2.4414E-01, 5.4651E+00, 1.3220E+00, 7.8186E+00
"D                                                                                                                     "
   6712.410, -65287.580,-5.8716E-01, 3.5583E+00, 1.6553E+00, 4.4873E+00, 2.2217E-01, 5.4504E+00, 1.1389E+00, 7.6550E+00
"B                                                                                                                     "
   6714.240, -65285.750,-5.8716E-01, 3.5571E+00, 1.6846E+00, 4.5178E+00, 2.2949E-01, 5.4517E+00, 1.1353E+00, 7.6306E+00
"C                                                                                                                     "
   6718.590, -65281.400,-5.8472E-01, 3.5571E+00, 1.7432E+00, 4.6106E+00, 2.3193E-01, 5.4517E+00,-2.9785E-01, 6.2207E+00
"D                                                                                                                     "
   6755.790, -65244.200,-5.8594E-01, 3.5583E+00, 1.7603E+00, 4.5496E+00, 2.1484E-01, 5.4468E+00,-2.8687E-01, 6.2329E+00
"F2                                                                                                                    "
   6759.270, -65240.720,-5.8960E-01, 3.5571E+00, 1.9739E+00, 4.8230E+00, 2.1851E-01, 5.4456E+00,-2.4048E-01, 6.2939E+00
"F3                                                                                                                    "
   6767.640, -65232.350,-5.8716E-01, 3.5559E+00, 1.7798E+00, 4.6436E+00, 2.2461E-01, 5.4492E+00,-2.8442E-01, 6.2341E+00
"F4                                                                                                                    "
   6772.770, -65227.220,-5.8960E-01, 3.5559E+00, 1.5527E+00, 4.4006E+00, 2.1973E-01, 5.4443E+00, 1.6516E+00, 8.1628E+00
"B                                                                                                                     "
   6780.360, -65219.630,-5.8716E-01, 3.5559E+00, 1.7798E+00, 4.6082E+00, 2.0752E-01, 5.4346E+00, 8.2275E-01, 7.3267E+00
"C                                                                                                                     "
   6781.800, -65218.190,-5.8716E-01, 3.5583E+00, 1.7432E+00, 4.5850E+00, 2.1362E-01, 5.4346E+00, 8.4229E-01, 7.3474E+00
"D                                                                                                                     "
   7593.360, -64406.630,-5.8716E-01, 3.5559E+00, 2.1582E+00, 4.9927E+00, 1.7700E-01, 5.4016E+00, 9.4727E-01, 7.4500E+00
"B                                                                                                                     "
   7597.650, -64402.340,-5.9326E-01, 3.5559E+00, 2.3218E+00, 5.1514E+00, 1.7212E-01, 5.4004E+00, 1.1157E+00, 7.6306E+00
"C                                                                                                                     "
   7598.580, -64401.410,-5.9082E-01, 3.5547E+00, 2.2583E+00, 5.0854E+00, 1.7090E-01, 5.4004E+00, 1.1584E+00, 7.6624E+00
"D                                                                                                                     "
   8270.040, -63729.950,-5.8594E-01, 3.5583E+00, 2.1924E+00, 5.0354E+00,-4.5776E-01, 4.7766E+00, 1.1304E+00, 7.6038E+00
"B                                                                                                                     "
   8273.730, -63726.260,-5.8716E-01, 3.5571E+00, 2.3901E+00, 5.1855E+00,-4.5288E-01, 4.7766E+00, 9.7900E-01, 7.5000E+00
"C                                                                                                                     "
   8276.250, -63723.740,-5.8472E-01, 3.5583E+00, 2.3584E+00, 5.2258E+00,-4.6143E-01, 4.7729E+00, 9.0698E-01, 7.4133E+00
"D                                                                                                                     "
   8752.080, -63247.910,-5.9204E-01, 3.5547E+00, 2.1655E+00, 5.0208E+00,-4.9194E-01, 4.7388E+00, 1.3721E+00, 7.8748E+00
"B                                                                                                                     "
   8756.220, -63243.770,-5.8716E-01, 3.5559E+00, 2.3779E+00, 5.2026E+00,-5.0049E-01, 4.7363E+00, 1.2793E+00, 7.7869E+00
"C                                                                                                                     "
   8759.160, -63240.830,-5.8838E-01, 3.5559E+00, 2.3450E+00, 5.1697E+00,-4.9316E-01, 4.7363E+00, 1.2427E+00, 7.7429E+00
"D                                                                                                                     "
   9435.450, -62564.540,-5.9082E-01, 3.5547E+00, 2.1875E+00, 5.0330E+00,-4.9805E-01, 4.7363E+00, 1.5063E+00, 8.0090E+00
"B                                                                                                                     "
   9439.470, -62560.520,-5.9204E-01, 3.5547E+00, 2.4500E+00, 5.2710E+00,-5.0415E-01, 4.7363E+00, 1.4502E+00, 7.9492E+00
"C                                                                                                                     "
   9441.420, -62558.570,-5.8838E-01, 3.5547E+00, 2.3926E+00, 5.2112E+00,-4.9438E-01, 4.7363E+00, 1.4709E+00, 7.9626E+00
"D                                                                                                                     "
   9645.540, -62354.450,-5.8960E-01, 3.5559E+00, 2.3145E+00, 5.1794E+00,-4.9927E-01, 4.7363E+00, 1.5161E+00, 8.0200E+00
"F1                                                                                                                    "
   9647.220, -62352.770,-5.9204E-01, 3.5559E+00, 2.2278E+00, 5.1160E+00,-4.9805E-01, 4.7363E+00, 1.5295E+00, 8.0347E+00
"F2                                                                                                                    "
   9649.560, -62350.430,-5.8472E-01, 3.5559E+00, 2.4548E+00, 5.2466E+00,-4.9683E-01, 4.7351E+00, 1.5637E+00, 8.0627E+00
"F3                                                                                                                    "
   9659.640, -62340.350,-5.9204E-01, 3.5559E+00, 2.1545E+00, 5.0024E+00,-4.9805E-01, 4.7351E+00, 1.4575E+00, 7.9565E+00
"F4                                                                                                                    "
   9663.510, -62336.480,-5.8716E-01, 3.5559E+00, 2.0374E+00, 4.8706E+00,-4.9072E-01, 4.7363E+00, 1.5283E+00, 8.0225E+00
"B                                                                                                                     "
   9667.080, -62332.910,-5.8960E-01, 3.5559E+00, 2.6392E+00, 5.3760E+00,-5.0049E-01, 4.7363E+00, 1.5222E+00, 8.0542E+00
"C                                                                                                                     "
   9669.780, -62330.210,-5.8716E-01, 3.5571E+00, 2.3462E+00, 5.1587E+00,-4.9561E-01, 4.7363E+00, 1.5552E+00, 8.0493E+00
"D                                                                                                                     "
   9726.990, -62273.000,-5.8716E-01, 3.5571E+00, 2.3352E+00, 5.1489E+00,-4.9438E-01, 4.7351E+00, 1.5894E+00, 8.0762E+00
"C                                                                                                                     "
   9728.910, -62271.080,-5.8838E-01, 3.5571E+00, 2.2595E+00, 5.0793E+00,-4.9438E-01, 4.7363E+00, 1.5625E+00, 8.0566E+00
"D                                                                                                                     "
  10123.080, -61876.910,-5.9082E-01, 3.5559E+00, 2.1460E+00, 4.9927E+00,-4.9194E-01, 4.7437E+00, 1.5002E+00, 8.0029E+00
"F2                                                                                                                    "
  10124.820, -61875.170,-5.8960E-01, 3.5559E+00, 2.1118E+00, 4.9329E+00,-4.8828E-01, 4.7424E+00, 2.3914E+00, 8.8184E+00
"B                                                                                                                     "
  10126.470, -61873.520,-5.8472E-01, 3.5559E+00, 2.4280E+00, 5.2405E+00,-4.8950E-01, 4.7412E+00, 1.5137E+00, 8.0090E+00
"C                                                                                                                     "
  10128.270, -61871.720,-5.8716E-01, 3.5559E+00, 2.3450E+00, 5.1782E+00,-4.8950E-01, 4.7424E+00, 1.6028E+00, 8.1042E+00
"D                                                                                                                     "
  10415.640, -61584.350,-5.8716E-01, 3.5559E+00, 2.2656E+00, 5.0977E+00,-4.9438E-01, 4.7339E+00, 1.6443E+00, 8.1384E+00
"F2                                                                                                                    "
  10417.440, -61582.550,-5.8716E-01, 3.5547E+00, 2.1228E+00, 4.9133E+00,-4.9927E-01, 4.7339E+00, 1.5369E+00, 8.0359E+00
"B                                                                                                                     "
  10419.060, -61580.930,-5.8716E-01, 3.5559E+00, 2.4048E+00, 5.2356E+00,-4.9683E-01, 4.7339E+00, 1.5088E+00, 8.0164E+00
"C                                                                                                                     "
  10420.470, -61579.520,-5.8838E-01, 3.5547E+00, 2.4170E+00, 5.2356E+00,-5.0049E-01, 4.7339E+00, 1.5063E+00, 7.9980E+00
"DG                                                                                                                    "
  10436.100, -61563.890,-5.8960E-01, 3.5559E+00, 2.1997E+00, 5.0232E+00,-5.0293E-01, 4.7327E+00, 1.5466E+00, 8.0457E+00
"B                                                                                                                     "
  10440.120, -61559.870,-5.8838E-01, 3.5559E+00, 2.5403E+00, 5.3540E+00,-4.9805E-01, 4.7327E+00, 1.6150E+00, 8.1042E+00
"C                                                                                                                     "
  10450.920, -61549.070,-5.9204E-01, 3.5547E+00, 2.2314E+00, 5.0562E+00,-5.0049E-01, 4.7339E+00, 1.5259E+00, 8.0408E+00
"D                                                                                                                     "
  10454.670, -61545.320,-5.8594E-01, 3.5547E+00, 2.2876E+00, 5.1062E+00,-4.9805E-01, 4.7339E+00, 1.6089E+00, 8.0957E+00
"C                                                                                                                     "
  10457.730, -61542.260,-5.9082E-01, 3.5559E+00, 2.2156E+00, 5.0452E+00,-5.0415E-01, 4.7339E+00, 1.5491E+00, 8.0493E+00
"D                                                                                                                     "
  10464.330, -61535.660,-5.9082E-01, 3.5559E+00, 2.2925E+00, 5.1172E+00,-4.9438E-01, 4.7339E+00, 1.5588E+00, 8.0493E+00
"C                                                                                                                     "
  10469.280, -61530.710,-5.8838E-01, 3.5547E+00, 2.3328E+00, 5.1489E+00,-4.9805E-01, 4.7339E+00, 1.5405E+00, 8.0310E+00
"D                                                                                                                     "
  10573.980, -61426.010,-5.9082E-01, 3.5559E+00, 2.3706E+00, 5.1965E+00,-4.9805E-01, 4.7339E+00, 1.5247E+00, 8.0225E+00
"C                                                                                                                     "
  10576.110, -61423.880,-5.8716E-01, 3.5559E+00, 2.4854E+00, 5.3101E+00,-4.9561E-01, 4.7339E+00, 1.5088E+00, 7.9639E+00
"D                                                                                                                     "
  10656.180, -61343.810,-5.8960E-01, 3.5571E+00, 2.3096E+00, 5.1257E+00,-4.9927E-01, 4.7339E+00, 1.6089E+00, 8.1030E+00
"B                                                                                                                     "
  10659.540, -61340.450,-5.8838E-01, 3.5559E+00, 2.3730E+00, 5.2087E+00,-5.0171E-01, 4.7327E+00, 1.4880E+00, 7.9871E+00
"C                                                                                                                     "
  10662.690, -61337.300,-5.8838E-01, 3.5559E+00, 2.3706E+00, 5.1855E+00,-5.0049E-01, 4.7339E+00, 1.5247E+00, 8.0652E+00
"D                                                                                                                     "
  10860.450, -61139.540,-5.8594E-01, 3.5583E+00, 2.1741E+00, 5.0110E+00,-4.9438E-01, 4.7375E+00, 1.4709E+00, 7.9675E+00
"B                                                                                                                     "
  10863.330, -61136.660,-5.8838E-01, 3.5583E+00, 2.4524E+00, 5.2734E+00,-4.9805E-01, 4.7375E+00, 1.4478E+00, 7.9724E+00
"DG                                                                                                                    "
  10873.380, -61126.610,-5.8594E-01, 3.5571E+00, 2.1814E+00, 5.0000E+00,-4.9194E-01, 4.7375E+00, 1.6614E+00, 8.1519E+00
"B                                                                                                                     "
  10875.060, -61124.930,-5.8472E-01, 3.5571E+00, 2.5989E+00, 5.3455E+00,-4.9316E-01, 4.7375E+00, 1.6626E+00, 8.1519E+00
"C                                                                                                                     "
  10876.050, -61123.940,-5.8350E-01, 3.5583E+00, 2.2559E+00, 5.0684E+00,-4.9194E-01, 4.7388E+00, 1.5942E+00, 8.0859E+00
"DG                                                                                                                    "
  10878.330, -61121.660,-5.9082E-01, 3.5571E+00, 2.1680E+00, 4.9988E+00,-5.0049E-01, 4.7375E+00, 1.5491E+00, 8.0432E+00
"B                                                                                                                     "
  10880.160, -61119.830,-5.8716E-01, 3.5571E+00, 2.3218E+00, 5.1367E+00,-4.9194E-01, 4.7388E+00, 1.5833E+00, 8.0750E+00
"DG                                                                                                                    "
  10892.160, -61107.830,-5.8594E-01, 3.5583E+00, 2.2192E+00, 5.0391E+00,-4.9438E-01, 4.7375E+00, 1.5613E+00, 8.0579E+00
"B                                                                                                                     "
  10895.400, -61104.590,-5.8228E-01, 3.5571E+00, 2.1375E+00, 4.9561E+00,-4.9072E-01, 4.7388E+00, 1.5564E+00, 8.0518E+00
"P                                                                                                                     "
  10899.690, -61100.300,-5.8594E-01, 3.5583E+00, 2.0935E+00, 4.9243E+00,-4.9194E-01, 4.7388E+00, 1.5637E+00, 8.0603E+00
"Z                                                                                                                     "
  36000.030, -35999.960,-7.3242E-03, 4.1199E+00,-3.2593E-01, 2.5452E+00, 2.1729E-01, 5.4419E+00, 1.3208E+00, 7.8174E+00
