"NP                                                                                                                    "
    196.100, -71803.890, 6.0144E+00, 9.9756E+00,-2.3926E-01, 2.6392E+00, 2.6074E+00, 7.5439E+00, 6.1035E-03, 6.5210E+00
"Z                                                                                                                     "
    400.400, -71599.590, 5.2283E+00, 9.2786E+00,-3.3813E-01, 2.5378E+00,-4.5044E-01, 4.7998E+00, 1.9910E+00, 8.4937E+00
"P                                                                                                                     "
    434.510, -71565.480, 5.1807E+00, 9.2273E+00,-3.3081E-01, 2.5366E+00, 1.6833E+00, 6.8958E+00, 2.1655E+00, 8.6560E+00
"B2                                                                                                                    "
    438.380, -71561.610, 5.5750E+00, 9.6057E+00,-3.3447E-01, 2.5366E+00, 1.6370E+00, 6.8420E+00, 2.0837E+00, 8.5754E+00
"P                                                                                                                     "
    515.210, -71484.780, 4.7534E+00, 8.8098E+00, 4.5972E+00, 7.3877E+00, 1.1267E+00, 6.3489E+00,-1.1353E-01, 6.4050E+00
"B2                                                                                                                    "
    520.550, -71479.440, 4.9841E+00, 9.0540E+00, 4.5447E+00, 7.3328E+00, 1.1768E+00, 6.3977E+00,-1.2817E-01, 6.3892E+00
"P                                                                                                                     "
    521.510, -71478.480, 5.0806E+00, 9.1443E+00, 4.4263E+00, 7.2095E+00, 3.4180E-02, 5.7813E+00,-9.8877E-02, 6.4221E+00
"Z                                                                                                                     "
   1009.460, -70990.530,-5.8472E-01, 3.5608E+00, 4.3811E+00, 7.1704E+00, 2.0728E+00, 7.2620E+00,-1.3062E-01, 6.3879E+00
"P                                                                                                                     "
   1058.060, -70941.930,-5.8228E-01, 3.5583E+00, 4.8767E+00, 7.6453E+00, 1.3391E+00, 6.5649E+00,-1.1108E-01, 6.4050E+00
"G                                                                                                                     "
   1062.440, -70937.550,-5.8594E-01, 3.5596E+00, 4.6863E+00, 7.4646E+00, 1.0620E+00, 6.1914E+00,-1.2329E-01, 6.3940E+00
"P                                                                                                                     "
   1065.320, -70934.670,-5.8716E-01, 3.5596E+00, 4.5679E+00, 7.3560E+00, 1.3354E+00, 6.5771E+00,-1.2695E-01, 6.3916E+00
"B2                                                                                                                    "
   1072.580, -70927.410,-5.9814E-01, 3.5596E+00, 4.6509E+00, 7.4390E+00, 1.4453E+00, 6.6650E+00,-1.2939E-01, 6.3892E+00
"P                                                                                                                     "
   1094.480, -70905.510,-5.8105E-01, 3.5596E+00, 4.5654E+00, 7.3486E+00,-4.0894E-01, 4.9084E+00,-1.2695E-01, 6.3892E+00
"Z                                                                                                                     "
   1217.600, -70782.390,-5.7251E-01, 3.5742E+00, 4.9072E+00, 7.6904E+00, 1.2195E+00, 6.5918E+00,-1.2939E-01, 6.3867E+00
"P                                                                                                                     "
   1285.490, -70714.500,-5.8228E-01, 3.5620E+00, 4.6106E+00, 7.3938E+00, 1.8433E+00, 7.0569E+00,-1.3306E-01, 6.3855E+00
"Z                                                                                                                     "
   1428.260, -70571.730,-5.8105E-01, 3.5632E+00, 4.5862E+00, 7.3645E+00, 1.8152E+00, 6.5845E+00,-1.3062E-01, 6.3867E+00
"P                                                                                                                     "
   1459.250, -70540.740,-5.7495E-01, 3.5645E+00, 4.8926E+00, 7.6904E+00, 1.5442E+00, 6.7896E+00,-1.2939E-01, 6.3879E+00
"F                                                                                                                     "
   1461.020, -70538.970,-5.7739E-01, 3.5645E+00, 4.4666E+00, 7.2852E+00, 1.2463E+00, 6.5002E+00,-1.2451E-01, 6.3904E+00
"P                                                                                                                     "
   1466.180, -70533.810,-5.3467E-01, 3.6365E+00, 4.9805E+00, 7.7649E+00, 1.6565E+00, 6.9385E+00,-1.2939E-01, 6.3892E+00
"Z                                                                                                                     "
   1525.550, -70474.440,-5.8228E-01, 3.5657E+00, 4.9182E+00, 7.7173E+00, 1.4941E+00, 5.6055E+00,-1.2939E-01, 6.3879E+00
"B                                                                                                                     "
   1564.760, -70435.230,-5.8960E-01, 3.5645E+00,-1.7456E-01, 2.7612E+00, 1.0901E+00, 6.3196E+00,-1.3306E-01, 6.3867E+00
"D                                                                                                                     "
   1567.760, -70432.230,-5.8350E-01, 3.5645E+00,-3.0029E-01, 2.6196E+00, 1.1560E+00, 6.3745E+00,-1.3306E-01, 6.3855E+00
"B                                                                                                                     "
   1571.420, -70428.570,-5.8716E-01, 3.5657E+00,-2.1240E-01, 2.6636E+00, 1.3086E+00, 6.5430E+00,-1.3306E-01, 6.3855E+00
"D                                                                                                                     "
   1589.480, -70410.510,-5.7739E-01, 3.5645E+00,-2.9175E-01, 2.5769E+00, 1.4819E+00, 6.7212E+00,-1.2939E-01, 6.3855E+00
"F1                                                                                                                    "
   1590.650, -70409.340,-5.7495E-01, 3.5632E+00,-2.9297E-01, 2.5769E+00, 1.3647E+00, 6.6382E+00,-1.3184E-01, 6.3855E+00
"F2                                                                                                                    "
   1593.830, -70406.160,-5.8228E-01, 3.5645E+00,-2.9053E-01, 2.5769E+00, 1.5320E+00, 6.7566E+00,-1.3062E-01, 6.3855E+00
"D                                                                                                                     "
   1644.710, -70355.280,-5.7007E-01, 3.5913E+00,-1.3672E-01, 2.7283E+00, 1.9739E+00, 7.2400E+00,-1.3184E-01, 6.3867E+00
"F2                                                                                                                    "
   1647.140, -70352.850,-5.8105E-01, 3.5742E+00,-1.4404E-01, 2.7222E+00, 1.8408E+00, 7.0886E+00,-1.3062E-01, 6.3867E+00
"F2                                                                                                                    "
   1648.820, -70351.170,-5.6519E-01, 3.5754E+00,-1.4404E-01, 2.7197E+00, 1.8481E+00, 6.9836E+00,-1.2939E-01, 6.3867E+00
"F3                                                                                                                    "
   1655.480, -70344.510,-5.7129E-01, 3.5681E+00,-1.5625E-01, 2.7051E+00, 1.7126E+00, 6.9885E+00,-1.3062E-01, 6.3867E+00
"F4                                                                                                                    "
   1659.290, -70340.700,-5.7983E-01, 3.5681E+00,-1.6602E-01, 2.7014E+00, 1.6846E+00, 6.9104E+00,-1.3184E-01, 6.3867E+00
"B                                                                                                                     "
   1669.010, -70330.980,-5.7617E-01, 3.5669E+00,-1.6113E-01, 2.7014E+00, 1.6638E+00, 6.8774E+00,-1.2939E-01, 6.3867E+00
"D                                                                                                                     "
   1674.770, -70325.220,-5.7739E-01, 3.5657E+00,-1.7090E-01, 2.6929E+00, 1.7908E+00, 6.9983E+00,-1.3184E-01, 6.3855E+00
"B                                                                                                                     "
   1676.180, -70323.810,-5.7495E-01, 3.5693E+00,-1.7334E-01, 2.6917E+00, 1.8896E+00, 7.0618E+00,-1.2939E-01, 6.3855E+00
"C                                                                                                                     "
   1678.370, -70321.620,-5.7495E-01, 3.5657E+00,-1.7700E-01, 2.6880E+00, 2.0239E+00, 7.2253E+00,-1.3184E-01, 6.3867E+00
"D                                                                                                                     "
   1691.150, -70308.840,-5.7495E-01, 3.5645E+00,-1.8677E-01, 2.6782E+00, 1.9031E+00, 7.1326E+00,-1.3062E-01, 6.3867E+00
"C                                                                                                                     "
   1694.000, -70305.990,-5.8350E-01, 3.5645E+00,-1.8921E-01, 2.6758E+00, 2.1997E+00, 7.4121E+00,-1.2939E-01, 6.3867E+00
"D                                                                                                                     "
   1698.590, -70301.400,-5.8716E-01, 3.5632E+00,-1.9531E-01, 2.6733E+00, 2.1350E+00, 7.3474E+00,-1.2817E-01, 6.3867E+00
"B                                                                                                                     "
   1700.510, -70299.480,-5.8838E-01, 3.5620E+00,-1.9653E-01, 2.6709E+00, 2.1362E+00, 7.3462E+00,-1.3062E-01, 6.3855E+00
"D                                                                                                                     "
   1796.870, -70203.120,-5.6641E-01, 3.5901E+00,-2.2705E-01, 2.6379E+00, 2.1606E+00, 7.3999E+00, 1.2000E+00, 7.7026E+00
"F2                                                                                                                    "
   1798.790, -70201.200,-5.8228E-01, 3.5730E+00,-2.2949E-01, 2.6379E+00, 2.1936E+00, 7.4536E+00, 1.1804E+00, 7.6843E+00
"B                                                                                                                     "
   1805.270, -70194.720,-5.6641E-01, 3.5779E+00,-2.2705E-01, 2.6355E+00, 2.1533E+00, 7.3877E+00, 1.1523E+00, 7.6563E+00
"DG                                                                                                                     "
   2183.090, -69816.900, 3.4375E+00, 7.5159E+00, 4.5728E+00, 7.3547E+00, 2.5708E+00, 7.7783E+00, 1.3416E+00, 7.8625E+00
"C                                                                                                                     "
   2187.140, -69812.850, 3.4485E+00, 7.5232E+00, 4.1455E+00, 6.9324E+00, 2.5110E+00, 7.7136E+00, 1.3611E+00, 7.8613E+00
"DG                                                                                                                    "
   2664.170, -69335.820, 2.3608E+00, 6.4587E+00, 4.3689E+00, 7.1570E+00, 2.3645E+00, 7.5659E+00, 1.5063E+00, 8.0054E+00
"CG                                                                                                                    "
   2667.020, -69332.970, 2.3816E+00, 6.4575E+00, 4.4543E+00, 7.2351E+00, 2.5708E+00, 7.7771E+00, 1.5100E+00, 8.0090E+00
"DG                                                                                                                    "
   3307.820, -68692.170,-5.6396E-01, 3.5876E+00, 4.0955E+00, 6.8884E+00, 2.4561E+00, 7.6794E+00, 1.3916E+00, 7.8918E+00
"G                                                                                                                     "
   3783.830, -68216.160, 2.1252E+00, 6.2305E+00,-2.5757E-01, 2.6099E+00, 2.4084E+00, 7.5989E+00, 1.3098E+00, 7.8125E+00
"DG                                                                                                                    "
   4281.440, -67718.550, 2.1289E+00, 6.2561E+00,-2.9541E-01, 2.5745E+00, 2.6758E+00, 7.8870E+00, 1.2378E+00, 7.7441E+00
"G                                                                                                                     "
   4495.040, -67504.950, 2.8369E+00, 6.9556E+00,-2.9297E-01, 2.5732E+00, 2.5977E+00, 7.7991E+00, 1.2012E+00, 7.7051E+00
"DG                                                                                                                    "
   5563.040, -66436.950, 3.6914E+00, 7.7832E+00,-2.9297E-01, 2.5745E+00, 2.3865E+00, 7.5940E+00, 8.6060E-01, 7.3694E+00
"DG                                                                                                                    "
   6161.330, -65838.660, 3.3887E+00, 7.4792E+00,-2.9175E-01, 2.5757E+00, 1.0474E+00, 6.8994E+00, 6.8115E-01, 7.1948E+00
"Z                                                                                                                     "
   6561.890, -65438.100,-1.9897E-01, 3.9392E+00, 2.2778E+00, 5.0964E+00,-4.6509E-01, 4.7729E+00,-1.3184E-01, 6.3867E+00
"P                                                                                                                     "
   6623.630, -65376.360,-5.8228E-01, 3.5645E+00, 2.3926E+00, 5.2039E+00, 8.7769E-01, 6.1011E+00,-1.2939E-01, 6.3867E+00
"G                                                                                                                     "
   7436.060, -64563.930,-5.7983E-01, 3.5706E+00, 2.7307E+00, 5.5408E+00, 3.9063E-02, 5.9473E+00,-1.2817E-01, 6.3867E+00
"Z                                                                                                                     "
   7950.140, -64049.850,-5.7861E-01, 3.5645E+00, 2.6624E+00, 5.4749E+00, 1.9897E+00, 7.1338E+00,-1.3184E-01, 6.3855E+00
"P                                                                                                                     "
   7959.110, -64040.880,-5.4688E-01, 3.6108E+00, 2.6990E+00, 5.5090E+00, 1.2830E+00, 6.8030E+00,-1.3184E-01, 6.3855E+00
"Z                                                                                                                     "
   7962.590, -64037.400,-5.4565E-01, 3.5925E+00, 2.7124E+00, 5.5225E+00, 1.7749E+00, 6.9678E+00,-1.3306E-01, 6.3855E+00
"P                                                                                                                     "
   7978.910, -64021.080,-5.5786E-01, 3.5803E+00, 2.7612E+00, 5.5688E+00, 1.7053E+00, 6.8689E+00,-1.3306E-01, 6.3855E+00
"G                                                                                                                     "
   7991.270, -64008.720,-5.2734E-01, 3.6084E+00, 2.7856E+00, 5.5933E+00, 1.5759E+00, 6.8079E+00,-1.3184E-01, 6.3855E+00
"Z                                                                                                                     "
   8301.080, -63698.910,-5.7007E-01, 3.5693E+00, 2.7710E+00, 5.5713E+00,-1.4648E-01, 5.0830E+00,-1.2939E-01, 6.3867E+00
"P                                                                                                                     "
   8308.250, -63691.740,-5.7617E-01, 3.5681E+00, 2.7771E+00, 5.5823E+00,-9.2773E-02, 5.6079E+00,-1.2939E-01, 6.3867E+00
"Z                                                                                                                     "
   8357.540, -63642.450,-5.8105E-01, 3.5669E+00, 2.4780E+00, 5.2905E+00, 1.9617E+00, 7.0007E+00,-1.3184E-01, 6.3867E+00
"P                                                                                                                     "
   8388.380, -63611.610,-5.7495E-01, 3.5693E+00, 2.7136E+00, 5.5164E+00, 1.0254E+00, 6.2842E+00,-1.3062E-01, 6.3867E+00
"B2                                                                                                                    "
   8393.450, -63606.540,-5.8228E-01, 3.5681E+00, 2.7295E+00, 5.5396E+00, 1.1572E+00, 6.3611E+00,-1.2939E-01, 6.3867E+00
"P                                                                                                                     "
   8398.250, -63601.740,-5.8228E-01, 3.5681E+00, 2.7466E+00, 5.5566E+00, 1.0889E+00, 6.3232E+00,-1.3062E-01, 6.3867E+00
"B2                                                                                                                    "
   8399.240, -63600.750,-5.7861E-01, 3.5681E+00, 2.7515E+00, 5.5591E+00, 1.0730E+00, 6.2830E+00,-1.2939E-01, 6.3867E+00
"P                                                                                                                     "
   8503.520, -63496.470,-5.8350E-01, 3.5681E+00, 2.5916E+00, 5.4041E+00, 1.1340E+00, 6.3562E+00,-1.2939E-01, 6.3867E+00
"C                                                                                                                     "
   8506.250, -63493.740,-5.7495E-01, 3.5693E+00, 2.4719E+00, 5.2832E+00, 1.1267E+00, 6.3342E+00,-1.2939E-01, 6.3867E+00
"B                                                                                                                     "
   8508.110, -63491.880,-5.7617E-01, 3.5693E+00, 2.3865E+00, 5.2893E+00, 1.0254E+00, 6.2549E+00,-1.3062E-01, 6.3867E+00
"P                                                                                                                     "
   8583.050, -63416.940,-5.7007E-01, 3.5693E+00, 2.4146E+00, 5.2222E+00, 1.1230E+00, 6.3464E+00,-1.2939E-01, 6.3867E+00
"D                                                                                                                     "
   8593.400, -63406.590,-5.7129E-01, 3.5681E+00, 2.5232E+00, 5.3320E+00, 1.3696E+00, 6.6089E+00,-1.2939E-01, 6.3867E+00
"B                                                                                                                     "
   8597.420, -63402.570,-5.6641E-01, 3.5693E+00, 2.5562E+00, 5.3638E+00, 1.4258E+00, 6.6028E+00,-1.2817E-01, 6.3867E+00
"D                                                                                                                     "
   8636.360, -63363.630,-5.6519E-01, 3.5681E+00, 2.6343E+00, 5.4395E+00, 1.5283E+00, 6.7261E+00,-1.2939E-01, 6.3867E+00
"B                                                                                                                     "
   8638.700, -63361.290,-5.7373E-01, 3.5657E+00, 2.6416E+00, 5.4468E+00, 1.4331E+00, 6.6431E+00,-1.3062E-01, 6.3867E+00
"C                                                                                                                     "
   8639.630, -63360.360,-5.8228E-01, 3.5693E+00, 2.6392E+00, 5.4504E+00, 1.6577E+00, 6.8652E+00,-1.3062E-01, 6.3867E+00
"B                                                                                                                     "
   8640.440, -63359.550,-5.6763E-01, 3.5681E+00, 2.6489E+00, 5.4541E+00, 1.6663E+00, 6.8640E+00,-1.2939E-01, 6.3867E+00
"C                                                                                                                     "
   8643.500, -63356.490,-5.7739E-01, 3.5681E+00, 2.6624E+00, 5.4700E+00, 1.6809E+00, 6.9006E+00,-1.3184E-01, 6.3867E+00
"D                                                                                                                     "
   8667.080, -63332.910,-5.8594E-01, 3.5669E+00, 2.3926E+00, 5.2100E+00, 1.5588E+00, 6.7737E+00,-1.2939E-01, 6.3867E+00
"F2                                                                                                                    "
   8670.230, -63329.760,-5.7861E-01, 3.5669E+00, 2.4072E+00, 5.2161E+00, 1.4478E+00, 6.6785E+00,-1.3062E-01, 6.3867E+00
"B                                                                                                                     "
   8684.330, -63315.660,-5.7129E-01, 3.5706E+00, 2.4426E+00, 5.2271E+00, 1.3611E+00, 6.5686E+00,-1.3062E-01, 6.3867E+00
"D                                                                                                                     "
   9006.050, -62993.940,-5.7129E-01, 3.5681E+00, 2.5208E+00, 5.3284E+00, 2.0337E+00, 7.2534E+00,-1.2939E-01, 6.3855E+00
"F2                                                                                                                    "
   9009.710, -62990.280,-5.8105E-01, 3.5706E+00, 2.5415E+00, 5.3564E+00, 2.1423E+00, 7.3901E+00,-1.3062E-01, 6.3867E+00
"B                                                                                                                     "
   9012.650, -62987.340,-5.7739E-01, 3.5693E+00, 2.5732E+00, 5.3760E+00, 1.9666E+00, 7.1118E+00,-1.3062E-01, 6.3867E+00
"DG                                                                                                                    "
   9121.430, -62878.560, 1.2012E+00, 5.2966E+00, 2.4670E+00, 5.2747E+00, 2.1777E+00, 7.3914E+00,-1.3184E-01, 6.3867E+00
"F2                                                                                                                    "
   9123.680, -62876.310, 1.3843E+00, 5.5176E+00, 2.4976E+00, 5.3040E+00, 1.8860E+00, 7.0947E+00,-1.2939E-01, 6.3867E+00
"B                                                                                                                     "
   9135.170, -62864.820, 1.1206E+00, 5.2466E+00, 2.5598E+00, 5.3711E+00, 2.1021E+00, 7.3059E+00,-1.3184E-01, 6.3867E+00
"DG                                                                                                                    "
   9266.120, -62733.870, 9.6924E-01, 5.0891E+00, 2.2791E+00, 5.0903E+00, 2.1399E+00, 7.3486E+00,-1.2817E-01, 6.3879E+00
"D                                                                                                                     "
   9508.820, -62491.170, 1.9348E+00, 6.0388E+00, 2.6978E+00, 5.5054E+00, 2.2266E+00, 7.4719E+00,-1.2817E-01, 6.3867E+00
"B                                                                                                                     "
   9511.370, -62488.620, 1.9617E+00, 6.0498E+00, 2.7063E+00, 5.5103E+00, 2.7942E+00, 7.9480E+00,-1.2939E-01, 6.3879E+00
"D                                                                                                                     "
   9557.270, -62442.720,-5.7739E-01, 3.5681E+00, 2.7295E+00, 5.5383E+00, 2.2266E+00, 7.4500E+00,-1.2939E-01, 6.3867E+00
"P                                                                                                                     "
   9560.210, -62439.780,-5.6152E-01, 3.5803E+00, 2.7380E+00, 5.5396E+00, 1.6614E+00, 7.1948E+00,-1.2939E-01, 6.3867E+00
"Z                                                                                                                     "
  12105.500, -59894.490,-5.4565E-01, 3.6023E+00, 2.3242E+00, 5.1355E+00, 3.7256E+00, 8.8098E+00,-1.2817E-01, 6.3879E+00
"P                                                                                                                     "
  12139.700, -59860.290,-5.4321E-01, 3.6023E+00, 2.3792E+00, 5.1941E+00, 2.2449E+00, 7.4536E+00,-1.2817E-01, 6.3879E+00
"B2                                                                                                                    "
  12145.070, -59854.920,-5.4443E-01, 3.6011E+00, 2.3840E+00, 5.1990E+00, 2.1436E+00, 7.3682E+00,-1.2817E-01, 6.3879E+00
"P                                                                                                                     "
  12146.960, -59853.030,-5.4810E-01, 3.5999E+00, 2.3889E+00, 5.2026E+00, 2.0862E+00, 7.3071E+00,-1.3062E-01, 6.3879E+00
"B2                                                                                                                    "
  12148.100, -59851.890,-5.4199E-01, 3.5999E+00, 2.3926E+00, 5.2026E+00, 2.1497E+00, 7.3499E+00,-1.2695E-01, 6.3879E+00
"P                                                                                                                     "
  12177.770, -59822.220,-5.5054E-01, 3.5999E+00, 2.4048E+00, 5.2173E+00, 2.3340E+00, 7.5391E+00,-1.2939E-01, 6.3879E+00
"C                                                                                                                     "
  12183.050, -59816.940,-5.4077E-01, 3.5999E+00, 2.4121E+00, 5.2197E+00, 2.4329E+00, 7.6257E+00,-1.2817E-01, 6.3879E+00
"D                                                                                                                     "
  12205.760, -59794.230,-5.4199E-01, 3.5999E+00, 2.4194E+00, 5.2258E+00, 2.7563E+00, 7.9578E+00,-1.2695E-01, 6.3879E+00
"F2                                                                                                                    "
  12207.860, -59792.130,-5.3711E-01, 3.5999E+00, 2.4194E+00, 5.2246E+00, 2.7771E+00, 7.9980E+00,-1.2695E-01, 6.3879E+00
"D                                                                                                                     "
  12217.310, -59782.680,-5.4810E-01, 3.5999E+00, 2.4146E+00, 5.2295E+00, 2.5146E+00, 7.7246E+00,-1.3062E-01, 6.3879E+00
"F2                                                                                                                    "
  12223.250, -59776.740,-5.3955E-01, 3.5999E+00, 2.4304E+00, 5.2356E+00, 2.9626E+00, 8.2202E+00,-1.2939E-01, 6.3879E+00
"B                                                                                                                     "
  12227.330, -59772.660,-5.5298E-01, 3.5986E+00, 2.4243E+00, 5.2356E+00, 2.7795E+00, 7.9980E+00,-1.2939E-01, 6.3879E+00
"C                                                                                                                     "
  12228.710, -59771.280,-5.5054E-01, 3.5999E+00, 2.4219E+00, 5.2356E+00, 2.7527E+00, 7.9688E+00,-1.2939E-01, 6.3879E+00
"B                                                                                                                     "
  12233.570, -59766.420,-5.4932E-01, 3.5999E+00, 2.4231E+00, 5.2368E+00, 2.8296E+00, 8.0249E+00,-1.2817E-01, 6.3879E+00
"C                                                                                                                     "
  12235.790, -59764.200,-5.4810E-01, 3.5986E+00, 2.4219E+00, 5.2380E+00, 2.9663E+00, 8.1689E+00,-1.2817E-01, 6.3879E+00
"D                                                                                                                     "
  12264.920, -59735.070,-5.4565E-01, 3.5999E+00, 2.0837E+00, 4.9048E+00, 2.9333E+00, 8.1433E+00,-1.2573E-01, 6.3879E+00
"F2                                                                                                                    "
  12266.690, -59733.300,-5.4321E-01, 3.6011E+00, 2.0850E+00, 4.9036E+00, 3.2202E+00, 8.4741E+00,-1.2695E-01, 6.3879E+00
"B                                                                                                                     "
  12278.840, -59721.150,-5.4321E-01, 3.5999E+00, 2.0837E+00, 4.8999E+00, 2.6880E+00, 7.9309E+00,-1.2939E-01, 6.3879E+00
"F2                                                                                                                    "
  12285.410, -59714.580,-5.4077E-01, 3.5999E+00, 2.1252E+00, 4.9377E+00, 2.7588E+00, 7.9688E+00,-1.2817E-01, 6.3879E+00
"B                                                                                                                     "
  12312.680, -59687.310,-5.4321E-01, 3.5999E+00, 1.8494E+00, 4.6667E+00, 2.9114E+00, 8.1506E+00,-1.2817E-01, 6.3879E+00
"C                                                                                                                     "
  12313.520, -59686.470,-5.4443E-01, 3.5999E+00, 1.9495E+00, 4.7705E+00, 2.7869E+00, 8.0188E+00,-1.2817E-01, 6.3879E+00
"D                                                                                                                     "
  12315.470, -59684.520,-5.5176E-01, 3.6011E+00, 2.1912E+00, 5.0195E+00, 2.8809E+00, 8.0847E+00,-1.2939E-01, 6.3879E+00
"B                                                                                                                     "
  12318.680, -59681.310,-5.4932E-01, 3.5986E+00, 2.0923E+00, 4.9097E+00, 2.9492E+00, 8.1482E+00,-1.2939E-01, 6.3879E+00
"D                                                                                                                     "
  12324.290, -59675.700,-5.4932E-01, 3.5999E+00, 1.9727E+00, 4.8035E+00, 2.9578E+00, 8.1616E+00,-1.2939E-01, 6.3879E+00
"F2                                                                                                                    "
  12326.600, -59673.390,-5.4443E-01, 3.5999E+00,-2.9053E-01, 2.5745E+00, 2.9480E+00, 8.1885E+00,-1.2817E-01, 6.3879E+00
"B                                                                                                                     "
  12328.400, -59671.590,-5.5298E-01, 3.5999E+00,-2.6855E-01, 2.5854E+00, 3.0139E+00, 8.2312E+00,-1.3062E-01, 6.3879E+00
"C                                                                                                                     "
  12331.670, -59668.320,-5.4932E-01, 3.5986E+00,-4.8828E-03, 2.8772E+00, 3.0762E+00, 8.2874E+00,-1.2939E-01, 6.3867E+00
"D                                                                                                                     "
  12376.100, -59623.890,-5.4199E-01, 3.5974E+00,-2.8320E-01, 2.5793E+00, 3.0298E+00, 8.2288E+00,-1.2695E-01, 6.3867E+00
"F2                                                                                                                    "
  12379.040, -59620.950,-5.4199E-01, 3.5986E+00,-2.8320E-01, 2.5806E+00, 3.1506E+00, 8.2617E+00,-1.2939E-01, 6.3867E+00
"B                                                                                                                     "
  12384.590, -59615.400,-5.3955E-01, 3.5986E+00,-2.8564E-01, 2.5793E+00, 3.1873E+00, 8.3716E+00,-1.2695E-01, 6.3867E+00
"D                                                                                                                     "
  12410.840, -59589.150,-5.4321E-01, 3.5986E+00,-2.8564E-01, 2.5781E+00, 2.9053E+00, 8.1152E+00,-1.2817E-01, 6.3867E+00
"C                                                                                                                     "
  12415.610, -59584.380,-5.4077E-01, 3.5974E+00,-2.8809E-01, 2.5781E+00, 3.2129E+00, 8.4155E+00,-1.2817E-01, 6.3867E+00
"DG                                                                                                                    "
  13492.220, -58507.770,-5.7373E-01, 3.5706E+00,-2.8931E-01, 2.5781E+00, 3.5620E+00, 8.7732E+00,-1.2817E-01, 6.3879E+00
"P                                                                                                                     "
  13494.020, -58505.970,-5.7739E-01, 3.5693E+00,-2.8931E-01, 2.5769E+00,-4.3701E-01, 4.8389E+00,-1.2817E-01, 6.3879E+00
"Z                                                                                                                     "
  18282.620, -53717.370, 2.8857E+00, 6.9788E+00, 2.2754E+00, 5.0867E+00, 1.0205E+00, 4.9951E+00,-1.2573E-01, 6.3879E+00
"P                                                                                                                     "
  18306.290, -53693.700, 2.9431E+00, 7.0422E+00, 2.3303E+00, 5.1428E+00, 2.6733E+00, 7.9077E+00,-1.2817E-01, 6.3879E+00
"G                                                                                                                     "
  18315.110, -53684.880, 2.7466E+00, 6.8396E+00, 2.3413E+00, 5.1563E+00, 3.3716E+00, 8.5583E+00,-1.2695E-01, 6.3879E+00
"P                                                                                                                     "
  18327.080, -53672.910, 2.6819E+00, 6.7773E+00, 2.2009E+00, 5.0171E+00, 3.1848E+00, 8.2642E+00,-1.2695E-01, 6.3892E+00
"G                                                                                                                     "
  18328.910, -53671.080, 2.8979E+00, 6.9849E+00, 2.1936E+00, 5.0073E+00, 3.3069E+00, 8.4363E+00,-1.2573E-01, 6.3892E+00
"P                                                                                                                     "
  18330.380, -53669.610, 2.6819E+00, 6.7822E+00, 2.1814E+00, 5.0012E+00,-3.1738E-01, 5.1355E+00,-1.2695E-01, 6.3879E+00
"Z                                                                                                                     "
  18949.010, -53050.980, 3.0225E+00, 7.1240E+00, 2.0227E+00, 4.8389E+00,-4.5410E-01, 4.7839E+00,-1.2939E-01, 6.3867E+00
"P                                                                                                                     "
  18955.940, -53044.050, 3.0457E+00, 7.1375E+00, 1.9446E+00, 4.7534E+00, 2.4683E+00, 7.6709E+00,-1.2939E-01, 6.3879E+00
"B2                                                                                                                    "
  18960.620, -53039.370, 2.9956E+00, 7.0911E+00, 1.9348E+00, 4.7485E+00, 2.6392E+00, 7.8113E+00,-1.2939E-01, 6.3879E+00
"P                                                                                                                     "
  18975.110, -53024.880, 3.0530E+00, 7.1277E+00, 2.0764E+00, 4.8889E+00, 2.1143E+00, 7.3389E+00,-1.2817E-01, 6.3867E+00
"B2                                                                                                                    "
  18979.790, -53020.200, 3.0518E+00, 7.1460E+00, 1.9751E+00, 4.7900E+00, 2.1887E+00, 7.3804E+00,-1.2695E-01, 6.3867E+00
"P                                                                                                                     "
  18985.640, -53014.350, 3.0225E+00, 7.1191E+00, 2.0398E+00, 4.8621E+00, 2.1899E+00, 7.4182E+00,-1.2939E-01, 6.3867E+00
"C                                                                                                                     "
  19003.220, -52996.770, 3.0566E+00, 7.1423E+00, 2.0935E+00, 4.9048E+00, 2.4866E+00, 7.6929E+00,-1.3062E-01, 6.3879E+00
"D                                                                                                                     "
  19016.420, -52983.570, 2.8760E+00, 6.9666E+00, 2.0251E+00, 4.8462E+00, 2.6880E+00, 7.8833E+00,-1.2817E-01, 6.3867E+00
"F2                                                                                                                    "
  19020.620, -52979.370, 3.1067E+00, 7.2009E+00, 2.0313E+00, 4.8535E+00, 2.8491E+00, 8.0750E+00,-1.2817E-01, 6.3867E+00
"C                                                                                                                     "
  19040.240, -52959.750, 3.0774E+00, 7.1790E+00, 2.0203E+00, 4.8425E+00, 3.0811E+00, 8.2922E+00,-1.2573E-01, 6.3879E+00
"D                                                                                                                     "
  19043.480, -52956.510, 3.0798E+00, 7.1606E+00, 2.0264E+00, 4.8413E+00, 2.7917E+00, 8.0054E+00,-1.2817E-01, 6.3879E+00
"F2                                                                                                                    "
  19046.030, -52953.960, 2.8613E+00, 6.9617E+00, 2.0374E+00, 4.8560E+00, 2.6526E+00, 7.8577E+00,-1.2817E-01, 6.3879E+00
"B                                                                                                                     "
  19048.820, -52951.170, 2.8955E+00, 6.9812E+00, 2.0471E+00, 4.8560E+00, 2.7075E+00, 7.8918E+00,-1.2939E-01, 6.3879E+00
"D                                                                                                                     "
  19052.990, -52947.000, 2.8638E+00, 6.9617E+00, 2.0447E+00, 4.8633E+00, 2.6599E+00, 7.8711E+00,-1.2939E-01, 6.3879E+00
"F2                                                                                                                    "
  19057.700, -52942.290, 2.8845E+00, 6.9666E+00, 2.0593E+00, 4.8669E+00, 3.4607E+00, 8.7793E+00,-1.3062E-01, 6.3867E+00
"B                                                                                                                     "
  19063.970, -52936.020, 2.8809E+00, 6.9800E+00, 2.0557E+00, 4.8779E+00, 2.7954E+00, 8.0139E+00,-1.2939E-01, 6.3867E+00
"D                                                                                                                     "
  19066.490, -52933.500, 3.0823E+00, 7.1631E+00, 2.0654E+00, 4.8743E+00, 2.7856E+00, 7.9712E+00,-1.2817E-01, 6.3867E+00
"C                                                                                                                     "
  19070.840, -52929.150, 3.0811E+00, 7.1716E+00, 2.0581E+00, 4.8645E+00, 2.8162E+00, 8.0762E+00,-1.2817E-01, 6.3867E+00
"B                                                                                                                     "
  19075.760, -52924.230, 2.9773E+00, 7.0508E+00, 2.0593E+00, 4.8669E+00, 3.0188E+00, 8.1433E+00,-1.2817E-01, 6.3867E+00
"C                                                                                                                     "
  19077.560, -52922.430, 3.1958E+00, 7.2766E+00, 2.0508E+00, 4.8682E+00, 2.9236E+00, 8.0884E+00,-1.2939E-01, 6.3867E+00
"B                                                                                                                     "
  19079.060, -52920.930, 3.1360E+00, 7.2217E+00, 2.0654E+00, 4.8792E+00, 2.8284E+00, 8.0237E+00,-1.3062E-01, 6.3867E+00
"C                                                                                                                     "
  19081.880, -52918.110, 3.1567E+00, 7.2571E+00, 2.0972E+00, 4.8950E+00, 3.0859E+00, 8.3142E+00,-1.3062E-01, 6.3867E+00
"D                                                                                                                     "
  19085.690, -52914.300, 2.5903E+00, 6.6711E+00, 2.0728E+00, 4.8816E+00, 2.9370E+00, 8.1299E+00,-1.2939E-01, 6.3867E+00
"F2                                                                                                                    "
  19089.860, -52910.130, 2.7795E+00, 6.8896E+00, 2.0630E+00, 4.8816E+00, 3.0505E+00, 8.3008E+00,-1.2695E-01, 6.3867E+00
"B                                                                                                                     "
  19091.720, -52908.270, 2.8406E+00, 6.9116E+00, 2.0691E+00, 4.8792E+00, 2.8577E+00, 8.0701E+00,-1.2695E-01, 6.3867E+00
"D                                                                                                                     "
  19094.840, -52905.150, 3.2434E+00, 7.3340E+00, 2.0508E+00, 4.8706E+00, 2.5598E+00, 7.7747E+00,-1.3062E-01, 6.3867E+00
"F2                                                                                                                    "
  19100.570, -52899.420, 2.8735E+00, 6.9519E+00, 2.0215E+00, 4.8389E+00, 3.3691E+00, 8.7134E+00,-1.2695E-01, 6.3867E+00
"B                                                                                                                     "
  19105.790, -52894.200, 3.1506E+00, 7.2302E+00, 2.0435E+00, 4.8535E+00, 3.5278E+00, 8.5913E+00,-1.2939E-01, 6.3879E+00
"D                                                                                                                     "
  19109.510, -52890.480, 3.1592E+00, 7.2412E+00, 2.0386E+00, 4.8511E+00, 2.7710E+00, 7.9785E+00,-1.2817E-01, 6.3867E+00
"F2                                                                                                                    "
  19110.710, -52889.280, 3.1494E+00, 7.2314E+00, 2.0422E+00, 4.8523E+00, 2.8748E+00, 8.2776E+00,-1.2817E-01, 6.3867E+00
"B                                                                                                                     "
  19112.450, -52887.540, 2.9456E+00, 7.0886E+00, 2.0361E+00, 4.8560E+00, 2.9883E+00, 8.1860E+00,-1.2817E-01, 6.3867E+00
"B                                                                                                                     "
  19063.800, -52936.190, 2.9077E+00, 6.9836E+00, 2.0691E+00, 4.8779E+00, 2.8271E+00, 8.0225E+00,-1.2939E-01, 6.3867E+00
"D                                                                                                                     "
  19066.470, -52933.520, 3.0640E+00, 7.1667E+00, 2.0544E+00, 4.8743E+00, 2.7563E+00, 7.9602E+00,-1.2939E-01, 6.3867E+00
"B                                                                                                                     "
  19067.700, -52932.290, 3.0701E+00, 7.1619E+00, 2.0544E+00, 4.8718E+00, 2.8101E+00, 8.0225E+00,-1.2817E-01, 6.3879E+00
"C                                                                                                                     "
  19070.880, -52929.110, 3.0530E+00, 7.1570E+00, 2.0471E+00, 4.8645E+00, 2.8040E+00, 8.0176E+00,-1.2939E-01, 6.3867E+00
"B                                                                                                                     "
  19076.250, -52923.740, 3.1812E+00, 7.2705E+00, 2.0471E+00, 4.8682E+00, 2.9004E+00, 8.1091E+00,-1.2939E-01, 6.3867E+00
"D                                                                                                                     "
  19078.020, -52921.970, 3.1116E+00, 7.2180E+00, 2.0544E+00, 4.8718E+00, 2.8296E+00, 8.0542E+00,-1.2939E-01, 6.3867E+00
"B                                                                                                                     "
  19079.610, -52920.380, 3.1384E+00, 7.2314E+00, 2.0605E+00, 4.8816E+00, 2.9761E+00, 8.2166E+00,-1.2817E-01, 6.3867E+00
"C                                                                                                                     "
  19082.340, -52917.650, 2.9175E+00, 6.9971E+00, 7.7881E-01, 4.0186E+00, 3.0432E+00, 8.2263E+00,-1.2939E-01, 6.3867E+00
"D                                                                                                                     "
  19085.820, -52914.170, 2.6672E+00, 6.7407E+00, 2.0715E+00, 4.8804E+00, 2.8992E+00, 8.1433E+00,-1.2939E-01, 6.3867E+00
"F2                                                                                                                    "
  19088.070, -52911.920, 2.8040E+00, 6.9202E+00, 2.0642E+00, 4.8816E+00, 2.9443E+00, 8.3020E+00,-1.2939E-01, 6.3867E+00
"B                                                                                                                     "
  19093.710, -52906.280, 3.2678E+00, 7.3413E+00, 2.0618E+00, 4.8755E+00, 2.8674E+00, 8.0627E+00,-1.2939E-01, 6.3867E+00
"D                                                                                                                     "
  19094.790, -52905.200, 3.2422E+00, 7.3352E+00, 2.0532E+00, 4.8694E+00, 2.5818E+00, 7.7722E+00,-1.2817E-01, 6.3867E+00
"F2                                                                                                                    "
  19100.700, -52899.290, 3.0237E+00, 7.0508E+00, 2.0203E+00, 4.8389E+00, 3.1250E+00, 8.3411E+00,-1.2817E-01, 6.3867E+00
"B                                                                                                                     "
  19105.710, -52894.280, 3.1653E+00, 7.2485E+00, 2.0447E+00, 4.8535E+00, 3.1885E+00, 8.5535E+00,-1.2695E-01, 6.3879E+00
"D                                                                                                                     "
  19109.790, -52890.200, 3.1665E+00, 7.2485E+00, 2.0435E+00, 4.8523E+00, 2.7576E+00, 7.9602E+00,-1.2939E-01, 6.3867E+00
"F2                                                                                                                    "
  19110.750, -52889.240, 3.1421E+00, 7.2278E+00, 2.0349E+00, 4.8523E+00, 2.8345E+00, 8.0811E+00,-1.2817E-01, 6.3867E+00
"B                                                                                                                     "
  19112.400, -52887.590, 3.0725E+00, 7.1692E+00, 2.0422E+00, 4.8547E+00, 2.9871E+00, 8.2043E+00,-1.2695E-01, 6.3867E+00
"C                                                                                                                     "
  19113.690, -52886.300, 3.1323E+00, 7.2302E+00, 2.0386E+00, 4.8572E+00, 3.0518E+00, 8.3069E+00,-1.2939E-01, 6.3867E+00
"D                                                                                                                     "
  19239.870, -52760.120, 2.9114E+00, 6.9910E+00, 2.0874E+00, 4.8999E+00, 3.2495E+00, 8.4595E+00,-1.2939E-01, 6.3867E+00
"F2                                                                                                                    "
  19242.600, -52757.390, 3.1555E+00, 7.2375E+00, 2.0667E+00, 4.8792E+00, 3.0396E+00, 8.2788E+00,-1.2817E-01, 6.3867E+00
"B                                                                                                                     "
  19250.340, -52749.650, 3.0737E+00, 7.1558E+00, 2.0483E+00, 4.8596E+00, 3.3313E+00, 8.5828E+00,-1.2817E-01, 6.3867E+00
"D                                                                                                                     "
  20894.310, -51105.680, 3.1189E+00, 7.2156E+00, 2.2107E+00, 5.0232E+00, 3.8721E+00, 9.1052E+00,-1.2817E-01, 6.3867E+00
"B                                                                                                                     "
  20896.830, -51103.160, 2.8784E+00, 6.9971E+00, 2.2278E+00, 5.0439E+00, 3.6646E+00, 8.8733E+00,-1.3184E-01, 6.3867E+00
"F2                                                                                                                    "
  20900.970, -51099.020, 3.1226E+00, 7.2131E+00, 2.2339E+00, 5.0415E+00, 4.3835E+00, 9.5483E+00,-1.3184E-01, 6.3867E+00
"DG                                                                                                                    "
  21702.510, -50297.480, 3.3032E+00, 7.3975E+00, 2.1680E+00, 4.9792E+00, 4.3152E+00, 9.4690E+00,-1.2573E-01, 6.3879E+00
"B                                                                                                                     "
  21707.100, -50292.890, 3.2849E+00, 7.3828E+00, 2.1912E+00, 5.0049E+00, 4.4702E+00, 9.6069E+00,-1.2817E-01, 6.3879E+00
"DG                                                                                                                    "
  22524.210, -49475.780, 3.2068E+00, 7.3035E+00,-7.8125E-02, 2.7832E+00, 4.3030E+00, 9.4702E+00,-1.3184E-01, 6.3855E+00
"B                                                                                                                     "
  22529.400, -49470.590, 3.2202E+00, 7.2974E+00,-8.3008E-02, 2.7734E+00, 4.6521E+00, 9.7742E+00,-1.2939E-01, 6.3855E+00
"DG                                                                                                                    "
  23876.100, -48123.890, 3.3057E+00, 7.3877E+00,-8.4229E-02, 2.7759E+00, 1.5454E+00, 8.0750E+00,-1.3184E-01, 6.3843E+00
"Z                                                                                                                     "
  35999.010, -36000.980, 2.9248E+00, 6.9043E+00, 2.2644E+00, 5.0781E+00,-4.8950E-01, 4.7473E+00, 6.7139E-01, 7.1802E+00
