"p                                                                                                                     "
    260.790, -71739.200, 6.0779E+00, 9.9939E+00, 4.2175E+00, 6.9934E+00,-5.0293E-01, 4.7327E+00, 1.5479E+00, 8.0579E+00
"z                                                                                                                     "
    284.700, -71715.290, 6.0669E+00, 9.9988E+00,-1.7334E-01, 2.9590E+00,-4.8218E-01, 4.7498E+00, 3.4131E+00, 9.8792E+00
"u                                                                                                                     "
    336.900, -71663.090, 5.6396E+00, 9.6729E+00,-3.3081E-01, 2.5427E+00,-5.1025E-01, 4.7278E+00, 1.9336E+00, 8.4277E+00
"d                                                                                                                     "
    344.070, -71655.920, 5.6287E+00, 9.6729E+00,-3.3325E-01, 2.5415E+00,-5.1147E-01, 4.7302E+00, 1.9031E+00, 8.4021E+00
"b                                                                                                                     "
    350.490, -71649.500, 5.7104E+00, 9.7009E+00,-1.8921E-01, 2.6843E+00,-4.9561E-01, 4.7351E+00, 1.9873E+00, 8.4729E+00
"f2                                                                                                                    "
    352.590, -71647.400, 5.6580E+00, 9.6399E+00,-3.0273E-01, 2.5586E+00,-5.0049E-01, 4.7278E+00, 1.9714E+00, 8.4607E+00
"c                                                                                                                     "
    354.660, -71645.330, 5.6226E+00, 9.6460E+00,-3.3203E-01, 2.5378E+00,-5.0781E-01, 4.7278E+00, 1.9360E+00, 8.4302E+00
"d                                                                                                                     "
    412.830, -71587.160, 5.4761E+00, 9.5068E+00,-3.3325E-01, 2.5366E+00, 1.7383E+00, 6.9312E+00, 1.9946E+00, 8.4912E+00
"c                                                                                                                     "
    421.950, -71578.040, 6.3098E+00, 9.9988E+00,-3.3203E-01, 2.5366E+00, 1.6687E+00, 6.8787E+00, 2.0667E+00, 8.5632E+00
"d                                                                                                                     "
    427.710, -71572.280, 5.3284E+00, 9.3726E+00,-3.3203E-01, 2.5366E+00, 1.6492E+00, 6.8372E+00, 2.0264E+00, 8.5254E+00
"b                                                                                                                     "
    429.180, -71570.810, 4.9451E+00, 9.1003E+00,-3.3203E-01, 2.5366E+00, 1.5454E+00, 6.7761E+00, 2.0776E+00, 8.5730E+00
"d                                                                                                                     "
    443.310, -71556.680, 5.6299E+00, 9.6570E+00,-3.3447E-01, 2.5366E+00, 1.7200E+00, 6.9373E+00, 2.0898E+00, 8.5852E+00
"dg                                                                                                                    "
    469.890, -71530.100, 5.3223E+00, 9.3677E+00, 4.4165E+00, 7.1973E+00, 1.6650E+00, 6.9141E+00, 2.1387E+00, 8.6267E+00
"c                                                                                                                     "
    475.080, -71524.910, 4.7864E+00, 8.8489E+00, 4.5996E+00, 7.3730E+00, 1.5015E+00, 6.7041E+00, 2.1179E+00, 8.6096E+00
"d                                                                                                                     "
    504.240, -71495.750, 5.2893E+00, 9.3579E+00, 4.4568E+00, 7.2583E+00, 1.3574E+00, 6.6125E+00, 2.1326E+00, 8.6328E+00
"p                                                                                                                     "
    506.730, -71493.260, 5.9863E+00, 9.9963E+00, 4.5508E+00, 7.3389E+00, 1.0620E+00, 6.2659E+00, 1.3330E+00, 8.2190E+00
"z                                                                                                                     "
   1780.230, -70219.760,-5.7495E-01, 3.5669E+00,-2.2217E-01, 2.6416E+00, 2.4695E+00, 7.6733E+00, 7.3608E-01, 7.2632E+00
"p                                                                                                                     "
   1811.850, -70188.140,-5.7983E-01, 3.5657E+00,-2.2827E-01, 2.6355E+00, 2.2583E+00, 7.4658E+00, 1.1951E+00, 7.6990E+00
"b2                                                                                                                    "
   1815.120, -70184.870,-5.7861E-01, 3.5669E+00,-2.3560E-01, 2.6355E+00, 2.2986E+00, 7.5110E+00, 1.2268E+00, 7.7258E+00
"p                                                                                                                     "
   1831.380, -70168.610,-5.7495E-01, 3.5645E+00,-2.3071E-01, 2.6331E+00, 2.2791E+00, 7.4829E+00, 1.1877E+00, 7.6843E+00
"b2                                                                                                                    "
   1837.710, -70162.280,-5.7861E-01, 3.5657E+00,-2.2949E-01, 2.6331E+00, 2.2742E+00, 7.4768E+00, 1.2366E+00, 7.7417E+00
"p                                                                                                                     "
   1846.740, -70153.250,-5.7739E-01, 3.5657E+00,-2.4292E-01, 2.6306E+00, 2.3083E+00, 7.5256E+00, 1.2439E+00, 7.7490E+00
"c                                                                                                                     "
   1849.170, -70150.820,-5.8960E-01, 3.5669E+00,-2.4048E-01, 2.6306E+00, 2.3389E+00, 7.5537E+00, 1.2537E+00, 7.7588E+00
"d                                                                                                                     "
   1851.990, -70148.000,-5.7495E-01, 3.5730E+00,-2.3682E-01, 2.6306E+00, 2.3767E+00, 7.5891E+00, 1.2219E+00, 7.7246E+00
"c                                                                                                                     "
   1853.160, -70146.830,-5.7983E-01, 3.5632E+00,-2.3071E-01, 2.6306E+00, 2.3962E+00, 7.6013E+00, 1.2683E+00, 7.7661E+00
"b                                                                                                                     "
   1854.030, -70145.960,-5.9082E-01, 3.5632E+00,-2.3926E-01, 2.6306E+00, 2.3938E+00, 7.6099E+00, 1.2292E+00, 7.7368E+00
"p                                                                                                                     "
   1854.450, -70145.540,-5.7861E-01, 3.5632E+00,-2.3560E-01, 2.6294E+00, 2.4097E+00, 7.6135E+00, 1.1926E+00, 7.6929E+00
"p                                                                                                                     "
   1859.040, -70140.950,-5.7617E-01, 3.5645E+00,-2.3438E-01, 2.6318E+00, 2.2363E+00, 7.4365E+00, 1.2549E+00, 7.7551E+00
"b                                                                                                                     "
   1862.310, -70137.680,-5.7617E-01, 3.5632E+00,-2.3315E-01, 2.6318E+00, 2.2717E+00, 7.4792E+00, 1.2720E+00, 7.7783E+00
"c                                                                                                                     "
   1863.150, -70136.840,-5.7861E-01, 3.5657E+00,-2.3682E-01, 2.6318E+00, 2.2778E+00, 7.4890E+00, 1.2683E+00, 7.7710E+00
"d                                                                                                                     "
   1874.130, -70125.860,-5.7251E-01, 3.5657E+00,-2.3315E-01, 2.6331E+00, 2.2717E+00, 7.4792E+00, 1.2427E+00, 7.7478E+00
"f2                                                                                                                    "
   1876.410, -70123.580,-5.8105E-01, 3.5657E+00,-2.3193E-01, 2.6343E+00, 2.3022E+00, 7.5073E+00, 1.2561E+00, 7.7551E+00
"b                                                                                                                     "
   1878.690, -70121.300,-5.8472E-01, 3.5645E+00,-2.3438E-01, 2.6343E+00, 2.3157E+00, 7.5317E+00, 1.2817E+00, 7.7869E+00
"c                                                                                                                     "
   1881.600, -70118.390,-5.6885E-01, 3.5645E+00,-2.3438E-01, 2.6331E+00, 2.3645E+00, 7.5659E+00, 1.2708E+00, 7.7673E+00
"d                                                                                                                     "
   1903.920, -70096.070,-5.7251E-01, 3.5657E+00,-2.8809E-01, 2.5793E+00, 2.5635E+00, 7.7698E+00, 1.3135E+00, 7.8174E+00
"f2                                                                                                                    "
   1905.780, -70094.210,-5.7617E-01, 3.5718E+00, 4.7461E+00, 7.5305E+00, 2.5696E+00, 7.7832E+00, 1.2866E+00, 7.7942E+00
"b                                                                                                                     "
   1914.960, -70085.030,-5.6519E-01, 3.5742E+00, 4.2285E+00, 7.0044E+00, 2.6379E+00, 7.8430E+00, 1.4026E+00, 7.8979E+00
"c                                                                                                                     "
   1916.340, -70083.650,-5.6763E-01, 3.5791E+00, 4.0137E+00, 6.8030E+00, 2.6367E+00, 7.8540E+00, 1.3391E+00, 7.8394E+00
"d                                                                                                                     "
   1920.420, -70079.570,-5.6641E-01, 3.5767E+00, 3.7500E+00, 6.5747E+00, 2.4963E+00, 7.7051E+00, 1.3013E+00, 7.8015E+00
"b                                                                                                                     "
   1921.200, -70078.790,-5.1025E-01, 3.6719E+00, 3.8708E+00, 6.6699E+00, 2.4463E+00, 7.6611E+00, 1.4514E+00, 7.9053E+00
"d                                                                                                                     "
   1939.080, -70060.910,-5.5542E-01, 3.5815E+00, 4.4592E+00, 7.2461E+00, 2.4707E+00, 7.6733E+00, 1.2756E+00, 7.7917E+00
"f1                                                                                                                    "
   1944.690, -70055.300, 3.5474E+00, 7.6392E+00, 4.2554E+00, 7.0459E+00, 2.5256E+00, 7.7393E+00, 1.3171E+00, 7.8296E+00
"f2                                                                                                                    "
   1949.940, -70050.050,-5.4688E-01, 3.5889E+00, 4.6143E+00, 7.3450E+00, 2.3645E+00, 7.5732E+00, 1.2988E+00, 7.7966E+00
"f3                                                                                                                    "
   1966.320, -70033.670, 2.3352E+00, 6.4636E+00, 4.5007E+00, 7.3108E+00, 2.3596E+00, 7.5745E+00, 1.3953E+00, 7.9028E+00
"f4                                                                                                                    "
   1967.970, -70032.020, 2.3816E+00, 6.4661E+00, 4.6484E+00, 7.4255E+00, 2.3828E+00, 7.5940E+00, 1.3831E+00, 7.8833E+00
"d                                                                                                                     "
   1985.040, -70014.950, 1.0986E-02, 4.9622E+00, 4.7229E+00, 7.5049E+00, 2.5281E+00, 7.7002E+00, 1.3293E+00, 7.8369E+00
"f2                                                                                                                    "
   1987.560, -70012.430,-4.3945E-01, 3.6951E+00, 4.7583E+00, 7.5378E+00, 2.3975E+00, 7.6013E+00, 1.3831E+00, 7.8943E+00
"b                                                                                                                     "
   1990.110, -70009.880,-5.6763E-01, 3.5767E+00, 4.4397E+00, 7.2131E+00, 2.4500E+00, 7.6550E+00, 1.4355E+00, 7.9285E+00
"d                                                                                                                     "
   1995.660, -70004.330,-4.6143E-01, 3.6865E+00, 4.4006E+00, 7.1912E+00, 2.4414E+00, 7.6550E+00, 1.4307E+00, 7.9333E+00
"c                                                                                                                     "
   1997.340, -70002.650,-5.3833E-01, 3.6121E+00, 4.6082E+00, 7.4072E+00, 2.4670E+00, 7.6733E+00, 1.3843E+00, 7.8845E+00
"d                                                                                                                     "
   2081.730, -69918.260,-5.7129E-01, 3.5718E+00, 4.5349E+00, 7.3206E+00, 2.5195E+00, 7.7295E+00, 1.4319E+00, 7.9175E+00
"c                                                                                                                     "
   2084.040, -69915.950,-5.6763E-01, 3.5754E+00, 4.5398E+00, 7.3242E+00, 2.5024E+00, 7.7136E+00, 1.4478E+00, 7.9480E+00
"d                                                                                                                     "
   2085.360, -69914.630,-5.2979E-01, 3.6157E+00, 4.8181E+00, 7.5952E+00, 2.5195E+00, 7.7283E+00, 1.4404E+00, 7.9346E+00
"c                                                                                                                     "
   2087.220, -69912.770,-5.3101E-01, 3.6023E+00, 4.4788E+00, 7.2729E+00, 2.3511E+00, 7.5549E+00, 1.4795E+00, 7.9773E+00
"d                                                                                                                     "
   2137.380, -69862.610, 3.1482E+00, 7.2278E+00, 4.8181E+00, 7.4487E+00, 2.6526E+00, 7.8540E+00, 1.4417E+00, 7.9504E+00
"b                                                                                                                     "
   2139.990, -69860.000, 2.8564E+00, 6.9873E+00, 4.2346E+00, 7.0300E+00, 2.4744E+00, 7.6855E+00, 1.4783E+00, 8.0164E+00
"c                                                                                                                     "
   2142.720, -69857.270, 2.4512E+00, 6.5344E+00, 4.8279E+00, 7.6099E+00, 2.5562E+00, 7.7600E+00, 1.4612E+00, 7.9578E+00
"d                                                                                                                     "
   2151.570, -69848.420, 2.9126E+00, 6.9983E+00, 4.4556E+00, 7.2400E+00, 2.5488E+00, 7.7515E+00, 1.5063E+00, 7.9651E+00
"b                                                                                                                     "
   2152.500, -69847.490, 2.8992E+00, 6.9922E+00, 4.4421E+00, 7.2314E+00, 2.5562E+00, 7.7698E+00, 1.5076E+00, 8.0090E+00
"c                                                                                                                     "
   2155.230, -69844.760, 2.9187E+00, 7.0044E+00, 4.1833E+00, 7.0972E+00, 2.6160E+00, 7.8174E+00, 1.4722E+00, 7.9724E+00
"d                                                                                                                     "
   2163.780, -69836.210, 2.4817E+00, 6.5637E+00, 4.2798E+00, 7.0630E+00, 2.5562E+00, 7.7600E+00, 1.4941E+00, 7.9822E+00
"f1                                                                                                                    "
   2164.530, -69835.460, 2.8857E+00, 6.7810E+00, 4.2908E+00, 7.0776E+00, 2.5562E+00, 7.7625E+00, 1.4001E+00, 7.9028E+00
"f2                                                                                                                    "
   2166.600, -69833.390, 3.3923E+00, 7.4622E+00, 4.5300E+00, 7.3157E+00, 2.5818E+00, 7.7771E+00, 1.3940E+00, 7.8796E+00
"b                                                                                                                     "
   2168.940, -69831.050, 3.3972E+00, 7.4817E+00, 4.5032E+00, 7.2925E+00, 2.6111E+00, 7.8259E+00, 1.4014E+00, 7.9138E+00
"c                                                                                                                     "
   2171.130, -69828.860, 3.3911E+00, 7.4902E+00, 4.8193E+00, 7.5562E+00, 2.6074E+00, 7.8650E+00, 1.4343E+00, 7.9285E+00
"b                                                                                                                     "
   2171.760, -69828.230, 3.4106E+00, 7.4915E+00, 4.5093E+00, 7.2949E+00, 2.9382E+00, 8.1543E+00, 1.5125E+00, 7.9651E+00
"c                                                                                                                     "
   2173.680, -69826.310, 3.4045E+00, 7.4780E+00, 4.4763E+00, 7.2595E+00, 2.5562E+00, 7.7637E+00, 1.4209E+00, 7.9285E+00
"f2                                                                                                                    "
   2175.870, -69824.120, 3.3875E+00, 7.4792E+00, 4.4800E+00, 7.2729E+00, 2.5854E+00, 7.7979E+00, 1.4941E+00, 7.9358E+00
"b                                                                                                                     "
   2177.220, -69822.770, 3.4033E+00, 7.4927E+00, 4.4714E+00, 7.2620E+00, 2.6074E+00, 7.8186E+00, 1.6113E+00, 8.0310E+00
"c                                                                                                                     "
   2177.520, -69822.470, 3.4290E+00, 7.4988E+00, 4.4519E+00, 7.2327E+00, 2.6196E+00, 7.8235E+00, 1.3928E+00, 7.8979E+00
"b                                                                                                                     "
   2178.090, -69821.900, 3.4338E+00, 7.5012E+00, 4.4116E+00, 7.1973E+00, 2.6294E+00, 7.8296E+00, 1.5100E+00, 7.9993E+00
"c                                                                                                                     "
   2179.350, -69820.640, 3.4045E+00, 7.5049E+00, 4.1956E+00, 6.9873E+00, 2.4902E+00, 7.7100E+00, 1.4124E+00, 7.9114E+00
"d                                                                                                                     "
   2179.860, -69820.130, 3.4082E+00, 7.5073E+00, 4.2090E+00, 6.9995E+00, 2.5061E+00, 7.7185E+00, 1.4075E+00, 7.9016E+00
"c                                                                                                                     "
   2180.430, -69819.560, 3.4119E+00, 7.5098E+00, 4.2273E+00, 7.0166E+00, 2.4951E+00, 7.7063E+00, 1.3379E+00, 7.8564E+00
"f2                                                                                                                    "
   2183.220, -69816.770, 3.4412E+00, 7.5171E+00, 4.5654E+00, 7.3523E+00, 2.5745E+00, 7.7783E+00, 1.3342E+00, 7.8394E+00
"b                                                                                                                     "
   2207.370, -69792.620, 3.0261E+00, 7.1082E+00, 4.5874E+00, 7.3694E+00, 2.6245E+00, 7.8284E+00, 1.5295E+00, 8.0273E+00
"c                                                                                                                     "
   2208.570, -69791.420, 2.9541E+00, 7.0447E+00, 4.5190E+00, 7.3254E+00, 2.6453E+00, 7.8503E+00, 1.4490E+00, 7.9553E+00
"d                                                                                                                     "
   2213.880, -69786.110,-5.7251E-01, 3.5791E+00, 4.3445E+00, 7.1375E+00, 2.7173E+00, 7.9333E+00, 1.4331E+00, 7.9419E+00
"b                                                                                                                     "
   2216.400, -69783.590,-5.7129E-01, 3.5706E+00, 4.2981E+00, 7.0850E+00, 2.7637E+00, 7.9651E+00, 1.5247E+00, 8.0151E+00
"c                                                                                                                     "
   2218.530, -69781.460,-5.7007E-01, 3.5730E+00, 4.3530E+00, 7.1362E+00, 2.7954E+00, 7.9968E+00, 1.4160E+00, 7.9150E+00
"f2                                                                                                                    "
   2222.100, -69777.890,-5.6152E-01, 3.5889E+00, 4.8413E+00, 7.6343E+00, 2.5769E+00, 7.7881E+00, 1.4832E+00, 7.9956E+00
"c                                                                                                                     "
   2224.740, -69775.250,-5.7007E-01, 3.5718E+00, 4.2041E+00, 6.9934E+00, 2.6306E+00, 7.8369E+00, 1.5137E+00, 8.0200E+00
"d                                                                                                                     "
   2227.770, -69772.220,-5.6885E-01, 3.5730E+00, 4.2908E+00, 7.0740E+00, 2.6770E+00, 7.8796E+00, 1.3745E+00, 7.8760E+00
"b                                                                                                                     "
   2229.270, -69770.720,-5.8472E-01, 3.5730E+00, 4.3188E+00, 7.1082E+00, 2.6868E+00, 7.8992E+00, 1.4673E+00, 8.0005E+00
"c                                                                                                                     "
   2235.180, -69764.810,-5.8105E-01, 3.5693E+00, 4.4775E+00, 7.2717E+00, 2.6038E+00, 7.8137E+00, 1.4355E+00, 7.9395E+00
"d                                                                                                                     "
   2485.560, -69514.430, 2.1851E+00, 6.2878E+00, 4.0723E+00, 6.8665E+00, 2.6965E+00, 7.9077E+00, 1.3806E+00, 7.8906E+00
"B                                                                                                                     "
   2489.190, -69510.800, 2.0264E+00, 6.1304E+00, 3.9600E+00, 6.7529E+00, 2.7576E+00, 7.9700E+00, 1.5100E+00, 8.0054E+00
"D                                                                                                                     "
   2492.190, -69507.800, 2.1460E+00, 6.2378E+00, 4.0979E+00, 6.8848E+00, 2.7844E+00, 7.9956E+00, 1.4441E+00, 7.9504E+00
"F2                                                                                                                    "
   2493.120, -69506.870, 2.1643E+00, 6.2671E+00, 4.1394E+00, 6.9287E+00, 2.8113E+00, 8.0164E+00, 1.4612E+00, 7.9565E+00
"B                                                                                                                     "
   2494.950, -69505.040, 2.1814E+00, 6.2817E+00, 4.6497E+00, 7.3730E+00, 2.5867E+00, 7.8027E+00, 1.4954E+00, 7.9919E+00
"D                                                                                                                     "
   2985.510, -69014.480, 2.5110E+00, 6.6089E+00, 3.9404E+00, 6.7346E+00, 2.6880E+00, 7.8967E+00, 1.4404E+00, 7.9370E+00
"C                                                                                                                     "
   2986.920, -69013.070, 2.6831E+00, 6.7786E+00, 3.9734E+00, 6.7651E+00, 2.7087E+00, 7.9199E+00, 1.3623E+00, 7.8662E+00
"D                                                                                                                     "
   2996.460, -69003.530, 2.5818E+00, 6.6528E+00, 3.9636E+00, 6.7578E+00, 2.5842E+00, 7.7905E+00, 1.3452E+00, 7.8674E+00
"F2                                                                                                                    "
   2998.170, -69001.820, 2.5562E+00, 6.6528E+00, 4.1309E+00, 6.9165E+00, 2.6343E+00, 7.8369E+00, 1.4124E+00, 7.9102E+00
"B                                                                                                                     "
   2999.130, -69000.860, 2.5647E+00, 6.6553E+00, 4.0967E+00, 6.8909E+00, 2.6538E+00, 7.8589E+00, 1.4026E+00, 7.8711E+00
"C                                                                                                                     "
   3000.210, -68999.780, 2.5476E+00, 6.6357E+00, 4.1687E+00, 6.9604E+00, 2.6697E+00, 7.8796E+00, 1.3623E+00, 7.8674E+00
"D                                                                                                                     "
   3377.250, -68622.740, 1.8188E+00, 5.9424E+00,-2.0386E-01, 2.6599E+00, 3.3081E+00, 8.5120E+00, 1.3062E+00, 7.8333E+00
"C                                                                                                                     "
   3378.690, -68621.300, 2.0630E+00, 6.1401E+00,-2.0752E-01, 2.6587E+00, 3.3179E+00, 8.5181E+00, 1.3855E+00, 7.8918E+00
"D                                                                                                                     "
   3503.700, -68496.290, 2.3083E+00, 6.3818E+00,-2.3560E-01, 2.6282E+00, 2.5293E+00, 7.8113E+00, 1.3354E+00, 7.8247E+00
"C                                                                                                                     "
   3506.310, -68493.680, 2.3315E+00, 6.4294E+00,-2.4048E-01, 2.6270E+00, 2.0752E+00, 7.3047E+00, 1.3562E+00, 7.8613E+00
"D                                                                                                                     "
   3543.360, -68456.630, 2.0520E+00, 6.1584E+00,-2.4170E-01, 2.6233E+00, 2.3083E+00, 7.5159E+00, 1.2500E+00, 7.7722E+00
"F2                                                                                                                    "
   3545.190, -68454.800, 2.1704E+00, 6.2598E+00,-2.4414E-01, 2.6233E+00, 2.4097E+00, 7.6184E+00, 1.2659E+00, 7.7759E+00
"B                                                                                                                     "
   3546.360, -68453.630, 2.0679E+00, 6.1926E+00,-2.4780E-01, 2.6221E+00, 2.4536E+00, 7.6733E+00, 1.3562E+00, 7.8357E+00
"C                                                                                                                     "
   3547.980, -68452.010, 2.0752E+00, 6.1780E+00,-2.4414E-01, 2.6221E+00, 2.4695E+00, 7.6770E+00, 1.2634E+00, 7.7649E+00
"D                                                                                                                     "
   3614.670, -68385.320, 1.6443E+00, 5.7690E+00,-2.5269E-01, 2.6147E+00, 2.4048E+00, 7.6135E+00, 1.2463E+00, 7.7820E+00
"C                                                                                                                     "
   3616.110, -68383.880, 2.0361E+00, 6.1694E+00,-2.5024E-01, 2.6172E+00, 2.4109E+00, 7.6184E+00, 1.2708E+00, 7.7893E+00
"D                                                                                                                     "
   3770.760, -68229.230, 3.7561E+00, 7.6550E+00,-2.5879E-01, 2.6099E+00, 2.4744E+00, 7.6807E+00, 1.3184E+00, 7.8186E+00
"C                                                                                                                     "
   3772.950, -68227.040, 4.2188E+00, 7.5220E+00,-2.5635E-01, 2.6099E+00, 2.4841E+00, 7.6855E+00, 1.2427E+00, 7.7600E+00
"D                                                                                                                     "
   3895.740, -68104.250,-5.7983E-01, 3.5669E+00,-2.9297E-01, 2.5745E+00, 3.0981E+00, 8.3008E+00, 1.3000E+00, 7.7954E+00
"C                                                                                                                     "
   3897.420, -68102.570,-5.6152E-01, 3.5669E+00,-2.9297E-01, 2.5732E+00, 3.1055E+00, 8.3032E+00, 1.2659E+00, 7.7722E+00
"D                                                                                                                     "
   4062.690, -67937.300, 2.2375E+00, 6.3379E+00,-2.9297E-01, 2.5745E+00, 3.3289E+00, 8.5364E+00, 1.2952E+00, 7.8003E+00
"F2                                                                                                                    "
   4064.730, -67935.260, 2.3535E+00, 6.4392E+00,-2.9175E-01, 2.5745E+00, 3.3362E+00, 8.5364E+00, 1.3184E+00, 7.8064E+00
"C                                                                                                                     "
   4067.760, -67932.230, 2.3767E+00, 6.4771E+00,-2.9419E-01, 2.5745E+00, 3.3423E+00, 8.5425E+00, 1.1487E+00, 7.6807E+00
"D                                                                                                                     "
   4269.600, -67730.390, 2.3230E+00, 6.4856E+00,-2.9541E-01, 2.5732E+00, 3.2263E+00, 8.4338E+00, 1.2317E+00, 7.6904E+00
"C                                                                                                                     "
   4271.700, -67728.290, 2.2839E+00, 6.4050E+00,-2.9541E-01, 2.5732E+00, 3.2385E+00, 8.4460E+00, 1.1816E+00, 7.6892E+00
"D                                                                                                                     "
   4329.210, -67670.780, 4.8364E+00, 9.0198E+00,-2.9663E-01, 2.5745E+00, 3.0566E+00, 8.2654E+00, 1.2146E+00, 7.7173E+00
"C                                                                                                                     "
   4331.370, -67668.620, 3.3252E+00, 7.3157E+00,-2.9419E-01, 2.5745E+00, 3.0627E+00, 8.2739E+00, 1.1877E+00, 7.6880E+00
"D                                                                                                                     "
   4469.610, -67530.380, 2.7625E+00, 6.9385E+00,-2.9663E-01, 2.5732E+00, 2.4316E+00, 7.6489E+00, 1.0925E+00, 7.6147E+00
"F2                                                                                                                    "
   4470.360, -67529.630, 2.7966E+00, 6.8872E+00,-2.9419E-01, 2.5732E+00, 2.4951E+00, 7.7002E+00, 1.0986E+00, 7.6086E+00
"B                                                                                                                     "
   4471.830, -67528.160, 2.8271E+00, 6.9006E+00,-2.9297E-01, 2.5732E+00, 2.5378E+00, 7.7417E+00, 1.1584E+00, 7.6685E+00
"C                                                                                                                     "
   4473.240, -67526.750, 3.3972E+00, 7.4829E+00,-2.9297E-01, 2.5732E+00, 2.5500E+00, 7.7576E+00, 1.1963E+00, 7.7173E+00
"D                                                                                                                     "
   4581.780, -67418.210, 2.8992E+00, 7.0386E+00,-2.9419E-01, 2.5745E+00, 3.1885E+00, 8.4009E+00, 1.2292E+00, 7.7344E+00
"C                                                                                                                     "
   4582.920, -67417.070, 3.4546E+00, 7.5403E+00,-2.9297E-01, 2.5745E+00, 3.2031E+00, 8.4058E+00, 1.2061E+00, 7.7161E+00
"D                                                                                                                     "
   4724.350, -67275.640, 3.5962E+00, 7.6685E+00,-2.9053E-01, 2.5757E+00, 3.1592E+00, 8.3582E+00, 1.0925E+00, 7.6196E+00
"F1                                                                                                                    "
   4727.190, -67272.800, 3.2849E+00, 7.3438E+00,-2.9053E-01, 2.5745E+00, 3.1628E+00, 8.3630E+00, 9.9487E-01, 7.5220E+00
"F2                                                                                                                    "
   4728.910, -67271.080, 3.3142E+00, 7.3840E+00,-2.9053E-01, 2.5745E+00, 3.1653E+00, 8.3667E+00, 1.0181E+00, 7.5195E+00
"F3                                                                                                                    "
   4732.470, -67267.520, 3.5156E+00, 7.5952E+00,-2.9419E-01, 2.5757E+00, 3.1555E+00, 8.3667E+00, 1.0535E+00, 7.5708E+00
"F4                                                                                                                    "
   4739.110, -67260.880, 3.5767E+00, 7.6685E+00,-2.9175E-01, 2.5745E+00, 3.1592E+00, 8.3691E+00, 1.1719E+00, 7.6355E+00
"B                                                                                                                     "
   4746.890, -67253.100, 3.4875E+00, 7.5940E+00,-2.9175E-01, 2.5745E+00, 3.1763E+00, 8.3740E+00, 1.0925E+00, 7.5854E+00
"D                                                                                                                     "
   4754.850, -67245.140, 3.3459E+00, 7.4915E+00,-2.9175E-01, 2.5745E+00, 3.1702E+00, 8.3728E+00, 1.1316E+00, 7.6294E+00
"C                                                                                                                     "
   4755.470, -67244.520, 3.5876E+00, 7.6843E+00,-2.9663E-01, 2.5757E+00, 3.1592E+00, 8.3728E+00, 1.1304E+00, 7.6428E+00
"D                                                                                                                     "
   4760.830, -67239.160, 3.5046E+00, 7.5867E+00,-2.8687E-01, 2.5745E+00, 3.1714E+00, 8.3716E+00, 1.0852E+00, 7.5879E+00
"P                                                                                                                     "
   4762.030, -67237.960, 3.1689E+00, 7.2742E+00,-2.9297E-01, 2.5757E+00, 3.1604E+00, 8.3740E+00, 2.8198E-01, 7.1680E+00
"Z                                                                                                                     "
   5129.830, -66870.160, 3.0969E+00, 7.2375E+00,-2.9663E-01, 2.5745E+00, 3.2312E+00, 8.4473E+00, 8.7158E-01, 7.2644E+00
"P                                                                                                                     "
   5150.750, -66849.240, 3.5840E+00, 7.6978E+00,-2.9541E-01, 2.5745E+00, 3.2642E+00, 8.4717E+00, 4.2603E-01, 6.9397E+00
"B2                                                                                                                    "
   5154.050, -66845.940, 3.2629E+00, 7.4609E+00,-2.9419E-01, 2.5732E+00, 3.2800E+00, 8.4741E+00, 4.4312E-01, 6.9482E+00
"P                                                                                                                     "
   5166.950, -66833.040, 3.5559E+00, 7.6550E+00,-2.9663E-01, 2.5745E+00, 3.2605E+00, 8.4753E+00, 4.5166E-01, 6.9714E+00
"B2                                                                                                                    "
   5172.370, -66827.620, 3.6316E+00, 7.6990E+00,-2.9053E-01, 2.5745E+00, 2.5623E+00, 7.7625E+00, 4.8950E-01, 6.9946E+00
"P                                                                                                                     "
   5173.970, -66826.020, 3.7646E+00, 7.7966E+00,-2.9175E-01, 2.5745E+00, 2.5830E+00, 7.7856E+00, 4.8340E-01, 6.9849E+00
"D                                                                                                                     "
   5185.590, -66814.400, 3.2300E+00, 7.4304E+00,-2.9785E-01, 2.5732E+00, 2.7869E+00, 7.9968E+00, 6.0181E-01, 7.1143E+00
"F2                                                                                                                    "
   5190.410, -66809.580, 3.6169E+00, 7.7075E+00,-2.9297E-01, 2.5745E+00, 2.8833E+00, 8.0933E+00, 6.9214E-01, 7.1997E+00
"B                                                                                                                     "
   5192.110, -66807.880, 3.7073E+00, 7.7698E+00,-2.9419E-01, 2.5745E+00, 2.9150E+00, 8.1226E+00, 6.9946E-01, 7.2021E+00
"C                                                                                                                     "
   5193.130, -66806.860, 3.7500E+00, 7.8210E+00,-2.9053E-01, 2.5745E+00, 2.9370E+00, 8.1409E+00, 6.7261E-01, 7.1924E+00
"D                                                                                                                     "
   5206.710, -66793.280, 3.4180E+00, 7.5366E+00,-2.9297E-01, 2.5745E+00, 2.5159E+00, 7.7185E+00, 6.5186E-01, 7.1570E+00
"F2                                                                                                                    "
   5209.330, -66790.660, 3.7158E+00, 7.7759E+00,-2.9175E-01, 2.5745E+00, 2.5195E+00, 7.7185E+00, 6.5552E-01, 7.1814E+00
"B                                                                                                                     "
   5210.310, -66789.680, 3.6951E+00, 7.7661E+00,-2.9419E-01, 2.5745E+00, 2.6086E+00, 7.7661E+00, 7.1533E-01, 7.2412E+00
"D                                                                                                                     "
   5213.090, -66786.900, 3.4912E+00, 7.6013E+00,-2.9175E-01, 2.5745E+00, 2.9053E+00, 8.1262E+00, 6.8726E-01, 7.1997E+00
"C                                                                                                                     "
   5213.570, -66786.420, 3.7000E+00, 7.7673E+00,-2.9297E-01, 2.5745E+00, 2.5952E+00, 7.8040E+00, 6.8481E-01, 7.1985E+00
"B                                                                                                                     "
   5216.390, -66783.600, 3.3752E+00, 7.4133E+00,-2.9419E-01, 2.5745E+00, 2.6001E+00, 7.8064E+00, 7.1777E-01, 7.2205E+00
"D                                                                                                                     "
   5222.350, -66777.640, 3.6621E+00, 7.7380E+00,-2.9297E-01, 2.5745E+00, 2.5842E+00, 7.7881E+00, 7.2632E-01, 7.2327E+00
"B                                                                                                                     "
   5223.590, -66776.400, 3.6035E+00, 7.7002E+00,-2.9541E-01, 2.5745E+00, 3.1213E+00, 8.3105E+00, 7.0679E-01, 7.2107E+00
"C                                                                                                                     "
   5225.970, -66774.020, 3.6768E+00, 7.7686E+00,-2.9663E-01, 2.5745E+00, 2.1716E+00, 7.3450E+00, 7.8247E-01, 7.2351E+00
"D                                                                                                                     "
   5226.610, -66773.380, 3.5669E+00, 7.6660E+00,-2.9541E-01, 2.5745E+00,-1.7456E-01, 5.0671E+00, 6.3477E-01, 7.1497E+00
"B                                                                                                                     "
   5228.850, -66771.140, 3.5693E+00, 7.6550E+00,-2.9785E-01, 2.5745E+00,-1.5747E-01, 5.0757E+00, 7.0190E-01, 7.1875E+00
"C                                                                                                                     "
   5230.330, -66769.660, 3.4692E+00, 7.5818E+00,-2.9663E-01, 2.5745E+00,-1.5015E-01, 5.0806E+00, 7.2144E-01, 7.2229E+00
"D                                                                                                                     "
   5302.030, -66697.960, 3.6499E+00, 7.7356E+00,-2.9419E-01, 2.5745E+00, 2.5842E+00, 7.8003E+00, 7.4341E-01, 7.2644E+00
"P                                                                                                                     "
   5304.830, -66695.160, 3.5071E+00, 7.6074E+00,-2.9175E-01, 2.5745E+00, 2.6477E+00, 7.8479E+00,-3.1738E-02, 6.6138E+00
"Z                                                                                                                     "
   5396.170, -66603.820, 3.5852E+00, 7.6758E+00,-2.9175E-01, 2.5757E+00, 2.3633E+00, 7.5769E+00, 5.8105E-01, 7.0837E+00
"G                                                                                                                     "
   5642.170, -66357.820, 3.7219E+00, 7.7319E+00,-2.8809E-01, 2.5745E+00, 2.6550E+00, 7.8552E+00, 3.3325E-01, 6.9348E+00
"P                                                                                                                     "
   5672.550, -66327.440, 3.6389E+00, 7.7319E+00,-2.9297E-01, 2.5732E+00, 2.8369E+00, 8.0457E+00, 3.2959E-01, 6.8420E+00
"G                                                                                                                     "
   5675.310, -66324.680, 3.4058E+00, 7.5586E+00,-2.9541E-01, 2.5732E+00, 2.8589E+00, 8.0701E+00, 3.4058E-01, 6.8506E+00
"P                                                                                                                     "
   5688.250, -66311.740, 3.6401E+00, 7.7417E+00,-2.9297E-01, 2.5745E+00, 2.6196E+00, 7.8369E+00, 3.8086E-01, 6.9019E+00
"Z                                                                                                                     "
   5802.890, -66197.100, 3.6719E+00, 7.7356E+00,-2.9175E-01, 2.5732E+00, 2.6099E+00, 7.8101E+00, 8.0322E-01, 7.2644E+00
"P                                                                                                                     "
   5813.270, -66186.720, 3.6182E+00, 7.5879E+00,-2.9419E-01, 2.5745E+00, 2.5244E+00, 7.7368E+00, 4.6387E-01, 6.9702E+00
"C                                                                                                                     "
   5816.630, -66183.360, 3.5120E+00, 7.5073E+00,-2.8931E-01, 2.5745E+00, 2.6184E+00, 7.8223E+00, 4.2358E-01, 6.9324E+00
"D                                                                                                                     "
   5820.510, -66179.480, 3.5962E+00, 7.6892E+00,-2.9419E-01, 2.5745E+00, 2.6917E+00, 7.9065E+00, 4.8828E-01, 6.9983E+00
"B                                                                                                                     "
   5822.630, -66177.360, 3.3826E+00, 7.5085E+00,-2.9541E-01, 2.5745E+00, 2.6758E+00, 7.9126E+00, 5.2124E-01, 7.0251E+00
"C                                                                                                                     "
   5824.650, -66175.340, 3.3679E+00, 7.4475E+00,-2.9175E-01, 2.5745E+00, 2.7844E+00, 7.9846E+00, 4.9561E-01, 7.0044E+00
"D                                                                                                                     "
   5825.410, -66174.580, 3.2019E+00, 7.2852E+00,-2.9053E-01, 2.5745E+00, 2.8003E+00, 8.0005E+00, 5.1636E-01, 7.0215E+00
"D                                                                                                                     "
   5827.510, -66172.480, 3.2886E+00, 7.3889E+00,-2.9541E-01, 2.5745E+00, 3.2690E+00, 8.5303E+00, 5.0659E-01, 7.0166E+00
"B                                                                                                                     "
   5829.710, -66170.280, 3.3105E+00, 7.3987E+00,-2.8687E-01, 2.5745E+00, 2.2839E+00, 7.4866E+00, 5.4443E-01, 7.0508E+00
"D                                                                                                                     "
   5842.890, -66157.100, 3.4839E+00, 7.5903E+00,-2.9419E-01, 2.5757E+00, 2.7612E+00, 7.9712E+00, 6.1157E-01, 7.1191E+00
"B                                                                                                                     "
   5848.610, -66151.380, 3.3228E+00, 7.4097E+00,-2.9419E-01, 2.5732E+00, 2.8333E+00, 8.0432E+00, 6.2012E-01, 7.1313E+00
"C                                                                                                                     "
   5849.190, -66150.800, 3.5791E+00, 7.6648E+00,-2.9541E-01, 2.5745E+00, 2.8369E+00, 8.0518E+00, 6.0791E-01, 7.1216E+00
"D                                                                                                                     "
   5873.320, -66126.670, 3.3862E+00, 7.4817E+00,-2.9297E-01, 2.5745E+00, 3.0249E+00, 8.2324E+00, 7.6660E-01, 7.2876E+00
"B                                                                                                                     "
   5880.460, -66119.530, 3.6365E+00, 7.6990E+00,-2.9419E-01, 2.5745E+00, 3.0334E+00, 8.2446E+00, 6.6284E-01, 7.1680E+00
"C                                                                                                                     "
   5881.390, -66118.600, 3.6328E+00, 7.7258E+00,-2.9175E-01, 2.5745E+00, 3.0518E+00, 8.2532E+00, 6.2500E-01, 7.1301E+00
"D                                                                                                                     "
   5883.340, -66116.650, 3.5803E+00, 7.6514E+00,-2.9785E-01, 2.5745E+00, 3.0481E+00, 8.2581E+00, 6.5552E-01, 7.1606E+00
"B                                                                                                                     "
   5888.800, -66111.190, 3.5986E+00, 7.6794E+00,-2.9419E-01, 2.5745E+00, 3.0603E+00, 8.2678E+00, 9.4482E-01, 7.4231E+00
"C                                                                                                                     "
   5889.490, -66110.500, 3.3362E+00, 7.3865E+00,-2.9053E-01, 2.5745E+00, 3.0652E+00, 8.2678E+00, 6.6895E-01, 7.1704E+00
"F1                                                                                                                    "
   5890.090, -66109.900, 3.5864E+00, 7.6746E+00,-2.9541E-01, 2.5745E+00, 3.0579E+00, 8.2703E+00, 6.2378E-01, 7.1362E+00
"F2                                                                                                                    "
   5892.790, -66107.200, 3.5693E+00, 7.6746E+00,-2.9663E-01, 2.5745E+00, 2.5024E+00, 7.7197E+00, 6.9336E-01, 7.1973E+00
"B                                                                                                                     "
   5899.120, -66100.870, 3.3569E+00, 7.4341E+00,-2.9419E-01, 2.5757E+00, 2.4976E+00, 7.7014E+00, 6.7993E-01, 7.1814E+00
"D                                                                                                                     "
   5901.010, -66098.980, 3.3386E+00, 7.4255E+00,-2.9663E-01, 2.5732E+00, 2.5232E+00, 7.7356E+00, 6.4575E-01, 7.1497E+00
"B                                                                                                                     "
   5903.830, -66096.160, 3.1995E+00, 7.2839E+00,-2.9663E-01, 2.5745E+00, 2.2571E+00, 7.4634E+00, 6.4209E-01, 7.1497E+00
"C                                                                                                                     "
   5905.090, -66094.900, 3.6682E+00, 7.7356E+00,-2.9053E-01, 2.5745E+00, 2.3962E+00, 7.6001E+00, 6.4575E-01, 7.1497E+00
"D                                                                                                                     "
   5918.200, -66081.790, 3.6877E+00, 7.7600E+00,-2.8809E-01, 2.5745E+00, 2.7637E+00, 7.9675E+00, 6.7871E-01, 7.1863E+00
"B                                                                                                                     "
   5920.060, -66079.930, 3.4033E+00, 7.4768E+00,-2.9053E-01, 2.5745E+00, 2.7844E+00, 7.9871E+00, 7.4463E-01, 7.2498E+00
"C                                                                                                                     "
   5925.460, -66074.530, 3.5571E+00, 7.6440E+00,-2.9175E-01, 2.5745E+00, 2.8516E+00, 8.0579E+00, 7.0190E-01, 7.2083E+00
"D                                                                                                                     "
   5927.170, -66072.820, 3.2556E+00, 7.4097E+00,-2.9419E-01, 2.5745E+00, 2.8650E+00, 8.0774E+00, 7.2266E-01, 7.2180E+00
"C                                                                                                                     "
   5928.940, -66071.050, 3.6658E+00, 7.7478E+00,-2.8931E-01, 2.5757E+00, 2.8931E+00, 8.0920E+00, 7.4463E-01, 7.2461E+00
"D                                                                                                                     "
   5948.380, -66051.610, 3.4961E+00, 7.5720E+00,-2.9297E-01, 2.5745E+00, 3.0212E+00, 8.2300E+00, 7.5806E-01, 7.2632E+00
"B                                                                                                                     "
   5949.670, -66050.320, 3.2019E+00, 7.3083E+00,-2.9175E-01, 2.5757E+00, 3.0249E+00, 8.2324E+00, 6.7871E-01, 7.1887E+00
"F2                                                                                                                    "
   5953.240, -66046.750, 3.3643E+00, 7.4463E+00,-2.9175E-01, 2.5757E+00, 3.0457E+00, 8.2458E+00, 7.7393E-01, 7.2803E+00
"B                                                                                                                     "
   5954.230, -66045.760, 3.5132E+00, 7.5903E+00,-2.9419E-01, 2.5757E+00, 3.0432E+00, 8.2495E+00, 7.7148E-01, 7.2803E+00
"D                                                                                                                     "
   5958.700, -66041.290, 3.3972E+00, 7.5037E+00,-2.9175E-01, 2.5757E+00, 3.0554E+00, 8.2629E+00, 7.4219E-01, 7.2498E+00
"B                                                                                                                     "
   5965.030, -66034.960, 3.3496E+00, 7.4268E+00,-2.9053E-01, 2.5757E+00, 3.0701E+00, 8.2751E+00, 7.7148E-01, 7.2815E+00
"P                                                                                                                     "
   5976.550, -66023.440, 3.5498E+00, 7.6221E+00,-2.9297E-01, 2.5757E+00, 3.0908E+00, 8.2910E+00,-8.5449E-02, 6.4807E+00
"Z                                                                                                                     "
   6008.830, -65991.160, 3.6389E+00, 7.7283E+00,-2.9541E-01, 2.5757E+00, 2.8101E+00, 8.0237E+00,-2.3193E-02, 6.4954E+00
"P                                                                                                                     "
   6019.810, -65980.180, 3.1238E+00, 7.2168E+00,-2.8931E-01, 2.5757E+00, 2.8931E+00, 8.0969E+00, 6.5063E-01, 7.0935E+00
"C                                                                                                                     "
   6023.260, -65976.730, 3.1995E+00, 7.3157E+00,-2.9419E-01, 2.5745E+00, 2.8979E+00, 8.1140E+00, 5.3223E-01, 7.0483E+00
"D                                                                                                                     "
   6024.550, -65975.440, 3.1714E+00, 7.2473E+00,-2.9419E-01, 2.5757E+00, 2.9089E+00, 8.1226E+00, 4.7974E-01, 6.9934E+00
"C                                                                                                                     "
   6026.020, -65973.970, 3.2007E+00, 7.2986E+00,-2.9419E-01, 2.5757E+00, 2.9224E+00, 8.1311E+00, 4.8340E-01, 6.9946E+00
"D                                                                                                                     "
   6031.510, -65968.480, 3.4741E+00, 7.5659E+00,-2.9541E-01, 2.5757E+00, 2.9431E+00, 8.1543E+00, 4.9194E-01, 7.0032E+00
"B                                                                                                                     "
   6041.890, -65958.100, 3.3008E+00, 7.3474E+00,-2.9297E-01, 2.5757E+00, 2.9639E+00, 8.1763E+00, 5.5542E-01, 7.0691E+00
"D                                                                                                                     "
   6065.890, -65934.100, 3.3252E+00, 7.4329E+00,-2.8931E-01, 2.5757E+00, 3.0005E+00, 8.2080E+00, 6.4087E-01, 7.1606E+00
"F2                                                                                                                    "
   6067.300, -65932.690, 3.2373E+00, 7.3230E+00,-2.9541E-01, 2.5757E+00, 2.9993E+00, 8.2092E+00, 6.1157E-01, 7.1240E+00
"B                                                                                                                     "
   6082.480, -65917.510, 3.1140E+00, 7.2473E+00,-2.9175E-01, 2.5757E+00, 2.4426E+00, 7.6489E+00, 6.8237E-01, 7.1899E+00
"P                                                                                                                     "
   6111.040, -65888.950, 3.3765E+00, 7.4658E+00,-2.9541E-01, 2.5757E+00, 2.6379E+00, 7.8503E+00, 6.1157E-01, 7.1252E+00
"B2                                                                                                                    "
   6113.530, -65886.460, 3.3228E+00, 7.3987E+00,-2.8931E-01, 2.5757E+00, 2.6941E+00, 7.8967E+00, 6.2256E-01, 7.1252E+00
"B                                                                                                                     "
   6136.960, -65863.030, 3.5510E+00, 7.6526E+00,-2.9175E-01, 2.5757E+00, 2.9309E+00, 8.1311E+00, 6.5796E-01, 7.1680E+00
"C                                                                                                                     "
   6137.680, -65862.310, 3.1042E+00, 7.2388E+00,-2.9053E-01, 2.5757E+00, 2.9309E+00, 8.1360E+00, 6.9702E-01, 7.2009E+00
"B                                                                                                                     "
   6141.580, -65858.410, 3.5730E+00, 7.6599E+00,-2.9297E-01, 2.5757E+00, 2.6404E+00, 7.8577E+00, 7.0313E-01, 7.2156E+00
"C                                                                                                                     "
   6146.260, -65853.730, 3.3691E+00, 7.4365E+00,-2.9175E-01, 2.5757E+00, 2.5623E+00, 7.7637E+00, 7.0435E-01, 7.2131E+00
"D                                                                                                                     "
   6153.580, -65846.410, 3.7134E+00, 7.7979E+00,-2.9419E-01, 2.5757E+00, 2.7637E+00, 7.9761E+00, 6.5186E-01, 7.1704E+00
"F2                                                                                                                    "
   6155.800, -65844.190, 3.7000E+00, 7.7771E+00,-2.9297E-01, 2.5769E+00, 2.7820E+00, 7.9907E+00, 6.8481E-01, 7.1863E+00
"B                                                                                                                     "
   6175.900, -65824.090, 3.3447E+00, 7.4194E+00,-2.9053E-01, 2.5757E+00,-4.5532E-01, 4.7803E+00, 7.1411E-01, 7.2205E+00
"D                                                                                                                     "
   6177.610, -65822.380, 3.3337E+00, 7.4255E+00,-2.9297E-01, 2.5757E+00,-4.5044E-01, 4.7839E+00, 7.3486E-01, 7.2388E+00
"C                                                                                                                     "
   6179.800, -65820.190, 3.3496E+00, 7.4377E+00,-2.9175E-01, 2.5757E+00,-4.5288E-01, 4.7827E+00, 7.4097E-01, 7.2461E+00
"D                                                                                                                     "
   6184.000, -65815.990, 3.6389E+00, 7.7222E+00,-2.9541E-01, 2.5757E+00,-4.7485E-01, 4.7595E+00, 7.0801E-01, 7.2156E+00
"F2                                                                                                                    "
   6186.280, -65813.710, 3.3582E+00, 7.4438E+00,-2.8931E-01, 2.5757E+00,-4.6997E-01, 4.7595E+00, 7.6538E-01, 7.2729E+00
"B                                                                                                                     "
   6191.500, -65808.490, 3.5388E+00, 7.6563E+00,-2.9175E-01, 2.5757E+00,-4.7241E-01, 4.7595E+00, 7.6904E-01, 7.2778E+00
"C                                                                                                                     "
   6192.100, -65807.890, 3.6011E+00, 7.6709E+00,-2.8809E-01, 2.5757E+00,-4.7607E-01, 4.7583E+00, 7.6172E-01, 7.2656E+00
"D                                                                                                                     "
   6195.730, -65804.260, 3.3215E+00, 7.4023E+00,-2.9053E-01, 2.5757E+00,-4.7607E-01, 4.7595E+00, 7.4585E-01, 7.2595E+00
"B                                                                                                                     "
   6202.840, -65797.150, 3.3630E+00, 7.4500E+00,-2.9541E-01, 2.5757E+00,-4.7729E-01, 4.7595E+00, 7.8491E-01, 7.2913E+00
"C                                                                                                                     "
   6205.300, -65794.690, 3.3691E+00, 7.4573E+00,-2.9419E-01, 2.5757E+00,-4.7729E-01, 4.7583E+00, 7.7881E-01, 7.2876E+00
"D                                                                                                                     "
   6212.830, -65787.160, 3.5803E+00, 7.6807E+00,-2.9053E-01, 2.5757E+00,-4.7485E-01, 4.7656E+00, 7.5928E-01, 7.2681E+00
"B                                                                                                                     "
   6218.500, -65781.490, 3.3691E+00, 7.4487E+00,-2.9175E-01, 2.5757E+00,-4.7119E-01, 4.7656E+00, 7.8003E-01, 7.2925E+00
"D                                                                                                                     "
   6220.300, -65779.690, 3.5107E+00, 7.6050E+00,-2.9053E-01, 2.5757E+00,-4.6875E-01, 4.7644E+00, 7.8247E-01, 7.2827E+00
"C                                                                                                                     "
   6226.030, -65773.960, 3.3533E+00, 7.4292E+00,-2.8931E-01, 2.5757E+00,-4.6387E-01, 4.7656E+00, 7.5562E-01, 7.2620E+00
"P                                                                                                                     "
   6227.530, -65772.460, 3.6072E+00, 7.6965E+00,-2.8931E-01, 2.5757E+00,-4.6997E-01, 4.7656E+00, 5.1270E-01, 7.1777E+00
"Z                                                                                                                     "
   6251.230, -65748.760, 3.6438E+00, 7.7283E+00,-2.9297E-01, 2.5757E+00,-4.7729E-01, 4.7571E+00, 1.4893E-01, 6.5540E+00
"G                                                                                                                     "
   6278.440, -65721.550, 3.5803E+00, 7.6709E+00,-2.9663E-01, 2.5757E+00,-4.6143E-01, 4.7681E+00,-5.8594E-02, 6.4795E+00
"Z                                                                                                                     "
  33536.560, -38463.430, 3.1433E+00, 7.2241E+00,-1.1841E-01, 2.7417E+00,-4.6875E-01, 4.7668E+00, 4.8340E-01, 6.9714E+00
"P                                                                                                                     "
  33556.750, -38443.240, 3.0334E+00, 7.1533E+00, 2.2888E+00, 5.1025E+00,-4.6143E-01, 4.7754E+00, 4.5166E-02, 6.5613E+00
"B2                                                                                                                    "
  33561.400, -38438.590, 3.0786E+00, 7.1814E+00, 1.9690E+00, 4.7913E+00,-4.1016E-01, 4.8279E+00, 7.9346E-02, 6.5942E+00
"P                                                                                                                     "
  33588.820, -38411.170, 3.0652E+00, 7.1521E+00,-1.2573E-01, 2.7368E+00,-4.0039E-01, 4.8328E+00, 1.0132E-01, 6.6162E+00
"B2                                                                                                                    "
  33593.110, -38406.880, 3.0688E+00, 7.1545E+00,-1.2573E-01, 2.7344E+00,-4.7974E-01, 4.7498E+00, 1.0498E-01, 6.6150E+00
"P                                                                                                                     "
  33606.040, -38393.950, 3.0701E+00, 7.1606E+00,-1.3428E-01, 2.7283E+00, 6.4453E-01, 5.8228E+00,-1.1841E-01, 6.4172E+00
"Z                                                                                                                     "
  33625.270, -38374.720, 3.1458E+00, 7.2131E+00,-1.0620E-01, 2.7625E+00,-3.5767E-01, 4.8804E+00, 4.7974E-01, 6.7871E+00
"P                                                                                                                     "
  33644.020, -38355.970, 3.1213E+00, 7.2058E+00, 2.2876E+00, 5.1001E+00,-6.0669E-01, 4.6948E+00, 8.6670E-02, 6.5820E+00
"B2                                                                                                                    "
  33647.890, -38352.100, 3.0884E+00, 7.1716E+00,-1.2695E-01, 2.7344E+00,-4.3945E-01, 4.8059E+00, 2.9297E-02, 6.5405E+00
"P                                                                                                                     "
  33662.380, -38337.610, 3.1006E+00, 7.1838E+00, 2.1289E+00, 4.9219E+00,-4.4922E-01, 4.7742E+00, 3.4180E-02, 6.5405E+00
"B2                                                                                                                    "
  33668.860, -38331.130, 2.8845E+00, 7.0667E+00,-1.1719E-01, 2.7417E+00,-6.2744E-01, 4.6021E+00, 3.9063E-02, 6.5405E+00
"P                                                                                                                     "
  33675.220, -38324.770, 3.0981E+00, 7.1729E+00,-1.1230E-01, 2.7441E+00,-4.8828E-01, 4.7412E+00, 5.4932E-02, 6.5662E+00
"C                                                                                                                     "
  33676.090, -38323.900, 2.9932E+00, 7.1179E+00,-1.1841E-01, 2.7478E+00,-4.8706E-01, 4.7473E+00, 1.1719E-01, 6.6284E+00
"B                                                                                                                     "
  33678.130, -38321.860, 3.1018E+00, 7.1997E+00,-1.1230E-01, 2.7490E+00,-4.8340E-01, 4.7485E+00, 7.8125E-02, 6.5930E+00
"C                                                                                                                     "
  33686.320, -38313.670, 3.1055E+00, 7.1912E+00, 2.2424E+00, 5.0452E+00,-2.7222E-01, 4.8682E+00, 1.0864E-01, 6.6235E+00
"D                                                                                                                     "
  33694.870, -38305.120, 3.0701E+00, 7.1631E+00,-1.0742E-01, 2.7539E+00,-4.7485E-01, 4.7534E+00, 1.1841E-01, 6.6235E+00
"F1                                                                                                                    "
  33699.430, -38300.560, 3.0774E+00, 7.1716E+00,-1.2207E-01, 2.7429E+00,-4.8218E-01, 4.7571E+00, 1.5625E-01, 6.6687E+00
"F2                                                                                                                    "
  33702.580, -38297.410, 3.0310E+00, 7.1484E+00,-1.0132E-01, 2.7551E+00,-4.7241E-01, 4.7559E+00, 1.6113E-01, 6.6675E+00
"B                                                                                                                     "
  33709.750, -38290.240, 3.0872E+00, 7.1802E+00,-1.0742E-01, 2.7563E+00,-4.7974E-01, 4.7571E+00, 1.7944E-01, 6.6772E+00
"C                                                                                                                     "
  33714.400, -38285.590, 3.1726E+00, 7.2705E+00,-8.5449E-02, 2.7771E+00,-4.3579E-01, 4.7986E+00, 2.2827E-01, 6.7407E+00
"D                                                                                                                     "
  33738.490, -38261.500, 3.1738E+00, 7.2583E+00,-1.0498E-01, 2.7539E+00,-4.3213E-01, 4.7961E+00, 2.0264E-01, 6.7139E+00
"F2                                                                                                                    "
  33743.590, -38256.400, 3.2153E+00, 7.3120E+00,-9.8877E-02, 2.7576E+00,-4.3701E-01, 4.7900E+00, 1.8066E-01, 6.7004E+00
"B                                                                                                                     "
  33745.480, -38254.510, 3.1421E+00, 7.2400E+00, 2.0007E+00, 4.8242E+00,-4.4556E-01, 4.7888E+00, 2.5757E-01, 6.7688E+00
"C                                                                                                                     "
  33753.100, -38246.890, 3.1848E+00, 7.2656E+00,-1.0376E-01, 2.7551E+00,-4.2603E-01, 4.8071E+00, 2.1118E-01, 6.7236E+00
"D                                                                                                                     "
  33768.550, -38231.440, 3.1433E+00, 7.2375E+00,-1.1230E-01, 2.7490E+00,-4.3823E-01, 4.7949E+00, 2.3193E-01, 6.7505E+00
"F2                                                                                                                    "
  33773.140, -38226.850, 3.1287E+00, 7.2253E+00,-7.3242E-03, 2.7673E+00,-4.2603E-01, 4.8071E+00, 2.3804E-01, 6.7493E+00
"B                                                                                                                     "
  33779.440, -38220.550, 2.8052E+00, 7.0398E+00,-1.0742E-01, 2.7588E+00,-5.7983E-01, 4.6582E+00, 3.3081E-01, 6.8372E+00
"D                                                                                                                     "
  33801.100, -38198.890, 3.3081E+00, 7.2485E+00, 2.2083E+00, 5.0195E+00,-4.6997E-01, 4.7656E+00, 3.1250E-01, 6.8250E+00
"F2                                                                                                                    "
  33806.110, -38193.880, 2.8345E+00, 6.9299E+00, 2.1631E+00, 4.9768E+00,-3.9063E-01, 4.8340E+00, 2.6855E-01, 6.8005E+00
"d                                                                                                                     "
  33900.820, -38099.170, 3.2813E+00, 7.3572E+00, 2.1985E+00, 5.0049E+00,-4.7485E-01, 4.7559E+00, 4.3945E-01, 6.9409E+00
"f1                                                                                                                    "
  33903.040, -38096.950, 3.3203E+00, 7.3303E+00, 2.2241E+00, 5.0342E+00,-4.7241E-01, 4.7546E+00, 4.2725E-01, 6.9263E+00
"f2                                                                                                                    "
  33906.040, -38093.950, 3.3154E+00, 7.3401E+00, 2.2827E+00, 5.0928E+00,-4.7485E-01, 4.7522E+00, 4.6143E-01, 6.9690E+00
"f3                                                                                                                    "
  33910.750, -38089.240, 3.2947E+00, 7.3694E+00, 2.2571E+00, 5.0684E+00,-4.7607E-01, 4.7534E+00, 4.3457E-01, 6.9421E+00
"f4                                                                                                                    "
  33915.250, -38084.740, 3.2935E+00, 7.3584E+00, 2.2815E+00, 5.1001E+00,-4.8462E-01, 4.7522E+00, 3.7720E-01, 6.8860E+00
"b                                                                                                                     "
  33919.570, -38080.420, 3.2776E+00, 7.3584E+00, 2.2644E+00, 5.0757E+00,-4.7852E-01, 4.7534E+00, 5.0171E-01, 7.0105E+00
"c                                                                                                                     "
  33921.340, -38078.650, 3.2654E+00, 7.3303E+00, 2.2729E+00, 5.0830E+00,-4.7607E-01, 4.7546E+00, 4.9683E-01, 7.0020E+00
"d                                                                                                                     "
  33940.990, -38059.000, 3.2690E+00, 7.3523E+00, 2.1375E+00, 4.9512E+00,-4.8462E-01, 4.7534E+00, 4.5532E-01, 6.9690E+00
"f2                                                                                                                    "
  33943.840, -38056.150, 3.2397E+00, 7.3242E+00, 2.2449E+00, 4.9548E+00,-4.7729E-01, 4.7522E+00, 5.0903E-01, 6.9739E+00
"b                                                                                                                     "
  33947.230, -38052.760, 3.2190E+00, 7.3059E+00, 2.2241E+00, 5.0110E+00,-4.7974E-01, 4.7522E+00, 6.4819E-01, 7.0874E+00
"c                                                                                                                     "
  33952.480, -38047.510, 3.2385E+00, 7.3267E+00, 2.1643E+00, 4.9854E+00,-4.8218E-01, 4.7510E+00, 4.5898E-01, 6.9678E+00
"d                                                                                                                     "
  33956.110, -38043.880, 3.2361E+00, 7.3315E+00, 2.0801E+00, 4.8999E+00,-4.8218E-01, 4.7522E+00, 4.4800E-01, 6.9568E+00
"b                                                                                                                     "
  33959.710, -38040.280, 3.2385E+00, 7.3181E+00, 2.1765E+00, 4.9878E+00,-4.7729E-01, 4.7534E+00, 5.3223E-01, 7.0386E+00
"c                                                                                                                     "
  33963.580, -38036.410, 3.2300E+00, 7.3230E+00, 2.2510E+00, 5.0647E+00,-4.7607E-01, 4.7534E+00, 5.2246E-01, 7.0313E+00
"d                                                                                                                     "
  33977.140, -38022.850, 3.2178E+00, 7.3169E+00, 2.2961E+00, 5.1050E+00,-4.7729E-01, 4.7522E+00, 5.2979E-01, 7.0374E+00
"c                                                                                                                     "
  33978.790, -38021.200, 3.2776E+00, 7.2986E+00,-1.1230E-01, 2.7515E+00,-4.7974E-01, 4.7522E+00, 5.1147E-01, 7.0203E+00
"f2                                                                                                                    "
  33981.010, -38018.980, 3.2178E+00, 7.3083E+00, 2.2266E+00, 5.0598E+00,-4.8340E-01, 4.7522E+00, 5.0903E-01, 7.0105E+00
"b                                                                                                                     "
  33983.890, -38016.100, 3.2166E+00, 7.3071E+00,-1.2085E-01, 2.7405E+00,-4.8096E-01, 4.7510E+00, 4.7485E-01, 6.9812E+00
"c                                                                                                                     "
  33989.200, -38010.790, 3.2104E+00, 7.2900E+00, 1.0376E-01, 3.1934E+00,-4.8096E-01, 4.7510E+00, 4.8706E-01, 7.0044E+00
"d                                                                                                                     "
  33996.160, -38003.830, 3.2263E+00, 7.3132E+00,-1.0986E-01, 2.7527E+00,-4.8340E-01, 4.7510E+00, 4.5898E-01, 6.9690E+00
"c                                                                                                                     "
  34006.990, -37993.000, 3.1750E+00, 7.2705E+00,-1.2085E-01, 2.7429E+00,-4.8462E-01, 4.7510E+00, 4.8096E-01, 6.9897E+00
"f2                                                                                                                    "
  34009.720, -37990.270, 3.2166E+00, 7.3096E+00,-1.2085E-01, 2.7429E+00,-4.8340E-01, 4.7510E+00, 5.7007E-01, 7.0667E+00
"b                                                                                                                     "
  34012.240, -37987.750, 3.2263E+00, 7.3035E+00,-1.1475E-01, 2.7466E+00,-4.7974E-01, 4.7522E+00, 5.1758E-01, 7.0337E+00
"c                                                                                                                     "
  34013.260, -37986.730, 3.2080E+00, 7.2803E+00,-1.0986E-01, 2.7466E+00,-4.8218E-01, 4.7510E+00, 5.4443E-01, 7.0642E+00
"d                                                                                                                     "
  34019.680, -37980.310, 3.1970E+00, 7.2766E+00,-1.1475E-01, 2.7441E+00,-4.7974E-01, 4.7510E+00, 4.8340E-01, 6.9934E+00
"b                                                                                                                     "
  34022.980, -37977.010, 3.0701E+00, 7.2131E+00,-1.1108E-01, 2.7454E+00,-4.7852E-01, 4.7510E+00, 4.5166E-01, 6.9653E+00
"f2                                                                                                                    "
  34024.660, -37975.330, 3.1946E+00, 7.2839E+00,-1.1353E-01, 2.7490E+00,-4.8462E-01, 4.7522E+00, 5.0537E-01, 7.0154E+00
"b                                                                                                                     "
  34029.250, -37970.740, 3.1787E+00, 7.2717E+00,-1.1963E-01, 2.7454E+00,-4.8340E-01, 4.7522E+00, 4.8584E-01, 7.0007E+00
"f2                                                                                                                    "
  34032.940, -37967.050, 3.1873E+00, 7.2791E+00, 2.1838E+00, 5.0037E+00,-4.8218E-01, 4.7522E+00, 4.8218E-01, 7.0093E+00
"b                                                                                                                     "
  34043.740, -37956.250, 3.1836E+00, 7.2791E+00,-1.3428E-01, 2.7283E+00,-4.8584E-01, 4.7534E+00, 5.3589E-01, 7.0459E+00
"d                                                                                                                     "
  34046.710, -37953.280, 3.1665E+00, 7.1362E+00,-1.2573E-01, 2.7332E+00,-4.7852E-01, 4.7534E+00, 4.9683E-01, 7.0044E+00
"b                                                                                                                     "
  34048.750, -37951.240, 3.2043E+00, 7.2864E+00,-7.9346E-02, 2.8259E+00,-4.7852E-01, 4.7534E+00, 4.7119E-01, 6.9873E+00
"f2                                                                                                                    "
  34052.740, -37947.250, 3.2092E+00, 7.2888E+00,-1.3550E-01, 2.7197E+00,-4.7852E-01, 4.7534E+00, 5.0293E-01, 7.0056E+00
"b                                                                                                                     "
  34056.730, -37943.260, 3.1677E+00, 7.2693E+00,-7.6904E-02, 2.8174E+00,-4.7852E-01, 4.7546E+00, 4.7607E-01, 6.9836E+00
"c                                                                                                                     "
  34059.370, -37940.620, 2.9578E+00, 7.1069E+00, 1.9922E+00, 4.8401E+00,-4.7974E-01, 4.7559E+00, 4.9316E-01, 7.0081E+00
"b                                                                                                                     "
  34064.140, -37935.850, 3.1934E+00, 7.2778E+00,-1.2695E-01, 2.7356E+00,-4.8218E-01, 4.7571E+00, 5.2979E-01, 7.0349E+00
"p                                                                                                                     "
  34068.790, -37931.200, 2.9712E+00, 7.0691E+00,-1.2573E-01, 2.7393E+00,-4.7729E-01, 4.7583E+00, 4.8950E-01, 6.9983E+00
"b2                                                                                                                    "
  34074.130, -37925.860, 3.1995E+00, 7.2949E+00,-1.2085E-01, 2.7429E+00,-4.7607E-01, 4.7583E+00, 4.6509E-01, 6.9775E+00
"p                                                                                                                     "
  34077.010, -37922.980, 3.1897E+00, 7.2803E+00,-1.1963E-01, 2.7356E+00,-4.6997E-01, 4.7607E+00, 5.1514E-01, 6.9971E+00
"c                                                                                                                     "
  34085.740, -37914.250, 2.6636E+00, 6.7419E+00,-1.2695E-01, 2.7356E+00,-4.7607E-01, 4.7595E+00, 4.7119E-01, 6.9861E+00
"f2                                                                                                                    "
  34087.900, -37912.090, 2.6660E+00, 6.7468E+00,-1.2085E-01, 2.7429E+00,-4.7729E-01, 4.7620E+00, 6.1646E-01, 7.1338E+00
"b                                                                                                                     "
  34088.890, -37911.100, 2.5891E+00, 6.6895E+00,-1.0742E-01, 2.7478E+00,-4.6631E-01, 4.7632E+00, 5.7129E-01, 7.0776E+00
"C                                                                                                                     "
  34102.120, -37897.870, 3.3118E+00, 7.3926E+00,-1.0620E-01, 2.7551E+00,-4.7363E-01, 4.7632E+00, 4.7607E-01, 6.9849E+00
"F2                                                                                                                    "
  34103.530, -37896.460, 3.3252E+00, 7.4182E+00, 2.0361E+00, 4.8572E+00,-4.6875E-01, 4.7644E+00, 5.7251E-01, 7.0227E+00
"B                                                                                                                     "
  34104.580, -37895.410, 3.3533E+00, 7.4084E+00,-1.4404E-01, 2.7173E+00,-4.6753E-01, 4.7644E+00, 5.5054E-01, 7.0557E+00
"C                                                                                                                     "
  34110.880, -37889.110, 3.3008E+00, 7.3865E+00,-1.3550E-01, 2.7271E+00,-4.7363E-01, 4.7656E+00, 5.5786E-01, 7.0667E+00
"D                                                                                                                     "
  34147.780, -37852.210, 3.1641E+00, 7.2510E+00, 2.1118E+00, 4.9194E+00,-4.6265E-01, 4.7681E+00, 5.1880E-01, 7.0264E+00
"F2                                                                                                                    "
  34150.330, -37849.660, 3.1750E+00, 7.2620E+00, 2.1155E+00, 4.9292E+00,-4.6631E-01, 4.7681E+00, 5.3101E-01, 7.0605E+00
"B                                                                                                                     "
  34152.730, -37847.260, 3.1470E+00, 7.2229E+00, 2.0557E+00, 4.8669E+00,-4.6143E-01, 4.7693E+00, 6.3110E-01, 7.1387E+00
"C                                                                                                                     "
  34158.610, -37841.380, 3.1726E+00, 7.2595E+00, 2.0923E+00, 4.9097E+00,-4.6387E-01, 4.7693E+00, 6.1768E-01, 7.1216E+00
"D                                                                                                                     "
  34182.850, -37817.140, 3.0603E+00, 7.1790E+00, 2.1021E+00, 4.9121E+00,-4.6143E-01, 4.7705E+00, 5.6519E-01, 7.0764E+00
"F2                                                                                                                    "
  34183.810, -37816.180, 3.1506E+00, 7.2302E+00, 2.1082E+00, 4.9170E+00,-4.6265E-01, 4.7693E+00, 5.6396E-01, 7.0728E+00
"B                                                                                                                     "
  34185.190, -37814.800, 3.1384E+00, 7.2253E+00, 2.1069E+00, 4.9219E+00,-4.6021E-01, 4.7705E+00, 6.0181E-01, 7.1033E+00
"C                                                                                                                     "
  34186.480, -37813.510, 3.0859E+00, 7.1863E+00, 2.1094E+00, 4.9268E+00,-4.6387E-01, 4.7717E+00, 5.7251E-01, 7.0874E+00
"F2                                                                                                                    "
  34188.370, -37811.620, 3.1799E+00, 7.2131E+00, 2.1228E+00, 4.9304E+00,-4.6387E-01, 4.7705E+00, 5.6641E-01, 7.0764E+00
"B                                                                                                                     "
  34190.560, -37809.430, 3.1116E+00, 7.2021E+00, 2.0496E+00, 4.8743E+00,-4.6143E-01, 4.7717E+00, 7.1289E-01, 7.2339E+00
"C                                                                                                                     "
  34192.510, -37807.480, 2.9907E+00, 7.1387E+00, 2.1094E+00, 4.9255E+00,-4.6509E-01, 4.7729E+00, 6.2988E-01, 7.1399E+00
"D                                                                                                                     "
  34291.210, -37708.780, 2.9541E+00, 7.0398E+00, 2.2168E+00, 5.0305E+00,-4.9072E-01, 4.7473E+00, 6.5186E-01, 7.1606E+00
"F2                                                                                                                    "
  34295.590, -37704.400, 2.9871E+00, 7.0740E+00, 2.2351E+00, 5.0500E+00,-4.8950E-01, 4.7485E+00, 6.2256E-01, 7.1350E+00
"F3                                                                                                                    "
  34303.570, -37696.420, 2.9858E+00, 7.0667E+00, 2.2656E+00, 5.0757E+00,-4.8096E-01, 4.7485E+00, 5.8716E-01, 7.0923E+00
"F4                                                                                                                    "
  34307.980, -37692.010, 2.9456E+00, 7.0459E+00, 2.2815E+00, 5.0989E+00,-4.8706E-01, 4.7498E+00, 6.9092E-01, 7.1912E+00
"B                                                                                                                     "
  34313.080, -37686.910, 2.9834E+00, 7.0813E+00, 2.2729E+00, 5.0891E+00,-4.7241E-01, 4.7559E+00, 6.9336E-01, 7.2009E+00
"C                                                                                                                     "
  34315.060, -37684.930, 2.9846E+00, 7.0728E+00, 2.2888E+00, 5.1001E+00,-4.7363E-01, 4.7571E+00, 7.1777E-01, 7.2180E+00
"D                                                                                                                     "
  34360.090, -37639.900, 2.9138E+00, 7.0044E+00, 2.2607E+00, 5.0769E+00,-4.8462E-01, 4.7534E+00, 6.3232E-01, 7.1448E+00
"F2                                                                                                                    "
  34362.820, -37637.170, 2.9199E+00, 7.0227E+00, 2.2595E+00, 5.0720E+00,-4.8462E-01, 4.7546E+00, 6.7627E-01, 7.1753E+00
"B                                                                                                                     "
  34365.520, -37634.470, 2.9211E+00, 7.0178E+00, 2.2473E+00, 5.0598E+00,-4.8096E-01, 4.7473E+00, 7.1289E-01, 7.2400E+00
"C                                                                                                                     "
  34369.150, -37630.840, 3.0115E+00, 7.0154E+00, 2.2559E+00, 5.0659E+00,-4.6997E-01, 4.7571E+00, 7.3853E-01, 7.2461E+00
"D                                                                                                                     "
  34433.200, -37566.790, 2.7051E+00, 6.8701E+00, 2.2778E+00, 5.0916E+00,-4.8584E-01, 4.7498E+00, 6.8970E-01, 7.1985E+00
"F2                                                                                                                    "
  34435.210, -37564.780, 2.9663E+00, 7.0557E+00, 2.2864E+00, 5.0964E+00,-4.7852E-01, 4.7510E+00, 6.7383E-01, 7.2034E+00
"B                                                                                                                     "
  34438.000, -37561.990, 2.9504E+00, 7.0447E+00, 2.0178E+00, 4.8364E+00,-4.8218E-01, 4.7498E+00, 7.6904E-01, 7.2888E+00
"C                                                                                                                     "
  34440.370, -37559.620, 2.9614E+00, 7.0435E+00, 2.1667E+00, 4.9768E+00,-4.7974E-01, 4.7510E+00, 7.6782E-01, 7.2705E+00
"D                                                                                                                     "
  34529.230, -37470.760, 2.9968E+00, 7.0850E+00,-1.0620E-01, 2.7734E+00,-4.8096E-01, 4.7498E+00, 6.8237E-01, 7.1924E+00
"F2                                                                                                                    "
  34530.970, -37469.020, 2.9932E+00, 7.0728E+00, 1.9727E+00, 4.8328E+00,-4.7974E-01, 4.7510E+00, 6.7017E-01, 7.1765E+00
"B                                                                                                                     "
  34532.770, -37467.220, 2.9871E+00, 7.0801E+00,-1.2329E-01, 2.7380E+00,-4.8340E-01, 4.7510E+00, 7.7026E-01, 7.2729E+00
"C                                                                                                                     "
  34533.280, -37466.710, 2.9712E+00, 7.0715E+00,-1.2939E-01, 2.7356E+00,-4.8218E-01, 4.7510E+00, 7.4097E-01, 7.2461E+00
"D                                                                                                                     "
  34561.390, -37438.600, 3.0176E+00, 7.1118E+00, 2.1484E+00, 4.9707E+00,-4.8584E-01, 4.7498E+00, 6.7871E-01, 7.1863E+00
"B                                                                                                                     "
  34562.860, -37437.130, 3.1555E+00, 7.0154E+00, 3.7842E-02, 3.0127E+00,-4.8218E-01, 4.7498E+00, 7.4951E-01, 7.2571E+00
"C                                                                                                                     "
  34565.350, -37434.640, 3.0127E+00, 7.1069E+00,-1.0864E-01, 2.7551E+00,-4.8340E-01, 4.7510E+00, 7.5439E-01, 7.2620E+00
"D                                                                                                                     "
  34610.680, -37389.310, 3.0017E+00, 7.0923E+00,-1.2329E-01, 2.7417E+00,-4.8706E-01, 4.7498E+00, 7.0068E-01, 7.2058E+00
"C                                                                                                                     "
  34612.180, -37387.810, 2.8979E+00, 7.0337E+00,-1.0742E-01, 2.7551E+00,-4.7974E-01, 4.7498E+00, 7.6294E-01, 7.2681E+00
"D                                                                                                                     "
  34622.020, -37377.970, 2.4756E+00, 6.5747E+00,-1.2451E-01, 2.7405E+00,-4.8584E-01, 4.7522E+00, 7.4707E-01, 7.2498E+00
"C                                                                                                                     "
  34623.340, -37376.650, 2.5525E+00, 6.6504E+00,-1.1475E-01, 2.7454E+00,-4.8340E-01, 4.7534E+00, 7.5439E-01, 7.2620E+00
"D                                                                                                                     "
  34678.150, -37321.840, 2.9993E+00, 7.0984E+00,-1.0010E-01, 2.7600E+00,-4.8096E-01, 4.7498E+00, 7.1411E-01, 7.2229E+00
"F2                                                                                                                    "
  34680.640, -37319.350, 2.8821E+00, 7.0190E+00, 1.1816E+00, 4.3567E+00,-4.7852E-01, 4.7498E+00, 6.7505E-01, 7.1790E+00
"b                                                                                                                     "
  34683.250, -37316.740, 3.0420E+00, 7.1252E+00, 1.2549E+00, 4.0137E+00,-4.7852E-01, 4.7510E+00, 7.8491E-01, 7.2864E+00
"c                                                                                                                     "
  34684.900, -37315.090, 2.6904E+00, 6.8469E+00, 1.8787E+00, 4.7778E+00,-4.7852E-01, 4.7498E+00, 7.5806E-01, 7.2607E+00
"d                                                                                                                     "
  34814.950, -37185.040, 3.0103E+00, 7.0776E+00, 2.0947E+00, 4.9109E+00,-4.6143E-01, 4.7644E+00, 7.0313E-01, 7.2070E+00
"c                                                                                                                     "
  34817.530, -37182.460, 2.8564E+00, 6.8591E+00, 2.2375E+00, 5.0525E+00,-4.8584E-01, 4.7522E+00, 7.8125E-01, 7.2937E+00
"d                                                                                                                     "
  34825.240, -37174.750, 2.9651E+00, 7.0483E+00, 2.2351E+00, 5.0476E+00,-1.1267E+00, 4.1199E+00, 6.9946E-01, 7.2095E+00
"b                                                                                                                     "
  34827.460, -37172.530, 2.9810E+00, 7.0667E+00, 2.2095E+00, 4.0625E+00,-4.7607E-01, 4.7656E+00, 7.2998E-01, 7.2339E+00
"f2                                                                                                                    "
  34829.110, -37170.880, 2.8247E+00, 6.9739E+00,-1.1475E-01, 2.7466E+00,-6.3599E-01, 4.5947E+00, 8.7769E-01, 7.3816E+00
"c                                                                                                                     "
  34833.250, -37166.740, 2.9724E+00, 7.0667E+00,-1.1475E-01, 2.7478E+00,-4.3213E-01, 4.8022E+00, 7.8979E-01, 7.2986E+00
"d                                                                                                                     "
  34949.770, -37050.220, 2.8918E+00, 7.0044E+00,-1.1230E-01, 2.7502E+00,-4.5166E-01, 4.7876E+00, 7.0190E-01, 7.2119E+00
"b                                                                                                                     "
  34950.550, -37049.440, 2.8418E+00, 6.8457E+00,-1.2939E-01, 2.7344E+00,-4.6753E-01, 4.7620E+00, 6.7505E-01, 7.1838E+00
"f2                                                                                                                    "
  34952.620, -37047.370, 2.9004E+00, 7.0056E+00,-1.1353E-01, 2.7490E+00,-4.6997E-01, 4.7656E+00, 6.8237E-01, 7.2485E+00
"b                                                                                                                     "
  34955.200, -37044.790, 2.9358E+00, 7.0239E+00,-1.1108E-01, 2.7466E+00,-4.6021E-01, 4.7693E+00, 8.4473E-01, 7.3413E+00
"c                                                                                                                     "
  34956.610, -37043.380, 2.9285E+00, 7.0117E+00,-1.1963E-01, 2.7441E+00,-4.7729E-01, 4.7583E+00, 7.5195E-01, 7.2607E+00
"d                                                                                                                     "
  35087.260, -36912.730, 2.9236E+00, 7.0117E+00, 2.3303E+00, 5.1392E+00,-4.8340E-01, 4.7485E+00, 7.1533E-01, 7.2192E+00
"f2                                                                                                                    "
  35089.720, -36910.270, 2.9333E+00, 7.0203E+00, 2.3376E+00, 5.1514E+00,-4.8218E-01, 4.7498E+00, 8.4717E-01, 7.2742E+00
"b                                                                                                                     "
  35093.440, -36906.550, 2.9358E+00, 7.0203E+00, 2.3340E+00, 5.1428E+00,-4.8096E-01, 4.7498E+00, 7.6538E-01, 7.2644E+00
"c                                                                                                                     "
  35094.340, -36905.650, 2.9211E+00, 7.0044E+00, 2.3303E+00, 5.1392E+00,-4.8096E-01, 4.7498E+00, 7.8369E-01, 7.2937E+00
"d                                                                                                                     "
  35196.610, -36803.380, 2.7844E+00, 6.9849E+00, 9.2407E-01, 4.3469E+00,-4.8584E-01, 4.7510E+00, 6.8970E-01, 7.1973E+00
"f2                                                                                                                    "
  35198.170, -36801.820, 3.0469E+00, 7.1179E+00,-1.1230E-01, 2.7502E+00,-4.8218E-01, 4.7510E+00, 7.4097E-01, 7.3047E+00
"b                                                                                                                     "
  35200.360, -36799.630, 3.0542E+00, 7.1301E+00,-1.1475E-01, 2.7454E+00,-4.7852E-01, 4.7522E+00, 7.6782E-01, 7.2693E+00
"c                                                                                                                     "
  35202.040, -36797.950, 2.6892E+00, 6.8250E+00,-1.1719E-01, 2.7429E+00,-4.8828E-01, 4.7522E+00, 7.9468E-01, 7.2998E+00
"d                                                                                                                     "
  35295.820, -36704.170, 3.1104E+00, 7.0837E+00, 2.1448E+00, 4.9402E+00,-4.8218E-01, 4.7534E+00, 7.9102E-01, 7.2986E+00
"c                                                                                                                     "
  35297.020, -36702.970, 2.9285E+00, 6.9421E+00, 2.0886E+00, 4.8975E+00,-4.7485E-01, 4.7534E+00, 7.8247E-01, 7.2852E+00
"d                                                                                                                     "
  35338.120, -36661.870, 2.8406E+00, 6.9250E+00, 2.2607E+00, 5.0781E+00,-4.8584E-01, 4.7498E+00, 7.3364E-01, 7.2424E+00
"f2                                                                                                                    "
  35340.250, -36659.740, 3.0493E+00, 7.1387E+00, 2.3145E+00, 5.1257E+00,-4.7852E-01, 4.7510E+00, 7.0435E-01, 7.2217E+00
"b                                                                                                                     "
  35344.060, -36655.930, 3.0505E+00, 7.1436E+00, 2.3608E+00, 5.1746E+00,-4.8218E-01, 4.7498E+00, 8.1421E-01, 7.3169E+00
"b                                                                                                                     "
  35344.810, -36655.180, 3.0664E+00, 7.1533E+00, 2.3694E+00, 5.1807E+00,-4.8584E-01, 4.7510E+00, 8.2886E-01, 7.3389E+00
"d                                                                                                                     "
  35369.200, -36630.790, 3.0518E+00, 7.1436E+00, 2.3804E+00, 5.1953E+00,-4.8706E-01, 4.7510E+00, 7.8979E-01, 7.2925E+00
"c                                                                                                                     "
  35370.490, -36629.500, 3.0103E+00, 7.1021E+00, 2.3706E+00, 5.1880E+00,-4.8340E-01, 4.7510E+00, 7.8735E-01, 7.2949E+00
"d                                                                                                                     "
  35454.460, -36545.530, 3.0408E+00, 7.1130E+00, 2.3108E+00, 5.1184E+00,-4.8218E-01, 4.7485E+00, 7.0435E-01, 7.2156E+00
"f2                                                                                                                    "
  35456.320, -36543.670, 3.0054E+00, 7.0874E+00, 2.3157E+00, 5.1282E+00,-4.8706E-01, 4.7485E+00, 7.9102E-01, 7.2632E+00
"b                                                                                                                     "
  35458.510, -36541.480, 2.9993E+00, 7.1008E+00, 2.3230E+00, 5.1379E+00,-4.8462E-01, 4.7473E+00, 7.8247E-01, 7.2803E+00
"c                                                                                                                     "
  35459.650, -36540.340, 3.0005E+00, 7.0984E+00, 2.3254E+00, 5.1416E+00,-4.8950E-01, 4.7473E+00, 7.9224E-01, 7.3035E+00
"d                                                                                                                     "
  35509.990, -36490.000, 2.9431E+00, 7.0410E+00, 2.2644E+00, 5.0781E+00,-4.8706E-01, 4.7461E+00, 7.3608E-01, 7.2449E+00
"c                                                                                                                     "
  35511.340, -36488.650, 2.9761E+00, 7.0557E+00, 2.2070E+00, 5.0159E+00,-4.8218E-01, 4.7473E+00, 8.1055E-01, 7.3157E+00
"d                                                                                                                     "
  35550.490, -36449.500, 2.9419E+00, 7.0410E+00, 2.1765E+00, 4.9915E+00,-4.8706E-01, 4.7461E+00, 7.3486E-01, 7.2363E+00
"f2                                                                                                                    "
  35552.050, -36447.940, 2.9639E+00, 7.0398E+00, 2.2083E+00, 5.0220E+00,-4.8950E-01, 4.7461E+00, 7.2876E-01, 7.2583E+00
"b                                                                                                                     "
  35554.210, -36445.780, 2.9236E+00, 7.0166E+00, 2.2144E+00, 5.0256E+00,-4.8950E-01, 4.7473E+00, 7.9712E-01, 7.2974E+00
"c                                                                                                                     "
  35555.200, -36444.790, 2.9382E+00, 7.0264E+00, 2.1826E+00, 4.9988E+00,-4.8340E-01, 4.7461E+00, 7.7759E-01, 7.2766E+00
"d                                                                                                                     "
  35587.810, -36412.180, 2.7820E+00, 6.8323E+00, 2.3059E+00, 5.1172E+00,-4.8340E-01, 4.7449E+00, 7.8735E-01, 7.2925E+00
"c                                                                                                                     "
  35589.340, -36410.650, 2.9199E+00, 7.0020E+00, 2.2937E+00, 5.1050E+00,-4.8462E-01, 4.7461E+00, 7.9224E-01, 7.2937E+00
"d                                                                                                                     "
  35609.050, -36390.940, 2.9248E+00, 7.0081E+00, 2.3877E+00, 5.1941E+00,-4.8340E-01, 4.7461E+00, 7.2510E-01, 7.2314E+00
"b                                                                                                                     "
  35610.100, -36389.890, 2.6685E+00, 6.8518E+00, 2.3743E+00, 5.1892E+00,-4.9072E-01, 4.7461E+00, 7.7759E-01, 7.2791E+00
"c                                                                                                                     "
  35611.420, -36388.570, 2.6831E+00, 6.7725E+00, 2.3792E+00, 5.1904E+00,-4.8950E-01, 4.7461E+00, 8.0200E-01, 7.3108E+00
"d                                                                                                                     "
  35634.430, -36365.560, 2.3828E+00, 6.5356E+00,-1.5869E-01, 2.7014E+00,-4.8706E-01, 4.7473E+00, 7.2510E-01, 7.2302E+00
"b                                                                                                                     "
  35636.170, -36363.820, 2.4207E+00, 6.5283E+00, 2.0178E+00, 4.8389E+00,-4.9072E-01, 4.7461E+00, 7.0068E-01, 7.2192E+00
"f2                                                                                                                    "
  35638.300, -36361.690, 2.5439E+00, 6.6235E+00,-1.5259E-01, 2.7051E+00,-4.8462E-01, 4.7473E+00, 7.4219E-01, 7.2571E+00
"b                                                                                                                     "
  35641.720, -36358.270, 3.1140E+00, 7.1826E+00, 2.2461E+00, 5.0562E+00,-4.8218E-01, 4.7473E+00, 8.7280E-01, 7.3547E+00
"d                                                                                                                     "
  35664.340, -36335.650, 3.0273E+00, 7.1277E+00,-1.5381E-01, 2.7112E+00,-4.8950E-01, 4.7473E+00, 7.9346E-01, 7.3022E+00
"c                                                                                                                     "
  35665.900, -36334.090, 3.0737E+00, 7.1619E+00, 1.9080E+00, 4.7656E+00,-4.8584E-01, 4.7461E+00, 7.8491E-01, 7.2900E+00
"d                                                                                                                     "
  35671.060, -36328.930, 2.9114E+00, 7.0593E+00, 1.5613E+00, 4.4189E+00,-4.8584E-01, 4.7473E+00, 7.1655E-01, 7.2241E+00
"b                                                                                                                     "
  35673.250, -36326.740, 3.0054E+00, 7.0886E+00,-1.4404E-01, 2.7307E+00,-4.8950E-01, 4.7473E+00, 7.8735E-01, 7.2925E+00
"d                                                                                                                     "
  35674.600, -36325.390, 2.9700E+00, 7.0581E+00, 2.3682E-01, 3.2300E+00,-4.8340E-01, 4.7473E+00, 7.6416E-01, 7.2681E+00
"c                                                                                                                     "
  35675.800, -36324.190, 2.9944E+00, 7.0923E+00, 1.5381E-01, 3.1567E+00,-4.8706E-01, 4.7473E+00, 7.6172E-01, 7.2656E+00
"d                                                                                                                     "
  35765.290, -36234.700, 3.0151E+00, 7.0911E+00, 2.1716E+00, 5.0049E+00,-4.9072E-01, 4.7485E+00, 7.1289E-01, 7.2180E+00
"b                                                                                                                     "
  35766.880, -36233.110, 2.9956E+00, 7.0874E+00,-1.4160E-01, 2.7209E+00,-4.8706E-01, 4.7485E+00, 7.7393E-01, 7.2852E+00
"c                                                                                                                     "
  35768.110, -36231.880, 2.9846E+00, 7.0789E+00,-1.4893E-01, 2.7197E+00,-4.8462E-01, 4.7485E+00, 7.8247E-01, 7.2876E+00
"d                                                                                                                     "
  35792.920, -36207.070, 3.0542E+00, 7.1387E+00,-1.2207E-01, 2.7356E+00,-4.8584E-01, 4.7485E+00, 7.0313E-01, 7.2083E+00
"c                                                                                                                     "
  35796.220, -36203.770, 3.0176E+00, 7.1118E+00, 2.2729E+00, 4.6057E+00,-4.7974E-01, 4.7485E+00, 6.9214E-01, 7.1997E+00
"f2                                                                                                                    "
  35797.720, -36202.270, 3.0127E+00, 7.1069E+00,-1.2939E-01, 2.7332E+00,-4.8828E-01, 4.7485E+00, 9.9731E-01, 7.3450E+00
"b                                                                                                                     "
  35801.200, -36198.790, 2.8394E+00, 6.9507E+00, 9.2773E-01, 4.1138E+00,-4.7974E-01, 4.7498E+00, 7.7026E-01, 7.2717E+00
"d                                                                                                                     "
  35833.450, -36166.540, 3.0139E+00, 7.1106E+00, 1.1560E+00, 3.9917E+00,-4.8462E-01, 4.7498E+00, 6.6895E-01, 7.1765E+00
"c                                                                                                                     "
  35836.210, -36163.780, 3.0127E+00, 7.1106E+00, 2.1509E+00, 4.7058E+00,-4.8584E-01, 4.7498E+00, 7.7026E-01, 7.2754E+00
"d                                                                                                                     "
  35881.930, -36118.060, 3.0090E+00, 7.0959E+00,-1.1108E-01, 2.7490E+00,-4.8462E-01, 4.7485E+00, 6.6895E-01, 7.1765E+00
"g                                                                                                                     "
  36000.010, -35999.980, 3.0408E+00, 7.1143E+00, 2.2583E+00, 5.0696E+00,-4.8340E-01, 4.7485E+00, 6.7749E-01, 7.1790E+00
