"z                                                                                                                     "
       .000, -71999.990, 1.7383E+00, 5.0549E+00, 5.7373E-02, 2.9309E+00, 1.8311E-02, 5.2344E+00, 6.1035E-02, 6.5466E+00
"np                                                                                                                    "
   3388.480, -68611.510, 4.6985E+00, 8.7561E+00,-3.5278E-01, 2.5391E+00,-1.9409E-01, 5.0342E+00,-3.1982E-01, 6.1853E+00
"a                                                                                                                     "
   3390.400, -68609.590, 4.5801E+00, 8.6316E+00,-3.5156E-01, 2.5403E+00, 7.8857E-01, 6.0242E+00,-3.1982E-01, 6.1865E+00
"b1                                                                                                                    "
   3400.000, -68599.990, 4.5996E+00, 8.6633E+00,-3.5034E-01, 2.5403E+00,-1.8799E-01, 5.0293E+00,-3.2349E-01, 6.1816E+00
"np                                                                                                                    "
   3414.720, -68585.270, 4.5691E+00, 8.6328E+00,-3.5156E-01, 2.5403E+00,-2.0386E-01, 5.0159E+00,-3.2593E-01, 6.1829E+00
"a                                                                                                                     "
   3416.640, -68583.350, 4.5752E+00, 8.6377E+00,-3.5400E-01, 2.5403E+00, 9.6313E-01, 6.1914E+00,-3.2227E-01, 6.1829E+00
"b1                                                                                                                    "
   3432.000, -68567.990, 4.6655E+00, 8.7256E+00,-3.5400E-01, 2.5403E+00, 5.3589E-01, 5.7507E+00,-3.2715E-01, 6.1816E+00
"b2                                                                                                                    "
   3436.480, -68563.510, 4.6509E+00, 8.7061E+00,-3.5400E-01, 2.5403E+00, 5.5054E-01, 5.7532E+00,-3.2593E-01, 6.1816E+00
"b1                                                                                                                    "
   3437.760, -68562.230, 4.6558E+00, 8.7085E+00,-3.5156E-01, 2.5403E+00,-1.9531E-01, 5.0256E+00,-3.2471E-01, 6.1829E+00
"np                                                                                                                    "
   3445.440, -68554.550, 4.6326E+00, 8.6914E+00,-3.5034E-01, 2.5403E+00,-2.0264E-01, 5.0122E+00,-3.2593E-01, 6.1780E+00
"a                                                                                                                     "
   3446.720, -68553.270, 4.6387E+00, 8.6926E+00,-3.4912E-01, 2.5403E+00, 4.8950E-01, 5.6921E+00,-3.2227E-01, 6.1816E+00
"b1                                                                                                                    "
   3462.720, -68537.270, 4.4263E+00, 8.4912E+00,-3.4912E-01, 2.5403E+00, 3.6865E-01, 5.5872E+00,-3.2471E-01, 6.1804E+00
"b2                                                                                                                    "
   3467.840, -68532.150, 4.4507E+00, 8.5156E+00,-3.5278E-01, 2.5403E+00, 3.6255E-01, 5.5750E+00,-3.2837E-01, 6.1792E+00
"b1                                                                                                                    "
   3496.000, -68503.990, 4.4934E+00, 8.5522E+00,-3.5278E-01, 2.5403E+00, 4.5532E-01, 5.6689E+00,-3.3936E-01, 6.1694E+00
"b2                                                                                                                    "
   3501.120, -68498.870, 4.5007E+00, 8.5583E+00,-3.4912E-01, 2.5403E+00, 4.1626E-01, 5.6287E+00,-3.3325E-01, 6.1694E+00
"b1                                                                                                                    "
   3503.680, -68496.310, 4.3103E+00, 8.3801E+00,-3.5034E-01, 2.5403E+00,-1.9897E-01, 5.0208E+00,-3.3569E-01, 6.1694E+00
"np                                                                                                                    "
   7325.760, -64674.230, 4.1370E+00, 8.2397E+00,-3.5034E-01, 2.5415E+00, 1.4648E-01, 5.1660E+00,-3.3813E-01, 6.1694E+00
"a                                                                                                                     "
   7327.040, -64672.950, 4.2041E+00, 8.2886E+00,-3.5034E-01, 2.5415E+00, 1.4404E-01, 5.3699E+00,-3.3936E-01, 6.1694E+00
"b1                                                                                                                    "
   7345.600, -64654.390, 4.2737E+00, 8.3167E+00,-3.4790E-01, 2.5415E+00, 2.8320E-01, 5.4919E+00,-3.3691E-01, 6.1694E+00
"b2                                                                                                                    "
   7348.160, -64651.830, 4.2676E+00, 8.3228E+00,-3.4912E-01, 2.5403E+00, 2.8687E-01, 5.4956E+00,-3.3813E-01, 6.1682E+00
"b1                                                                                                                    "
   7371.840, -64628.150, 4.2883E+00, 8.3569E+00,-3.4912E-01, 2.5403E+00, 1.8555E-01, 5.3992E+00,-3.3936E-01, 6.1682E+00
"b2                                                                                                                    "
   7376.960, -64623.030, 4.2859E+00, 8.3533E+00,-3.4790E-01, 2.5415E+00, 1.5747E-01, 5.3662E+00,-3.3813E-01, 6.1682E+00
"b1                                                                                                                    "
   7413.440, -64586.550, 4.2969E+00, 8.3655E+00,-3.5034E-01, 2.5415E+00, 2.1973E-02, 5.2429E+00,-3.3813E-01, 6.1682E+00
"b2                                                                                                                    "
   7417.920, -64582.070, 4.2578E+00, 8.3240E+00,-3.4912E-01, 2.5403E+00, 5.0049E-02, 5.2612E+00,-3.3691E-01, 6.1682E+00
"b1                                                                                                                    "
   7444.160, -64555.830, 4.3799E+00, 8.3655E+00,-3.4912E-01, 2.5415E+00, 9.1553E-02, 5.3064E+00,-3.3936E-01, 6.1682E+00
"b2                                                                                                                    "
   7448.000, -64551.990, 4.2737E+00, 8.3386E+00,-3.4790E-01, 2.5403E+00, 8.0566E-02, 5.2979E+00,-3.3813E-01, 6.1682E+00
"b1                                                                                                                    "
   7478.080, -64521.910, 4.3176E+00, 8.3887E+00,-3.5034E-01, 2.5403E+00, 1.2939E-01, 5.3455E+00,-3.4058E-01, 6.1682E+00
"np                                                                                                                    "
   7485.760, -64514.230, 4.3347E+00, 8.3984E+00,-3.4912E-01, 2.5415E+00, 8.7524E-01, 6.0791E+00,-3.4180E-01, 6.1682E+00
"a                                                                                                                     "
   7487.680, -64512.310, 4.1077E+00, 8.2153E+00,-3.4790E-01, 2.5415E+00, 5.8350E-01, 5.7922E+00,-3.3813E-01, 6.1682E+00
"b1                                                                                                                    "
   7500.480, -64499.510, 4.3127E+00, 8.3801E+00,-3.4790E-01, 2.5403E+00, 1.1230E-01, 5.3296E+00,-3.3936E-01, 6.1682E+00
"b2                                                                                                                    "
   7504.320, -64495.670, 4.2786E+00, 8.3728E+00,-3.5034E-01, 2.5415E+00, 1.2573E-01, 5.3503E+00,-3.3813E-01, 6.1682E+00
"b1                                                                                                                    "
   7520.320, -64479.670, 4.3604E+00, 8.4241E+00,-3.4668E-01, 2.5415E+00, 2.2217E-01, 5.4333E+00,-3.3936E-01, 6.1682E+00
"c1                                                                                                                    "
   7522.880, -64477.110, 4.3530E+00, 8.4082E+00,-3.5034E-01, 2.5403E+00, 5.1270E-01, 5.7324E+00,-3.4058E-01, 6.1682E+00
"c2                                                                                                                    "
   7556.800, -64443.190, 4.4104E+00, 8.4119E+00,-3.4546E-01, 2.5415E+00, 5.3223E-01, 5.7446E+00,-3.3691E-01, 6.1682E+00
"c1                                                                                                                    "
   7557.440, -64442.550, 4.3628E+00, 8.4253E+00,-3.4546E-01, 2.5403E+00, 4.2725E-01, 5.6604E+00,-3.3936E-01, 6.1682E+00
"f2                                                                                                                    "
   7558.720, -64441.270, 4.3530E+00, 8.4204E+00,-3.4668E-01, 2.5403E+00, 4.3945E-01, 5.6555E+00,-3.3936E-01, 6.1682E+00
"b1s                                                                                                                   "
   7561.280, -64438.710, 4.3384E+00, 8.4119E+00,-3.4790E-01, 2.5403E+00, 3.2227E-01, 5.5347E+00,-3.3936E-01, 6.1682E+00
"c1                                                                                                                    "
   7564.480, -64435.510, 4.3970E+00, 8.4521E+00,-3.4546E-01, 2.5403E+00, 7.9468E-01, 6.0242E+00,-3.3936E-01, 6.1694E+00
"c2                                                                                                                    "
   7631.680, -64368.310, 4.4739E+00, 8.5486E+00,-3.5156E-01, 2.5403E+00, 5.4321E-01, 5.7727E+00,-3.3936E-01, 6.1670E+00
"f2                                                                                                                    "
   7635.520, -64364.470, 4.3738E+00, 8.3899E+00,-3.4912E-01, 2.5415E+00, 4.6875E-01, 5.6824E+00,-3.4180E-01, 6.1670E+00
"b1s                                                                                                                   "
   7636.800, -64363.190, 4.4604E+00, 8.5254E+00,-3.4790E-01, 2.5403E+00, 5.7617E-01, 5.7849E+00,-3.4302E-01, 6.1682E+00
"c1                                                                                                                    "
   7638.080, -64361.910, 4.4885E+00, 8.5437E+00,-3.4668E-01, 2.5403E+00, 6.1646E-01, 5.8313E+00,-3.3813E-01, 6.1670E+00
"c2                                                                                                                    "
   7710.400, -64289.590, 4.4519E+00, 8.4021E+00,-3.4912E-01, 2.5403E+00, 8.9966E-01, 6.1121E+00,-3.1616E-01, 6.1816E+00
"f2                                                                                                                    "
   7711.870, -64287.030, 4.4287E+00, 8.4863E+00,-3.4912E-01, 2.5403E+00, 6.6284E-01, 5.8533E+00,-3.1128E-01, 6.1975E+00
"b1s                                                                                                                   "
   7713.820, -64286.390, 4.3982E+00, 8.4644E+00,-3.4912E-01, 2.5403E+00, 6.9458E-01, 5.8569E+00,-2.6245E-01, 6.2427E+00
"c1                                                                                                                    "
   7716.280, -64284.470, 4.4031E+00, 8.4680E+00,-3.5156E-01, 2.5403E+00, 1.1804E+00, 6.3977E+00,-2.8931E-01, 6.2244E+00
"c2                                                                                                                    "
   7757.760, -64242.230, 4.4617E+00, 8.4290E+00,-3.4790E-01, 2.5403E+00, 8.4473E-01, 6.0596E+00,-3.3081E-01, 6.1707E+00
"f2                                                                                                                    "
   7759.680, -64240.310, 4.2395E+00, 8.3081E+00,-3.5034E-01, 2.5403E+00, 7.6904E-01, 5.9338E+00,-3.3569E-01, 6.1731E+00
"b1s                                                                                                                   "
   7760.960, -64239.030, 4.4214E+00, 8.4851E+00,-3.5034E-01, 2.5403E+00, 9.8267E-01, 6.1902E+00,-3.3081E-01, 6.1768E+00
"c1                                                                                                                    "
   7761.600, -64238.390, 4.2578E+00, 8.3789E+00,-3.4790E-01, 2.5403E+00, 9.8267E-01, 6.1914E+00,-3.3081E-01, 6.1768E+00
"c2                                                                                                                    "
   7947.840, -64052.150, 4.1797E+00, 8.2227E+00,-3.5156E-01, 2.5403E+00, 1.0266E+00, 6.2354E+00,-3.2715E-01, 6.1780E+00
"c1                                                                                                                    "
   7948.480, -64051.510, 4.1724E+00, 8.2544E+00,-3.5156E-01, 2.5403E+00, 8.6548E-01, 6.0950E+00,-3.2715E-01, 6.1792E+00
"f2                                                                                                                    "
   7950.400, -64049.590, 3.9966E+00, 8.0737E+00,-3.4912E-01, 2.5391E+00, 7.6660E-01, 5.9875E+00,-3.2715E-01, 6.1792E+00
"b1s                                                                                                                   "
   7951.040, -64048.950, 4.1479E+00, 8.2288E+00,-3.5156E-01, 2.5403E+00, 7.0679E-01, 5.9180E+00,-3.2959E-01, 6.1780E+00
"c1                                                                                                                    "
   7951.680, -64048.310, 4.3762E+00, 8.3984E+00,-3.4912E-01, 2.5403E+00, 1.2500E+00, 6.4661E+00,-3.2593E-01, 6.1792E+00
"c2                                                                                                                    "
   8006.720, -63993.270, 4.4397E+00, 8.4985E+00,-3.5278E-01, 2.5403E+00, 7.9834E-01, 6.0168E+00,-3.3203E-01, 6.1768E+00
"b                                                                                                                     "
   8008.000, -63991.990, 4.4556E+00, 8.4985E+00,-3.5034E-01, 2.5403E+00, 1.0034E+00, 6.2085E+00,-3.2959E-01, 6.1768E+00
"c1                                                                                                                    "
   8008.640, -63991.350, 4.4495E+00, 8.5059E+00,-3.5278E-01, 2.5403E+00, 9.8877E-01, 6.1731E+00,-3.3447E-01, 6.1755E+00
"c2                                                                                                                    "
   8034.240, -63965.750, 4.2407E+00, 8.3459E+00,-3.4912E-01, 2.5403E+00, 1.0010E+00, 6.2207E+00,-3.3447E-01, 6.1743E+00
"c1                                                                                                                    "
   8034.880, -63965.110, 4.4373E+00, 8.5120E+00,-3.5034E-01, 2.5391E+00, 8.5938E-01, 6.0754E+00,-3.3203E-01, 6.1755E+00
"f2                                                                                                                    "
   8036.160, -63963.830, 4.1846E+00, 8.3252E+00,-3.4790E-01, 2.5403E+00, 9.1309E-01, 6.1133E+00,-3.3325E-01, 6.1743E+00
"b1s                                                                                                                   "
   8036.800, -63963.190, 4.4446E+00, 8.5120E+00,-3.4912E-01, 2.5403E+00, 9.0454E-01, 6.1182E+00,-3.3325E-01, 6.1755E+00
"c1                                                                                                                    "
   8037.440, -63962.550, 4.4446E+00, 8.5083E+00,-3.4912E-01, 2.5391E+00, 9.3628E-01, 6.1597E+00,-3.2715E-01, 6.1743E+00
"c2                                                                                                                    "
   8183.360, -63816.630, 4.4543E+00, 8.4680E+00,-3.5278E-01, 2.5391E+00, 1.1084E+00, 6.2927E+00,-3.4180E-01, 6.1658E+00
"c1                                                                                                                    "
   8184.000, -63815.990, 4.3896E+00, 8.4570E+00,-3.5034E-01, 2.5391E+00, 9.2651E-01, 6.1182E+00,-3.3813E-01, 6.1670E+00
"f2                                                                                                                    "
   8185.060, -63814.710, 4.3701E+00, 8.4436E+00,-3.4668E-01, 2.5391E+00, 9.1553E-01, 6.1462E+00,-3.4058E-01, 6.1694E+00
"b1s                                                                                                                   "
   8186.560, -63813.430, 4.3872E+00, 8.4595E+00,-3.4912E-01, 2.5391E+00, 9.7412E-01, 6.2988E+00,-3.3447E-01, 6.1707E+00
"c1                                                                                                                    "
   8187.200, -63812.790, 4.3970E+00, 8.4570E+00,-3.5034E-01, 2.5391E+00, 1.0815E+00, 6.3086E+00,-3.3569E-01, 6.1707E+00
"c2                                                                                                                    "
   8217.920, -63782.070, 4.4043E+00, 8.4802E+00,-3.5278E-01, 2.5391E+00, 1.0559E+00, 6.2817E+00,-3.3325E-01, 6.1755E+00
"fb1w                                                                                                                  "
   8219.200, -63780.790, 4.3628E+00, 8.4436E+00,-3.4912E-01, 2.5391E+00, 9.2407E-01, 6.1401E+00,-3.2959E-01, 6.1755E+00
"c1                                                                                                                    "
   8220.480, -63779.510, 4.4031E+00, 8.4607E+00,-3.5034E-01, 2.5391E+00, 1.1304E+00, 6.3452E+00,-3.3325E-01, 6.1755E+00
"c2                                                                                                                    "
   8331.840, -63668.150, 4.4263E+00, 8.4900E+00,-3.4912E-01, 2.5391E+00, 1.1426E+00, 6.3477E+00,-3.3325E-01, 6.1707E+00
"f2                                                                                                                    "
   8333.120, -63666.870, 4.3311E+00, 8.4192E+00,-3.4912E-01, 2.5391E+00, 9.8267E-01, 6.1926E+00,-3.3447E-01, 6.1707E+00
"c1                                                                                                                    "
   8333.760, -63666.230, 4.4287E+00, 8.4924E+00,-3.4912E-01, 2.5391E+00, 1.0522E+00, 6.2463E+00,-3.3325E-01, 6.1707E+00
"c2                                                                                                                    "
   8439.360, -63560.630, 4.2773E+00, 8.3081E+00,-3.5034E-01, 2.5378E+00, 1.0034E+00, 6.1963E+00,-3.3447E-01, 6.1719E+00
"f2                                                                                                                    "
   8440.420, -63558.070, 4.4043E+00, 8.4705E+00,-3.5034E-01, 2.5391E+00, 1.0559E+00, 6.2268E+00,-3.3569E-01, 6.1719E+00
"fb                                                                                                                    "
   8441.830, -63568.070, 4.4063E+00, 8.4706E+00,-3.5064E-01, 2.5391E+00, 1.0569E+00, 6.2268E+00,-3.3569E-01, 6.1719E+00
"c1                                                                                                                    "
   8442.560, -63557.430, 4.3469E+00, 8.4204E+00,-3.5034E-01, 2.5391E+00, 1.1572E+00, 6.3647E+00,-3.3447E-01, 6.1719E+00
"c2                                                                                                                    "
   8518.720, -63481.270, 4.3176E+00, 8.3838E+00,-3.4790E-01, 2.5391E+00, 1.0400E+00, 6.2488E+00,-3.3325E-01, 6.1707E+00
"f2                                                                                                                    "
   8520.640, -63479.350, 4.3433E+00, 8.4216E+00,-3.4668E-01, 2.5391E+00, 1.4270E+00, 6.6125E+00,-3.3569E-01, 6.1707E+00
"c1                                                                                                                    "
   8521.280, -63478.710, 4.2126E+00, 8.3398E+00,-3.4912E-01, 2.5391E+00, 1.1755E+00, 6.3770E+00,-3.3203E-01, 6.1707E+00
"c2                                                                                                                    "
   9122.240, -62877.750, 4.2578E+00, 8.3264E+00,-3.5034E-01, 2.5366E+00, 9.7168E-01, 6.1853E+00,-3.3569E-01, 6.1682E+00
"f2                                                                                                                    "
   9123.520, -62876.470, 4.3005E+00, 8.2996E+00,-3.5156E-01, 2.5366E+00, 8.6914E-01, 6.0840E+00,-3.3569E-01, 6.1682E+00
"b1s                                                                                                                   "
   9129.280, -62870.710, 4.2236E+00, 8.2959E+00,-3.5156E-01, 2.5366E+00, 8.3374E-01, 6.0547E+00,-3.3936E-01, 6.1682E+00
"c1                                                                                                                    "
   9129.920, -62870.070, 4.2029E+00, 8.2666E+00,-3.5034E-01, 2.5366E+00, 1.2256E+00, 6.4600E+00,-3.3813E-01, 6.1682E+00
"c2                                                                                                                    "
   9467.840, -62532.150, 3.6816E+00, 7.6855E+00,-3.5156E-01, 2.5354E+00, 1.0266E+00, 6.2341E+00,-3.4302E-01, 6.1633E+00
"c1                                                                                                                    "
   9468.160, -62531.830, 4.1516E+00, 8.2214E+00,-3.5278E-01, 2.5354E+00, 9.2529E-01, 6.1536E+00,-3.4302E-01, 6.1646E+00
"f2                                                                                                                    "
   9470.720, -62529.270, 4.3445E+00, 8.3887E+00,-3.5034E-01, 2.5354E+00, 7.7881E-01, 6.0010E+00,-3.4180E-01, 6.1633E+00
"b1s                                                                                                                   "
   9472.360, -62527.630, 4.2896E+00, 8.3447E+00,-3.5400E-01, 2.5354E+00, 1.0645E+00, 6.1865E+00,-3.4058E-01, 6.1646E+00
"c1                                                                                                                    "
   9473.000, -62526.990, 3.7305E+00, 7.7930E+00,-3.5278E-01, 2.5354E+00, 1.0938E+00, 6.3037E+00,-3.4302E-01, 6.1633E+00
"c2                                                                                                                    "
   9612.520, -62387.470,-5.9448E-01, 3.5425E+00,-3.5278E-01, 2.5354E+00, 1.0754E+00, 6.2830E+00,-3.4424E-01, 6.1646E+00
"b1s                                                                                                                   "
   9618.920, -62381.070,-5.9814E-01, 3.5315E+00,-3.5156E-01, 2.5354E+00, 1.2805E+00, 6.3708E+00,-3.4058E-01, 6.1646E+00
"c1                                                                                                                    "
   9620.200, -62379.790,-6.0547E-01, 3.5303E+00,-3.5278E-01, 2.5342E+00, 1.0205E+00, 6.2280E+00,-3.4424E-01, 6.1646E+00
"c2                                                                                                                    "
   9787.240, -62212.750,-5.1147E-01, 3.6243E+00,-3.5522E-01, 2.5342E+00, 8.4106E-01, 6.0693E+00,-3.4668E-01, 6.1621E+00
"b1                                                                                                                    "
   9789.160, -62210.830,-5.1147E-01, 3.6206E+00,-3.5156E-01, 2.5342E+00,-2.1973E-02, 5.2954E+00,-3.4302E-01, 6.1621E+00
"np                                                                                                                    "
   9808.360, -62191.630,-5.4932E-01, 3.5852E+00,-3.5034E-01, 2.5354E+00, 6.4453E-01, 5.8276E+00,-3.4424E-01, 6.1621E+00
"a                                                                                                                     "
   9810.280, -62189.710,-5.4932E-01, 3.5840E+00,-3.5400E-01, 2.5354E+00, 4.8706E-01, 5.7056E+00,-3.4668E-01, 6.1621E+00
"b1                                                                                                                    "
   9820.840, -62179.150,-5.5664E-01, 3.5779E+00,-3.4912E-01, 2.5403E+00, 2.3071E-01, 5.4419E+00,-3.4424E-01, 6.1633E+00
"c1                                                                                                                    "
   9822.120, -62177.870,-5.4810E-01, 3.5815E+00,-3.4546E-01, 2.5391E+00, 2.8931E-01, 5.5200E+00,-3.4546E-01, 6.1633E+00
"c2                                                                                                                    "
   9868.520, -62131.470,-5.3711E-01, 3.5950E+00,-3.5400E-01, 2.5342E+00, 5.6396E-01, 5.8057E+00,-3.4668E-01, 6.1633E+00
"c1                                                                                                                    "
   9869.160, -62130.830,-5.3833E-01, 3.5913E+00,-3.5645E-01, 2.5342E+00, 4.1016E-01, 5.6201E+00,-3.4058E-01, 6.1633E+00
"f2                                                                                                                    "
   9870.610, -62124.430,-5.5420E-01, 3.5742E+00,-3.5522E-01, 2.5330E+00, 3.7842E-01, 5.5933E+00,-3.4424E-01, 6.1621E+00
"b                                                                                                                    "
   9875.620, -62154.430,-5.5420E-01, 3.5542E+00,-3.5552E-01, 2.5350E+00, 3.7852E-01, 5.5933E+00,-3.4424E-01, 6.1621E+00
"c1                                                                                                                    "
   9879.400, -62120.590,-5.7373E-01, 3.5657E+00,-3.4546E-01, 2.5476E+00, 7.6538E-01, 5.9729E+00,-3.4302E-01, 6.1633E+00
"c2                                                                                                                    "
  10013.160, -61986.830,-6.0303E-01, 3.5266E+00,-3.5400E-01, 2.5342E+00, 8.2153E-01, 6.0278E+00,-3.4546E-01, 6.1621E+00
"c1                                                                                                                    "
  10013.800, -61986.190,-6.0181E-01, 3.5303E+00,-3.5522E-01, 2.5330E+00, 6.3110E-01, 5.8606E+00,-3.4790E-01, 6.1609E+00
"f2                                                                                                                    "
  10016.360, -61983.630,-6.0791E-01, 3.5291E+00,-3.5400E-01, 2.5330E+00, 6.1401E-01, 5.8313E+00,-3.4424E-01, 6.1609E+00
"b1s                                                                                                                   "
  10017.000, -61982.990,-6.0669E-01, 3.5266E+00,-2.5513E-01, 2.5867E+00, 1.1267E+00, 6.2927E+00,-3.4790E-01, 6.1609E+00
"c1                                                                                                                    "
  10018.280, -61981.710,-6.0303E-01, 3.5205E+00,-2.9175E-01, 2.6770E+00, 9.3140E-01, 6.1926E+00,-3.4546E-01, 6.1609E+00
"c2                                                                                                                    "
  10657.640, -61342.350, 2.5000E+00, 6.5845E+00,-3.5278E-01, 2.5330E+00, 9.8877E-01, 6.1951E+00,-3.4546E-01, 6.1633E+00
"f2                                                                                                                    "
  10660.840, -61339.150, 2.5732E+00, 6.6577E+00,-3.5889E-01, 2.5330E+00, 7.7515E-01, 5.9949E+00,-3.4424E-01, 6.1633E+00
"b1s                                                                                                                   "
  10663.400, -61336.590, 2.6770E+00, 6.7566E+00,-3.5400E-01, 2.5317E+00, 6.8726E-01, 5.9229E+00,-3.4302E-01, 6.1646E+00
"c1                                                                                                                    "
  10664.680, -61335.310, 2.5708E+00, 6.6614E+00,-3.5645E-01, 2.5330E+00, 1.0327E+00, 6.1755E+00,-3.4302E-01, 6.1633E+00
"c2                                                                                                                    "
  11286.600, -60713.390, 2.5488E+00, 6.6406E+00,-3.5400E-01, 2.5317E+00, 1.0083E+00, 6.2195E+00,-3.4546E-01, 6.1609E+00
"c1                                                                                                                    "
  11286.880, -60713.110, 2.5464E+00, 6.6248E+00,-3.5767E-01, 2.5317E+00, 8.4717E-01, 6.0730E+00,-3.4546E-01, 6.1621E+00
"f2                                                                                                                    "
  11290.080, -60709.910, 2.5415E+00, 6.6150E+00,-3.5278E-01, 2.5317E+00, 6.7627E-01, 5.8875E+00,-3.4546E-01, 6.1621E+00
"b1s                                                                                                                   "
  11292.640, -60707.350, 2.5989E+00, 6.6638E+00,-3.5645E-01, 2.5317E+00, 9.0698E-01, 6.1206E+00,-3.4668E-01, 6.1597E+00
"c1                                                                                                                    "
  11294.560, -60705.430, 2.4451E+00, 6.5222E+00,-3.5278E-01, 2.5317E+00, 9.8633E-01, 6.2134E+00,-3.4546E-01, 6.1621E+00
"c2                                                                                                                    "
  11531.680, -60468.310,-6.2134E-01, 3.5156E+00,-3.5767E-01, 2.5317E+00, 9.4238E-01, 6.1548E+00,-3.4912E-01, 6.1597E+00
"np                                                                                                                    "
  11751.840, -60248.150,-6.2256E-01, 3.5156E+00,-3.5400E-01, 2.5317E+00, 3.8208E-01, 5.5652E+00,-3.4668E-01, 6.1597E+00
"a                                                                                                                     "
  11754.400, -60245.590,-6.1523E-01, 3.5156E+00,-3.5645E-01, 2.5317E+00,-9.6436E-02, 5.1367E+00,-3.4790E-01, 6.1597E+00
"b1                                                                                                                    "
  11803.040, -60196.950,-6.2256E-01, 3.5144E+00,-3.5278E-01, 2.5317E+00, 9.0332E-02, 5.3040E+00,-3.4790E-01, 6.1597E+00
"np                                                                                                                    "
  12463.040, -59536.950,-6.2012E-01, 3.5120E+00,-3.5278E-01, 2.5317E+00, 3.2471E-01, 5.5273E+00,-3.4790E-01, 6.1584E+00
"a                                                                                                                     "
  12464.320, -59535.670,-6.2256E-01, 3.5107E+00,-3.5400E-01, 2.5293E+00,-8.5449E-03, 5.2209E+00,-3.4790E-01, 6.1584E+00
"b1                                                                                                                    "
  12489.920, -59510.070,-6.2744E-01, 3.5107E+00,-3.5522E-01, 2.5305E+00,-2.1606E-01, 5.0037E+00,-3.4912E-01, 6.1584E+00
"b2                                                                                                                    "
  12493.760, -59506.230,-6.2744E-01, 3.5107E+00,-3.2959E-01, 2.5500E+00,-2.0264E-01, 5.0183E+00,-3.5034E-01, 6.1584E+00
"np                                                                                                                    "
  12506.560, -59493.430,-6.2866E-01, 3.5107E+00,-3.5767E-01, 2.5293E+00,-2.0874E-01, 5.0085E+00,-3.4790E-01, 6.1597E+00
"a                                                                                                                     "
  12507.840, -59492.150,-6.2012E-01, 3.5107E+00,-3.5522E-01, 2.5293E+00, 3.1616E-01, 5.5273E+00,-3.4912E-01, 6.1584E+00
"b1                                                                                                                    "
  12525.120, -59474.870,-6.2256E-01, 3.5120E+00,-3.5889E-01, 2.5293E+00, 8.8745E-01, 5.9912E+00,-3.4546E-01, 6.1584E+00
"c1                                                                                                                    "
  12525.760, -59474.230,-6.2256E-01, 3.5095E+00,-3.4058E-01, 2.5452E+00, 4.6753E-01, 5.6824E+00,-3.4790E-01, 6.1597E+00
"c2                                                                                                                    "
  12576.320, -59423.670,-6.2256E-01, 3.5107E+00,-3.5522E-01, 2.5330E+00, 3.9307E-01, 5.6128E+00,-3.4912E-01, 6.1597E+00
"f2                                                                                                                    "
  12578.240, -59421.750,-6.2744E-01, 3.5120E+00,-3.5645E-01, 2.5305E+00, 3.8452E-01, 5.5957E+00,-3.4790E-01, 6.1597E+00
"b1s                                                                                                                   "
  12580.800, -59419.190,-6.2500E-01, 3.5120E+00,-3.5889E-01, 2.5281E+00, 4.8462E-01, 5.6714E+00,-3.5156E-01, 6.1584E+00
"c1                                                                                                                    "
  12582.080, -59417.910,-6.2744E-01, 3.5120E+00,-3.5767E-01, 2.5305E+00, 6.1279E-01, 5.8032E+00,-3.5034E-01, 6.1597E+00
"c2                                                                                                                    "
  12641.110, -59357.750,-6.2500E-01, 3.5120E+00,-5.4565E-01, 2.3340E+00, 3.2104E-01, 5.5481E+00,-3.4668E-01, 6.1584E+00
"f1                                                                                                                    "
  12642.101, -59355.830,-6.2500E-01, 3.5120E+00,-2.2461E-01, 2.6636E+00, 2.4536E-01, 5.4626E+00,-3.4912E-01, 6.1584E+00
"f2                                                                                                                    "
  12643.870, -55555.830,-6.2500E-01, 3.5120E+00,-2.2461E-01, 2.6636E+00, 2.4536E-01, 5.4626E+00,-3.4912E-01, 6.1584E+00
"b1s                                                                                                                   "
  12649.280, -59350.710,-6.2988E-01, 3.5120E+00,-5.2368E-01, 2.3376E+00, 2.6367E-01, 5.4785E+00,-3.4912E-01, 6.1584E+00
"c1                                                                                                                    "
  12649.920, -59350.070,-6.2500E-01, 3.5107E+00,-3.1494E-01, 2.5745E+00, 3.8696E-01, 5.6030E+00,-3.4668E-01, 6.1584E+00
"c2                                                                                                                    "
  12674.240, -59325.750,-6.1768E-01, 3.5120E+00,-3.5645E-01, 2.5293E+00, 6.5918E-01, 5.8533E+00,-3.5156E-01, 6.1584E+00
"c1                                                                                                                    "
  12674.880, -59325.110,-6.1768E-01, 3.5120E+00,-3.5645E-01, 2.5281E+00, 4.4189E-01, 5.6580E+00,-3.4912E-01, 6.1584E+00
"c2                                                                                                                    "
  12724.800, -59275.190,-6.1646E-01, 3.5120E+00,-3.5645E-01, 2.5293E+00, 5.1636E-01, 5.7214E+00,-3.4668E-01, 6.1584E+00
"f2                                                                                                                    "
  12727.360, -59272.630,-6.1890E-01, 3.5120E+00,-3.5645E-01, 2.5269E+00, 4.3457E-01, 5.6433E+00,-3.5034E-01, 6.1597E+00
"b1s                                                                                                                   "
  12729.280, -59270.710,-6.1646E-01, 3.5107E+00,-1.1414E+00, 1.8152E+00, 3.8818E-01, 5.5933E+00,-3.4668E-01, 6.1584E+00
"c1                                                                                                                    "
  12729.920, -59270.070,-6.2500E-01, 3.5120E+00,-1.1682E+00, 1.7590E+00, 6.4087E-01, 5.9143E+00,-3.5278E-01, 6.1572E+00
"c2                                                                                                                    "
  12815.680, -59184.310,-6.2134E-01, 3.5095E+00,-1.5283E+00, 1.3770E+00, 5.8960E-01, 5.7947E+00,-3.4912E-01, 6.1584E+00
"fb                                                                                                                    "
  12818.880, -59181.110,-6.2256E-01, 3.5095E+00,-1.5820E+00, 1.3452E+00, 5.7495E-01, 5.7849E+00,-3.4790E-01, 6.1572E+00
"c2                                                                                                                    "
  12972.800, -59027.190,-6.2622E-01, 3.5107E+00,-8.6792E-01, 1.9470E+00, 6.8726E-01, 5.8960E+00,-3.5034E-01, 6.1584E+00
"f2                                                                                                                    "
  12974.720, -59025.270,-6.2256E-01, 3.5107E+00,-1.1499E+00, 1.7529E+00, 6.1890E-01, 5.8264E+00,-3.5034E-01, 6.1584E+00
"fb                                                                                                                    "
  12976.000, -59023.990,-6.2500E-01, 3.5107E+00,-1.2036E+00, 1.7163E+00, 7.7515E-01, 5.9265E+00,-3.5034E-01, 6.1584E+00
"c1                                                                                                                    "
  12976.640, -59023.350,-6.2988E-01, 3.5095E+00,-1.0889E+00, 1.7981E+00, 8.4106E-01, 6.0498E+00,-3.4668E-01, 6.1584E+00
"c2                                                                                                                    "
  13277.280, -58722.710,-6.2378E-01, 3.5095E+00, 1.2085E-01, 3.0029E+00, 7.0923E-01, 5.9277E+00,-3.4668E-01, 6.1609E+00
"c1                                                                                                                    "
  13277.920, -58722.070,-6.2622E-01, 3.5107E+00, 1.6113E-01, 3.0371E+00, 6.1646E-01, 5.8289E+00,-3.5156E-01, 6.1584E+00
"f2                                                                                                                    "
  13279.840, -58720.150,-6.2866E-01, 3.5095E+00, 1.8433E-01, 2.9175E+00, 6.5552E-01, 5.8765E+00,-3.5156E-01, 6.1584E+00
"b1s                                                                                                                   "
  13284.320, -58715.670,-6.2378E-01, 3.5107E+00, 1.6357E-01, 3.0371E+00, 6.5430E-01, 5.8716E+00,-3.4790E-01, 6.1572E+00
"c1                                                                                                                    "
  13284.960, -58715.030,-6.1890E-01, 3.5095E+00,-1.5259E-01, 2.7209E+00, 7.5317E-01, 5.9692E+00,-3.5034E-01, 6.1584E+00
"c2                                                                                                                    "
  13606.400, -58393.590,-6.3110E-01, 3.5095E+00,-1.9531E-01, 2.6904E+00, 8.3618E-01, 6.0522E+00,-3.5034E-01, 6.1572E+00
"f2                                                                                                                    "
  13608.960, -58391.030,-6.2256E-01, 3.5083E+00, 2.6123E-01, 3.0603E+00, 7.6782E-01, 5.9717E+00,-3.5034E-01, 6.1572E+00
"fb                                                                                                                    "
  13613.440, -58386.550,-6.2622E-01, 3.5095E+00, 3.3936E-01, 3.2104E+00, 6.3721E-01, 5.8459E+00,-3.5156E-01, 6.1584E+00
"f1                                                                                                                    "
  13614.100, -58336.550,-6.2623E-01, 3.5093E+00, 3.3933E-01, 3.2104E+00, 6.3721E-01, 5.8459E+00,-3.5156E-01, 6.1584E+00
"c2                                                                                                                    "
  13822.720, -58177.270,-6.2256E-01, 3.5083E+00, 4.6631E-01, 3.3362E+00, 6.9946E-01, 5.9106E+00,-3.4912E-01, 6.1572E+00
"f2                                                                                                                    "
  13822.770, -58171.510,-6.2500E-01, 3.5083E+00, 7.3730E-01, 3.5852E+00, 8.5938E-01, 6.0327E+00,-3.4790E-01, 6.1572E+00
"fb                                                                                                                    "
  13828.360, -58171.510,-6.2500E-01, 3.5083E+00, 7.3730E-01, 3.5852E+00, 8.5938E-01, 6.0327E+00,-3.4790E-01, 6.1572E+00
"c1                                                                                                                    "
  13829.760, -58170.230,-6.2866E-01, 3.5083E+00, 5.2490E-01, 3.3948E+00, 8.3984E-01, 6.0071E+00,-3.4668E-01, 6.1572E+00
"c2                                                                                                                    "
  14016.640, -57983.350,-6.2988E-01, 3.5071E+00, 4.4312E-01, 3.3191E+00, 6.2744E-01, 5.8362E+00,-3.4912E-01, 6.1572E+00
"b1s                                                                                                                   "
  14034.560, -57965.430,-6.2378E-01, 3.5071E+00, 5.0415E-01, 3.3679E+00, 6.4819E-01, 5.8728E+00,-3.4790E-01, 6.1572E+00
"c1                                                                                                                    "
  14035.840, -57964.150,-6.2744E-01, 3.5071E+00, 4.4556E-01, 3.3203E+00, 7.0679E-01, 5.9619E+00,-3.4912E-01, 6.1572E+00
"c2                                                                                                                    "
  14056.320, -57943.670,-6.2866E-01, 3.5071E+00, 2.4414E-02, 2.9297E+00, 7.1655E-01, 5.9167E+00,-3.5034E-01, 6.1572E+00
"b1                                                                                                                    "
  14064.000, -57935.990,-6.2866E-01, 3.5071E+00,-8.7891E-02, 2.8027E+00, 5.7739E-01, 5.7874E+00,-3.5034E-01, 6.1572E+00
"np                                                                                                                    "
  14367.520, -57632.470,-6.2988E-01, 3.5059E+00,-1.9287E-01, 2.6965E+00, 2.3193E-01, 5.4199E+00,-3.5278E-01, 6.1560E+00
"a                                                                                                                     "
  14369.440, -57630.550,-6.2744E-01, 3.5059E+00, 4.4800E-01, 3.3142E+00,-2.0386E-01, 5.0146E+00,-3.5034E-01, 6.1560E+00
"np                                                                                                                    "
  14372.640, -57627.350,-6.3110E-01, 3.5059E+00, 2.4292E-01, 2.9346E+00,-2.1240E-01, 5.0073E+00,-3.5034E-01, 6.1560E+00
"a                                                                                                                     "
  14375.840, -57624.150,-6.2988E-01, 3.5071E+00, 2.9541E-01, 3.1860E+00,-2.0508E-01, 5.0171E+00,-3.5156E-01, 6.1560E+00
"np                                                                                                                    "
  14378.400, -57621.590,-6.2622E-01, 3.5071E+00, 1.9531E-01, 3.0737E+00,-1.7944E-01, 5.0366E+00,-3.4790E-01, 6.1560E+00
"a                                                                                                                     "
  14384.800, -57615.190,-6.3232E-01, 3.5059E+00, 3.9795E-01, 3.2690E+00,-2.4536E-01, 4.9866E+00,-3.5400E-01, 6.1572E+00
"b1                                                                                                                    "
  14418.720, -57581.270,-6.2744E-01, 3.5071E+00, 5.1758E-01, 3.3911E+00,-3.9307E-01, 4.8291E+00,-3.5156E-01, 6.1560E+00
"b2                                                                                                                    "
  14421.280, -57578.710,-6.2622E-01, 3.5071E+00, 5.6030E-01, 3.4265E+00,-3.9551E-01, 4.8145E+00,-3.5278E-01, 6.1560E+00
"b1                                                                                                                    "
  14527.520, -57472.470,-6.3354E-01, 3.5071E+00, 3.4180E-01, 3.2104E+00,-2.3315E-01, 4.9866E+00,-3.5156E-01, 6.1572E+00
"g                                                                                                                     "
  14938.400, -57061.590,-6.2500E-01, 3.5059E+00,-2.9053E-01, 2.5952E+00, 1.5747E-01, 5.3809E+00,-3.5156E-01, 6.1560E+00
"b1                                                                                                                    "
  14947.360, -57052.630,-6.3110E-01, 3.5059E+00,-3.0151E-01, 2.5830E+00,-1.9653E-01, 5.0269E+00,-3.5156E-01, 6.1560E+00
"np                                                                                                                    "
  14987.680, -57012.310,-6.3110E-01, 3.5059E+00,-2.5024E-01, 2.6343E+00, 3.1738E-02, 5.1868E+00,-3.5522E-01, 6.1548E+00
"a                                                                                                                     "
  14988.960, -57011.030,-6.2500E-01, 3.5059E+00,-2.4414E-01, 2.6379E+00,-8.5449E-02, 5.1318E+00,-3.5156E-01, 6.1536E+00
"b1                                                                                                                    "
  15024.800, -56975.190,-6.2744E-01, 3.5046E+00,-2.4414E-01, 2.6440E+00,-3.9063E-02, 5.1807E+00,-3.5278E-01, 6.1548E+00
"g                                                                                                                     "
  15088.160, -56911.830,-6.2744E-01, 3.5059E+00,-2.4170E-01, 2.6392E+00, 4.3945E-02, 5.2722E+00,-3.5278E-01, 6.1548E+00
"c2                                                                                                                    "
  15667.680, -56332.310,-6.3232E-01, 3.5046E+00,-1.7212E-01, 2.7148E+00, 4.6753E-01, 5.6775E+00,-3.5156E-01, 6.1536E+00
"b1                                                                                                                    "
  15669.180, -56330.810,-6.3110E-01, 3.5046E+00,-6.9580E-02, 2.8113E+00, 4.6631E-01, 5.6787E+00,-3.5278E-01, 6.1536E+00
"np                                                                                                                    "
  15789.180, -56210.810,-6.1890E-01, 3.5181E+00,-1.1475E-01, 2.7661E+00,-2.1240E-01, 5.0061E+00,-3.5278E-01, 6.1536E+00
"a                                                                                                                     "
  15790.460, -56209.530,-6.1768E-01, 3.5107E+00,-1.4404E-01, 2.7271E+00,-1.8921E-01, 5.0330E+00,-3.5156E-01, 6.1536E+00
"b1                                                                                                                    "
  15812.860, -56187.130,-6.2012E-01, 3.5132E+00,-1.9409E-01, 2.7002E+00,-1.3550E-01, 5.0818E+00,-3.5522E-01, 6.1536E+00
"b2                                                                                                                    "
  15816.060, -56183.930,-6.1646E-01, 3.5132E+00, 1.0986E-02, 2.8833E+00,-1.5625E-01, 5.0562E+00,-3.5156E-01, 6.1536E+00
"b1                                                                                                                    "
  15855.740, -56144.250,-6.2256E-01, 3.5132E+00, 1.0620E-01, 2.9749E+00,-1.4038E-01, 5.0757E+00,-3.5278E-01, 6.1523E+00
"c2                                                                                                                    "
  15863.420, -56136.570,-6.1768E-01, 3.5156E+00,-2.0752E-02, 2.8540E+00,-5.0049E-02, 5.1672E+00,-3.5645E-01, 6.1523E+00
"g                                                                                                                     "
  16063.740, -55936.250,-6.2988E-01, 3.5034E+00, 3.5400E-02, 2.9089E+00,-5.1270E-02, 5.1672E+00,-3.5400E-01, 6.1536E+00
"np                                                                                                                    "
  16065.020, -55934.970,-6.2988E-01, 3.5034E+00,-1.1963E-01, 2.7625E+00,-4.5166E-02, 5.1672E+00,-3.5400E-01, 6.1523E+00
"a                                                                                                                     "
  16065.660, -55934.330,-6.3477E-01, 3.5034E+00,-1.1841E-01, 2.7588E+00, 1.9043E-01, 5.3662E+00,-3.5767E-01, 6.1536E+00
"b1                                                                                                                    "
  16086.780, -55913.210,-6.2866E-01, 3.5059E+00, 1.9531E-02, 2.8955E+00, 2.2827E-01, 5.4431E+00,-3.5645E-01, 6.1523E+00
"np                                                                                                                    "
  22484.860, -49515.130,-6.3354E-01, 3.4998E+00,-9.3994E-02, 2.7808E+00,-2.0874E-01, 5.0159E+00,-3.6011E-01, 6.1487E+00
"a                                                                                                                     "
  22486.140, -49513.850,-6.3232E-01, 3.4998E+00, 3.9795E-01, 3.2629E+00,-3.9429E-01, 4.8352E+00,-3.5889E-01, 6.1487E+00
"b1                                                                                                                    "
  22539.260, -49460.730,-6.3965E-01, 3.4961E+00,-3.6377E-01, 2.5000E+00,-2.3438E-01, 4.9841E+00,-3.6133E-01, 6.1487E+00
"np                                                                                                                    "
  22546.940, -49453.050,-6.3965E-01, 3.4961E+00, 3.4180E-01, 3.2080E+00,-2.2095E-01, 4.9988E+00,-3.6011E-01, 6.1487E+00
"a                                                                                                                     "
  22548.220, -49451.770,-6.4209E-01, 3.4949E+00, 3.5522E-01, 3.2251E+00,-4.1138E-01, 4.8193E+00,-3.6133E-01, 6.1475E+00
"b1                                                                                                                    "
  22568.060, -49431.930,-6.3721E-01, 3.4961E+00,-9.7656E-02, 2.7771E+00,-1.7700E-01, 5.0452E+00,-3.6011E-01, 6.1475E+00
"b2                                                                                                                    "
  22569.980, -49430.010,-6.3721E-01, 3.4961E+00, 6.9580E-02, 2.9431E+00,-1.8921E-01, 5.0220E+00,-3.6011E-01, 6.1487E+00
"b1                                                                                                                    "
  22678.780, -49321.210,-6.3965E-01, 3.4961E+00, 3.5522E-01, 3.2214E+00,-2.4048E-01, 4.9731E+00,-3.6133E-01, 6.1475E+00
"np                                                                                                                    "
  22740.860, -49259.130,-6.3965E-01, 3.4949E+00,-1.5991E-01, 2.7246E+00, 1.1230E-01, 5.3430E+00,-3.6011E-01, 6.1475E+00
"a                                                                                                                     "
  22744.700, -49255.290,-6.4209E-01, 3.4961E+00, 1.2695E-01, 3.0103E+00,-4.1016E-01, 4.8035E+00,-3.6011E-01, 6.1475E+00
"b1                                                                                                                    "
  22762.620, -49237.370,-6.3599E-01, 3.5022E+00,-1.3428E-01, 2.7502E+00,-2.6855E-01, 4.9524E+00,-3.6011E-01, 6.1487E+00
"b2                                                                                                                    "
  22766.460, -49233.530,-6.3721E-01, 3.4973E+00, 3.1494E-01, 3.1799E+00,-2.7222E-01, 4.9487E+00,-3.5889E-01, 6.1475E+00
"b1                                                                                                                    "
  22779.260, -49220.730,-6.3965E-01, 3.4973E+00, 7.9346E-02, 2.9529E+00,-2.3071E-01, 4.9854E+00,-3.6011E-01, 6.1487E+00
"np                                                                                                                    "
  22808.700, -49191.290,-6.3843E-01, 3.4961E+00,-1.6724E-01, 2.7087E+00,-2.1240E-01, 5.0037E+00,-3.6011E-01, 6.1475E+00
"a                                                                                                                     "
  22810.620, -49189.370,-6.3965E-01, 3.4949E+00, 1.0376E-01, 2.8528E+00,-5.0293E-01, 4.7192E+00,-3.6133E-01, 6.1475E+00
"b1                                                                                                                    "
  22830.460, -49169.530,-6.4087E-01, 3.4961E+00, 2.1118E-01, 3.1116E+00,-3.5156E-01, 4.8755E+00,-3.6133E-01, 6.1475E+00
"b2                                                                                                                    "
  22834.940, -49165.050,-6.4209E-01, 3.4961E+00,-1.8677E-01, 2.6965E+00,-3.5645E-01, 4.8657E+00,-3.6011E-01, 6.1475E+00
"b1                                                                                                                    "
  22959.100, -49040.890,-6.3965E-01, 3.4961E+00, 4.5654E-01, 3.3093E+00,-2.8809E-01, 4.9280E+00,-3.6011E-01, 6.1475E+00
"b2                                                                                                                    "
  22962.940, -49037.050,-6.2744E-01, 3.5071E+00, 4.1382E-01, 3.2800E+00,-3.3203E-01, 4.8926E+00,-3.5889E-01, 6.1487E+00
"b1                                                                                                                    "
  23004.540, -48995.450,-6.3965E-01, 3.4949E+00, 1.1597E-01, 2.9883E+00,-3.2715E-01, 4.8999E+00,-3.6133E-01, 6.1475E+00
"b2                                                                                                                    "
  23006.460, -48993.530,-6.3843E-01, 3.4949E+00,-1.3794E-01, 2.7393E+00,-3.3081E-01, 4.8865E+00,-3.5889E-01, 6.1475E+00
"b1                                                                                                                    "
  23022.460, -48977.530,-6.4331E-01, 3.4961E+00, 4.2603E-01, 3.2715E+00,-1.3794E-01, 5.0354E+00,-3.6133E-01, 6.1487E+00
"c1                                                                                                                    "
  23025.020, -48974.970,-6.3599E-01, 3.4998E+00,-1.4038E-01, 2.7649E+00,-1.5625E-01, 5.0684E+00,-3.6133E-01, 6.1475E+00
"fb1w                                                                                                                  "
  23026.300, -48973.690,-6.3232E-01, 3.5010E+00, 4.2358E-01, 3.2874E+00,-2.1484E-01, 5.0024E+00,-3.6011E-01, 6.1475E+00
"b1s                                                                                                                   "
  23029.500, -48970.490,-6.3110E-01, 3.5022E+00, 4.3579E-01, 3.2886E+00, 3.6621E-03, 5.1501E+00,-3.5889E-01, 6.1487E+00
"c1                                                                                                                    "
  23031.420, -48968.570,-6.3599E-01, 3.5022E+00,-1.1353E-01, 2.7686E+00,-4.8828E-02, 5.1245E+00,-3.6011E-01, 6.1475E+00
"c2                                                                                                                    "
  23035.260, -48964.730,-6.3721E-01, 3.5010E+00, 4.5654E-01, 3.3154E+00,-2.3560E-01, 4.9854E+00,-3.6011E-01, 6.1487E+00
"c1                                                                                                                    "
  23036.540, -48963.450,-6.3477E-01, 3.5010E+00,-1.4526E-01, 2.7344E+00, 8.3008E-02, 5.2771E+00,-3.6255E-01, 6.1487E+00
"c2                                                                                                                    "
  23069.220, -48930.170,-6.3721E-01, 3.4998E+00,-3.0396E-01, 2.5720E+00,-1.7700E-01, 5.0464E+00,-3.6011E-01, 6.1475E+00
"f1                                                                                                                    "
  23069.700, -48927.610,-6.3599E-01, 3.4998E+00,-3.4790E-01, 2.5269E+00,-2.6978E-01, 4.9487E+00,-3.6011E-01, 6.1487E+00
"f2                                                                                                                    "
  23072.550, -48927.610,-6.3599E-01, 3.4998E+00,-3.4790E-01, 2.5269E+00,-2.6978E-01, 4.9487E+00,-3.6011E-01, 6.1487E+00
"b1s                                                                                                                   "
  23074.300, -48925.690,-6.3232E-01, 3.4998E+00,-3.3691E-01, 2.5476E+00,-2.6855E-02, 5.1392E+00,-3.6011E-01, 6.1487E+00
"c1                                                                                                                    "
  23078.140, -48921.850,-6.3599E-01, 3.4998E+00, 4.1748E-01, 3.2861E+00, 1.6321E+00, 6.8506E+00,-3.5889E-01, 6.1487E+00
"c2                                                                                                                    "
  23096.700, -48903.290,-6.3354E-01, 3.4998E+00,-1.3306E-01, 2.7454E+00,-2.6855E-02, 5.1831E+00,-3.6255E-01, 6.1475E+00
"c1                                                                                                                    "
  23098.620, -48901.370,-6.3965E-01, 3.4998E+00,-1.5381E-01, 2.7234E+00,-1.2695E-01, 5.0928E+00,-3.5889E-01, 6.1487E+00
"f2                                                                                                                    "
  23101.820, -48898.170,-6.3721E-01, 3.4998E+00, 3.3203E-01, 3.1946E+00,-1.5869E-02, 5.1758E+00,-3.5889E-01, 6.1475E+00
"b1s                                                                                                                   "
  23106.940, -48893.050,-6.3477E-01, 3.4985E+00, 2.9907E-01, 3.1641E+00,-1.2329E-01, 5.0903E+00,-3.6133E-01, 6.1487E+00
"fb                                                                                                                  "
  23108.220, -48891.770,-6.3965E-01, 3.4985E+00,-1.8677E-01, 2.6953E+00,-1.0864E-01, 5.1343E+00,-3.6133E-01, 6.1475E+00
"b1s                                                                                                                   "
  23110.780, -48889.210,-6.3965E-01, 3.4985E+00, 2.4536E-01, 3.1262E+00, 1.0864E-01, 5.2344E+00,-3.5889E-01, 6.1487E+00
"c2                                                                                                                    "
  23112.060, -48887.930,-6.3232E-01, 3.4998E+00, 4.0039E-01, 3.2764E+00, 8.1787E-02, 5.2405E+00,-3.6377E-01, 6.1487E+00
"c2                                                                                                                    "
  23121.660, -48878.330,-6.3721E-01, 3.4985E+00,-1.5381E-01, 2.7234E+00, 2.9663E-01, 5.5103E+00,-3.5889E-01, 6.1475E+00
"c1                                                                                                                    "
  23122.940, -48877.050,-6.3965E-01, 3.4985E+00,-1.3916E-01, 2.7429E+00,-1.1230E-01, 5.1147E+00,-3.6133E-01, 6.1487E+00
"b1                                                                                                                    "
  23270.140, -48729.850,-6.3599E-01, 3.4985E+00,-1.2573E-01, 2.7490E+00, 3.5400E-02, 5.2515E+00,-3.6011E-01, 6.1475E+00
"g                                                                                                                     "
  23624.060, -48375.930,-6.3599E-01, 3.4961E+00,-1.6602E-01, 2.7063E+00, 2.4780E-01, 5.4980E+00,-3.6011E-01, 6.1475E+00
"b1                                                                                                                    "
  23970.300, -48029.690,-6.3843E-01, 3.4973E+00,-1.3306E-01, 2.7454E+00,-8.6670E-02, 5.1819E+00,-3.5889E-01, 6.1475E+00
"np                                                                                                                    "
  23990.140, -48009.850,-6.3965E-01, 3.4973E+00,-2.0020E-01, 2.6782E+00,-1.0376E-01, 5.1208E+00,-3.5889E-01, 6.1475E+00
"a                                                                                                                     "
  23991.420, -48008.570,-6.3599E-01, 3.4985E+00,-2.2217E-01, 2.6575E+00, 4.7729E-01, 5.6934E+00,-3.6255E-01, 6.1475E+00
"b1                                                                                                                    "
  24051.580, -47948.410,-6.3721E-01, 3.4973E+00,-3.2349E-01, 2.5610E+00,-1.3428E-01, 5.0867E+00,-3.6011E-01, 6.1475E+00
"np                                                                                                                    "
  24138.620, -47861.370,-6.3354E-01, 3.4985E+00,-2.7222E-01, 2.6086E+00,-1.3672E-01, 5.0818E+00,-3.6133E-01, 6.1475E+00
"a                                                                                                                     "
  24140.540, -47859.450,-6.4087E-01, 3.4985E+00,-3.5522E-01, 2.5305E+00, 2.2461E-01, 5.5481E+00,-3.6011E-01, 6.1475E+00
"b1                                                                                                                    "
  24196.860, -47803.130,-6.3843E-01, 3.4985E+00,-3.4058E-01, 2.5427E+00, 4.8584E-01, 5.7007E+00,-3.5889E-01, 6.1475E+00
"np                                                                                                                    "
  24329.980, -47670.010,-6.4087E-01, 3.5022E+00,-2.9785E-01, 2.5818E+00,-1.0254E-01, 5.1196E+00,-3.6011E-01, 6.1475E+00
"a                                                                                                                     "
  24332.540, -47667.450,-6.3599E-01, 3.5022E+00,-3.0518E-01, 2.5745E+00, 5.1636E-01, 5.7288E+00,-3.6133E-01, 6.1475E+00
"b1                                                                                                                    "
  24595.580, -47404.410,-6.4209E-01, 3.4998E+00,-3.8452E-01, 2.5024E+00,-1.1475E-01, 5.1086E+00,-3.6255E-01, 6.1450E+00
"np                                                                                                                    "
  24610.300, -47389.690,-6.3354E-01, 3.4985E+00,-3.9307E-01, 2.4829E+00, 5.1636E-01, 5.7263E+00,-3.6255E-01, 6.1438E+00
"a                                                                                                                     "
  24610.940, -47389.050,-6.3477E-01, 3.4998E+00,-3.8086E-01, 2.5049E+00, 5.3467E-01, 5.7422E+00,-3.6255E-01, 6.1438E+00
"b1                                                                                                                    "
  24633.980, -47366.010,-6.3599E-01, 3.4985E+00,-3.7842E-01, 2.5012E+00,-1.1108E-01, 5.1050E+00,-3.6377E-01, 6.1438E+00
"np                                                                                                                    "
  24649.340, -47350.650,-6.3965E-01, 3.4973E+00,-3.7354E-01, 2.5037E+00, 5.4565E-01, 5.5615E+00,-3.6499E-01, 6.1438E+00
"a                                                                                                                     "
  24649.980, -47350.010,-6.3843E-01, 3.4973E+00,-3.7720E-01, 2.5061E+00,-5.7373E-02, 5.1123E+00,-3.6499E-01, 6.1438E+00
"b1                                                                                                                    "
  24728.700, -47271.290,-6.3843E-01, 3.4949E+00,-4.0039E-01, 2.4829E+00,-1.1597E-01, 5.1025E+00,-3.6499E-01, 6.1426E+00
"np                                                                                                                    "
  24734.460, -47265.530,-6.4209E-01, 3.4949E+00,-3.5400E-01, 2.5220E+00,-6.9580E-02, 5.1892E+00,-3.6621E-01, 6.1426E+00
"b1                                                                                                                    "
  24783.100, -47216.890,-6.3965E-01, 3.4949E+00,-3.8086E-01, 2.5024E+00,-1.2085E-01, 5.0989E+00,-3.6743E-01, 6.1414E+00
"np                                                                                                                    "
  24787.580, -47212.410,-6.3843E-01, 3.4949E+00,-3.8330E-01, 2.5037E+00, 5.1025E-01, 5.7495E+00,-3.6499E-01, 6.1426E+00
"a                                                                                                                     "
  24788.220, -47211.770,-6.4087E-01, 3.4949E+00,-3.6865E-01, 2.5146E+00, 5.6030E-01, 5.7690E+00,-3.6621E-01, 6.1414E+00
"b1                                                                                                                    "
  25072.380, -46927.610,-6.4575E-01, 3.4937E+00,-3.6499E-01, 2.5220E+00, 5.3223E-01, 5.7471E+00,-3.6621E-01, 6.1414E+00
"np                                                                                                                    "
  25195.260, -46804.730,-6.4575E-01, 3.4924E+00,-3.5645E-01, 2.5269E+00,-1.3916E-01, 5.0818E+00,-3.6743E-01, 6.1401E+00
"a                                                                                                                     "
  25199.760, -46800.230,-6.4209E-01, 3.4937E+00,-3.4912E-01, 2.5330E+00, 4.9805E-01, 5.7092E+00,-3.6621E-01, 6.1414E+00
"b1                                                                                                                    "
  25255.760, -46744.230,-6.4331E-01, 3.4937E+00,-2.3682E-01, 2.6392E+00, 3.3325E-01, 5.5481E+00,-3.6621E-01, 6.1414E+00
"np                                                                                                                    "
  35962.320, -36037.670,-6.5308E-01, 3.4863E+00, 2.3071E-01, 3.1201E+00,-2.4780E-01, 4.9756E+00,-3.6987E-01, 6.1389E+00
