"NP                                                                                                                    "
   1912.870, -70087.120, 7.5439E-01, 4.8718E+00,-4.6997E-01, 2.4023E+00,-5.2979E-01, 4.7034E+00,-3.4790E-01, 6.1719E+00
"P                                                                                                                     "
   1953.760, -70046.230, 1.6150E+00, 5.7336E+00,-7.6050E-01, 2.1533E+00,-5.3223E-01, 4.7058E+00,-3.4912E-01, 6.1719E+00
"B2                                                                                                                    "
   1957.690, -70042.300, 3.4912E-01, 4.5007E+00,-6.7017E-01, 2.2144E+00,-5.3101E-01, 4.7034E+00,-3.4424E-01, 6.1719E+00
"P                                                                                                                     "
   2015.200, -69984.790,-3.0273E-01, 3.8306E+00,-6.9824E-01, 2.1631E+00,-5.2490E-01, 4.7034E+00,-3.4790E-01, 6.1731E+00
"C                                                                                                                     "
   2015.500, -69984.490,-3.0884E-01, 3.8293E+00,-4.2114E-01, 2.5354E+00,-5.3223E-01, 4.7046E+00,-3.4790E-01, 6.1731E+00
"D                                                                                                                     "
   2021.410, -69978.580, 1.3464E+00, 5.4565E+00,-5.4199E-01, 2.3694E+00,-5.3101E-01, 4.7046E+00,-3.4790E-01, 6.1731E+00
"C                                                                                                                     "
   2068.660, -69931.330,-3.6255E-01, 3.7793E+00,-3.7598E-01, 2.5232E+00,-5.2979E-01, 4.7046E+00,-3.4546E-01, 6.1719E+00
"F2                                                                                                                    "
   2071.630, -69928.360,-3.6011E-01, 3.7830E+00,-3.9795E-01, 2.4402E+00,-5.2856E-01, 4.7046E+00,-3.4790E-01, 6.1719E+00
"D                                                                                                                     "
   2253.220, -69746.770,-3.4912E-01, 3.7939E+00,-1.3916E-01, 2.7051E+00,-5.2246E-01, 4.7046E+00,-3.4546E-01, 6.1731E+00
"C                                                                                                                     "
   2260.330, -69739.660,-3.4546E-01, 3.7964E+00, 4.0649E-01, 3.1519E+00,-5.3833E-01, 4.7021E+00,-3.4424E-01, 6.1731E+00
"D                                                                                                                     "
   4368.520, -67631.470,-3.5034E-01, 3.7988E+00,-1.6846E-01, 2.7515E+00,-5.2979E-01, 4.7034E+00,-3.4668E-01, 6.1731E+00
"F2                                                                                                                    "
   4371.490, -67628.500,-3.3936E-01, 3.8000E+00,-6.5552E-01, 2.2168E+00,-5.3223E-01, 4.7046E+00,-3.4668E-01, 6.1731E+00
"B                                                                                                                     "
   4406.320, -67593.670,-3.0151E-01, 3.8354E+00,-6.0791E-01, 2.2791E+00,-5.2856E-01, 4.7034E+00,-3.4546E-01, 6.1731E+00
"C                                                                                                                     "
   4412.980, -67587.010,-3.3081E-01, 3.8049E+00,-2.2339E-01, 2.6599E+00,-5.3467E-01, 4.7034E+00,-3.4546E-01, 6.1743E+00
"D                                                                                                                     "
   4565.530, -67434.460, 5.7251E-01, 4.6985E+00,-1.0986E-01, 2.7673E+00,-5.2856E-01, 4.7034E+00,-3.4424E-01, 6.1731E+00
"G                                                                                                                     "
   4848.430, -67151.560,-6.1035E-01, 3.5303E+00,-1.9531E-02, 2.8552E+00,-5.3101E-01, 4.7046E+00,-3.4546E-01, 6.1743E+00
"D                                                                                                                     "
   4852.870, -67147.120,-6.1401E-01, 3.5315E+00,-1.0132E-01, 2.7808E+00,-5.3223E-01, 4.7046E+00,-3.4424E-01, 6.1731E+00
"G                                                                                                                     "
   5245.660, -66754.330, 3.3447E-01, 4.4543E+00,-1.2207E-01, 2.7515E+00,-5.2979E-01, 4.7034E+00,-3.4790E-01, 6.1731E+00
"DG                                                                                                                    "
   5779.360, -66220.630,-4.1016E-01, 3.7354E+00,-3.7720E-01, 2.5623E+00,-5.2856E-01, 4.7034E+00,-3.4546E-01, 6.1731E+00
"F2                                                                                                                    "
   5781.670, -66218.320,-4.0649E-01, 3.7317E+00,-7.9956E-01, 2.0813E+00,-5.2612E-01, 4.7021E+00,-3.4302E-01, 6.1731E+00
"G                                                                                                                     "
   5805.910, -66194.080,-4.0649E-01, 3.7390E+00,-3.8818E-01, 2.5049E+00,-5.2734E-01, 4.7034E+00,-3.4546E-01, 6.1731E+00
"NP                                                                                                                    "
  15573.490, -56426.500, 2.2070E+00, 6.3037E+00, 6.4331E-01, 3.3337E+00, 6.8604E-01, 5.8850E+00,-4.0894E-01, 6.1133E+00
"P                                                                                                                     "
  15847.990, -56152.000, 8.3374E-01, 4.9670E+00, 4.2480E-01, 3.3069E+00, 7.8003E-01, 6.0059E+00,-4.1260E-01, 6.1096E+00
"G                                                                                                                     "
  15900.850, -56099.140, 7.0435E-01, 4.8389E+00, 8.9722E-01, 3.7854E+00, 7.3364E-01, 5.9692E+00,-4.1382E-01, 6.1108E+00
"P                                                                                                                     "
  15956.620, -56043.370, 6.8237E-01, 4.8108E+00,-3.1982E-01, 2.6147E+00, 7.3730E-01, 5.9705E+00,-4.1138E-01, 6.1108E+00
"NP                                                                                                                    "
  17368.900, -54631.090, 2.8809E-01, 4.4202E+00,-4.3579E-01, 2.4622E+00, 8.6548E-01, 6.0913E+00,-4.2236E-01, 6.1035E+00
"P                                                                                                                     "
  17483.560, -54516.430,-4.4556E-01, 3.7073E+00, 2.2461E-01, 3.1189E+00, 6.2134E-01, 5.8716E+00,-4.2236E-01, 6.1023E+00
"G                                                                                                                     "
  17502.550, -54497.440,-4.2236E-01, 3.7305E+00, 1.6333E+00, 4.4824E+00, 7.4097E-01, 5.9814E+00,-4.2358E-01, 6.1035E+00
"P                                                                                                                     "
  17516.410, -54483.580,-4.1382E-01, 3.7402E+00, 1.0425E+00, 3.9172E+00, 1.0425E+00, 6.3293E+00,-4.2236E-01, 6.1035E+00
"NP                                                                                                                    "
  36000.880, -35999.110,-2.9419E-01, 3.8513E+00,-4.4189E-01, 2.4548E+00, 6.7871E-01, 5.8887E+00,-4.1992E-01, 6.1060E+00
