"NP                                                                                                                    "
  14456.250, -57543.740,-6.0425E-01, 3.5425E+00,-3.5400E-01, 2.5232E+00,-5.2246E-01, 4.7095E+00,-1.0986E-01, 6.3647E+00
"P                                                                                                                     "
  14704.770, -57295.220,-6.0059E-01, 3.5461E+00,-3.5278E-01, 2.5256E+00,-5.2002E-01, 4.7144E+00,-3.2471E-01, 6.1963E+00
"Z                                                                                                                     "
  34557.840, -37442.150,-6.0059E-01, 3.5413E+00,-3.4912E-01, 2.5220E+00, 6.9092E-01, 5.9070E+00,-2.2583E-01, 6.2585E+00
"P                                                                                                                     "
  34613.160, -37386.830,-6.0059E-01, 3.5413E+00,-3.5278E-01, 2.5220E+00, 6.5552E-01, 5.8667E+00,-2.1240E-01, 6.3086E+00
"Z                                                                                                                     "
  36000.000, -35999.990,-6.0791E-01, 3.5376E+00,-3.5522E-01, 2.5208E+00, 3.2227E-01, 5.5396E+00,-3.3936E-01, 6.1792E+00
