"NP                                                                                                                    "
    413.160, -71586.830,-5.1758E-01, 3.6182E+00,-3.4302E-01, 2.5378E+00,-5.2612E-01, 4.7046E+00,-3.1250E-01, 6.2012E+00
"P                                                                                                                     "
    519.060, -71480.930, 4.9097E+00, 9.0320E+00,-3.4912E-01, 2.5330E+00,-4.8340E-01, 4.7266E+00,-3.0518E-01, 6.2073E+00
"Z                                                                                                                     "
   1168.320, -70831.670, 4.1174E+00, 7.1326E+00,-3.3447E-01, 2.5427E+00,-5.1758E-01, 4.7131E+00,-3.1860E-01, 6.1938E+00
"P                                                                                                                     "
   1250.970, -70749.020, 3.6719E+00, 7.7783E+00,-3.2227E-01, 2.5476E+00,-5.1880E-01, 4.7131E+00,-3.2104E-01, 6.1926E+00
"Z                                                                                                                     "
   1269.900, -70730.090,-5.6030E-01, 3.5791E+00,-3.4912E-01, 2.5269E+00,-5.1636E-01, 4.7131E+00,-3.1860E-01, 6.1938E+00
"P                                                                                                                     "
   1287.570, -70712.420, 3.5327E+00, 7.6184E+00,-3.5400E-01, 2.5281E+00,-5.1514E-01, 4.7131E+00,-3.2349E-01, 6.1938E+00
"B2                                                                                                                    "
   1291.770, -70708.220, 3.5583E+00, 7.6367E+00,-3.5522E-01, 2.5269E+00,-5.2002E-01, 4.7131E+00,-3.2104E-01, 6.1926E+00
"P                                                                                                                     "
   1318.830, -70681.160, 3.6621E-01, 4.9622E+00,-2.9907E-01, 2.5708E+00,-4.9438E-01, 4.7278E+00,-3.2227E-01, 6.1914E+00
"Z                                                                                                                     "
   1369.950, -70630.040, 4.1504E+00, 6.7578E+00, 2.3730E+00, 5.1575E+00,-3.9429E-01, 4.7778E+00,-3.2349E-01, 6.1914E+00
"P                                                                                                                     "
   1390.890, -70609.100, 3.7537E+00, 7.8564E+00, 1.7712E+00, 4.6082E+00,-5.0537E-01, 4.7266E+00,-3.2593E-01, 6.1902E+00
"B2                                                                                                                    "
   1392.360, -70607.630, 3.7952E+00, 7.8516E+00, 1.7383E+00, 4.5679E+00,-5.1758E-01, 4.7119E+00,-3.2227E-01, 6.1902E+00
"P                                                                                                                     "
   1422.690, -70577.300, 7.3853E-01, 6.3208E+00, 2.0068E+00, 4.8315E+00,-5.1147E-01, 4.7131E+00,-3.2227E-01, 6.1902E+00
"Z                                                                                                                     "
   1429.800, -70570.190, 4.1797E+00, 6.7322E+00, 1.8225E+00, 4.6619E+00,-5.2002E-01, 4.7095E+00,-3.2593E-01, 6.1914E+00
"P                                                                                                                     "
   1444.530, -70555.460, 2.8394E+00, 6.9409E+00, 2.1106E+00, 4.9536E+00,-5.1880E-01, 4.7107E+00,-3.2227E-01, 6.1902E+00
"C                                                                                                                     "
   1454.190, -70545.800, 3.3044E+00, 7.3962E+00, 2.3547E+00, 5.1831E+00,-5.2124E-01, 4.7095E+00,-3.2349E-01, 6.1902E+00
"CG                                                                                                                    "
   1474.380, -70525.610, 3.5913E+00, 7.6599E+00, 2.3376E+00, 5.1563E+00,-4.9194E-01, 4.7339E+00,-3.2227E-01, 6.1902E+00
"F2                                                                                                                    "
   1477.890, -70522.100, 3.1226E+00, 7.1997E+00, 2.2327E+00, 5.0610E+00,-5.2002E-01, 4.7119E+00,-3.2715E-01, 6.1890E+00
"B                                                                                                                     "
   1483.620, -70516.370, 3.4387E+00, 7.5073E+00, 2.4048E+00, 5.2258E+00,-5.1392E-01, 4.7156E+00,-3.2349E-01, 6.1890E+00
"C                                                                                                                     "
   1488.180, -70511.810, 3.5754E+00, 7.6440E+00, 2.3657E+00, 5.1892E+00,-4.8828E-01, 4.7363E+00,-3.1982E-01, 6.1890E+00
"CG                                                                                                                    "
   1502.910, -70497.080, 3.6768E+00, 7.7563E+00, 2.3267E+00, 5.1550E+00,-5.0171E-01, 4.7302E+00,-3.2837E-01, 6.1902E+00
"C                                                                                                                     "
   1514.940, -70485.050, 3.7366E+00, 7.8137E+00, 3.0530E+00, 5.8850E+00,-5.2002E-01, 4.7107E+00,-3.2349E-01, 6.1890E+00
"CG                                                                                                                    "
   1581.360, -70418.630, 3.7000E+00, 7.7905E+00, 2.6660E+00, 5.4822E+00,-5.2002E-01, 4.7095E+00,-3.2471E-01, 6.1890E+00
"F2                                                                                                                    "
   1583.790, -70416.200, 3.2434E+00, 7.3279E+00, 2.6807E+00, 5.4944E+00,-5.0415E-01, 4.7388E+00,-3.2471E-01, 6.1890E+00
"FB                                                                                                                    "
   1586.640, -70413.350, 3.4314E+00, 7.5012E+00, 3.2800E+00, 6.1108E+00,-5.0781E-01, 4.7241E+00,-3.2471E-01, 6.1890E+00
"B                                                                                                                     "
   1593.570, -70406.420, 3.7036E+00, 7.7759E+00, 2.6868E+00, 5.5005E+00,-5.1880E-01, 4.7107E+00,-3.2471E-01, 6.1902E+00
"CG                                                                                                                    "
   1603.650, -70396.340, 3.7695E+00, 7.8394E+00, 2.5842E+00, 5.3992E+00,-5.1880E-01, 4.7107E+00,-3.2227E-01, 6.1902E+00
"DG                                                                                                                    "
   1719.750, -70280.240, 3.6157E+00, 7.7527E+00,-3.5156E-01, 2.5317E+00,-5.1758E-01, 4.7131E+00,-3.2349E-01, 6.1926E+00
"F2                                                                                                                    "
   1722.060, -70277.930, 3.4436E+00, 7.5403E+00,-3.5400E-01, 2.5232E+00,-5.1636E-01, 4.7131E+00,-3.2104E-01, 6.1926E+00
"B                                                                                                                     "
   1729.020, -70270.970, 3.6951E+00, 7.7832E+00,-3.5400E-01, 2.5256E+00,-5.1514E-01, 4.7131E+00,-3.2227E-01, 6.1926E+00
"DG                                                                                                                    "
   1795.200, -70204.790, 3.6487E+00, 7.7185E+00, 2.3523E+00, 5.1782E+00,-5.1514E-01, 4.7156E+00,-3.2227E-01, 6.1938E+00
"D                                                                                                                     "
   2106.840, -69893.150, 3.8416E+00, 7.9199E+00,-3.5889E-01, 2.5208E+00,-5.1514E-01, 4.7131E+00,-3.2227E-01, 6.1926E+00
"C                                                                                                                     "
   2108.580, -69891.410, 3.9343E+00, 7.9944E+00,-3.5645E-01, 2.5220E+00,-5.1392E-01, 4.7131E+00,-3.2227E-01, 6.1914E+00
"D                                                                                                                     "
   3106.260, -68893.730, 3.5718E+00, 7.6843E+00,-3.6377E-01, 2.5183E+00,-5.1880E-01, 4.7119E+00,-3.2227E-01, 6.1902E+00
"F2                                                                                                                    "
   3109.230, -68890.760, 3.3960E+00, 7.4341E+00,-3.6499E-01, 2.5183E+00,-5.2002E-01, 4.7107E+00,-3.2837E-01, 6.1902E+00
"FB                                                                                                                    "
   3110.730, -68889.260, 3.0872E+00, 7.1887E+00,-3.6377E-01, 2.5183E+00,-5.1758E-01, 4.7119E+00,-3.2837E-01, 6.1890E+00
"B                                                                                                                     "
   3113.580, -68886.410, 3.4436E+00, 7.5500E+00,-3.6133E-01, 2.5171E+00,-5.1758E-01, 4.7107E+00,-3.2349E-01, 6.1890E+00
"C                                                                                                                     "
   3114.930, -68885.060, 3.4595E+00, 7.6709E+00,-3.6377E-01, 2.5183E+00,-5.1636E-01, 4.7107E+00,-3.2593E-01, 6.1890E+00
"B                                                                                                                     "
   3115.950, -68884.040, 3.6902E+00, 7.6599E+00,-3.6377E-01, 2.5183E+00,-5.1758E-01, 4.7107E+00,-3.2227E-01, 6.1902E+00
"D                                                                                                                     "
   3164.250, -68835.740, 3.6243E+00, 7.7087E+00,-3.6133E-01, 2.5183E+00,-5.1758E-01, 4.7119E+00,-3.2715E-01, 6.1890E+00
"P                                                                                                                     "
   3184.200, -68815.790,-8.1787E-02, 4.9719E+00,-3.6255E-01, 2.5183E+00,-5.1636E-01, 4.7119E+00,-3.2471E-01, 6.1902E+00
"Z                                                                                                                     "
   3576.870, -68423.120, 3.2104E+00, 6.5625E+00,-3.5889E-01, 2.5208E+00,-5.1392E-01, 4.7131E+00,-3.2227E-01, 6.1926E+00
"P                                                                                                                     "
   3602.430, -68397.560, 2.1533E+00, 6.2842E+00,-3.5645E-01, 2.5195E+00,-5.1514E-01, 4.7131E+00,-3.1982E-01, 6.1926E+00
"B                                                                                                                     "
   3605.520, -68394.470, 2.1619E+00, 6.2585E+00,-3.6377E-01, 2.5195E+00,-5.1636E-01, 4.7144E+00,-3.2593E-01, 6.1914E+00
"G                                                                                                                     "
   3613.320, -68386.670, 2.8394E+00, 6.9275E+00,-3.5767E-01, 2.5195E+00,-5.1636E-01, 4.7144E+00,-3.2227E-01, 6.1938E+00
"P                                                                                                                     "
   3617.160, -68382.830, 2.7441E+00, 6.8848E+00,-3.6133E-01, 2.5195E+00,-5.1514E-01, 4.7131E+00,-3.2349E-01, 6.1914E+00
"G                                                                                                                     "
   3661.920, -68338.070, 2.1594E+00, 6.2476E+00,-3.5767E-01, 2.5195E+00,-5.1514E-01, 4.7131E+00,-3.2349E-01, 6.1914E+00
"DG                                                                                                                    "
   3674.130, -68325.860, 1.3733E+00, 5.4883E+00,-3.6377E-01, 2.5195E+00,-5.1758E-01, 4.7119E+00,-3.2104E-01, 6.1914E+00
"G                                                                                                                     "
   3696.990, -68303.000, 1.5515E+00, 5.6665E+00,-3.5767E-01, 2.5195E+00,-5.1758E-01, 4.7131E+00,-3.1982E-01, 6.1902E+00
"CG                                                                                                                    "
   3704.910, -68295.080, 1.4478E+00, 5.7312E+00,-3.6011E-01, 2.5183E+00,-5.1636E-01, 4.7131E+00,-3.2227E-01, 6.1902E+00
"CG                                                                                                                    "
   3731.790, -68268.200, 1.2012E+00, 5.2979E+00,-3.6133E-01, 2.5195E+00,-5.1758E-01, 4.7119E+00,-3.2227E-01, 6.1902E+00
"G                                                                                                                     "
   3785.790, -68214.200, 2.0715E+00, 6.1682E+00,-3.6377E-01, 2.5195E+00,-5.1636E-01, 4.7119E+00,-3.2593E-01, 6.1914E+00
"CG                                                                                                                    "
   3801.450, -68198.540, 2.2131E+00, 6.3293E+00,-3.6133E-01, 2.5195E+00,-5.1758E-01, 4.7131E+00,-3.2593E-01, 6.1914E+00
"G                                                                                                                     "
   4018.380, -67981.610, 1.7969E+00, 6.6663E+00,-3.6377E-01, 2.5208E+00,-5.1270E-01, 4.7156E+00,-3.2471E-01, 6.1926E+00
"Z                                                                                                                     "
   7443.570, -64556.420, 3.0054E+00, 6.6724E+00,-3.5767E-01, 2.5208E+00,-5.1025E-01, 4.7192E+00,-2.9297E-01, 6.2170E+00
"P                                                                                                                     "
   7465.920, -64534.070, 2.1436E+00, 6.2524E+00,-3.6011E-01, 2.5220E+00,-5.0903E-01, 4.7192E+00, 1.7346E+00, 8.2251E+00
"B2                                                                                                                    "
   7468.830, -64531.160, 2.1875E+00, 6.2842E+00,-3.5889E-01, 2.5208E+00,-5.0781E-01, 4.7192E+00, 1.7432E+00, 8.2275E+00
"P                                                                                                                     "
   7493.280, -64506.710, 2.1094E+00, 6.1963E+00,-3.5645E-01, 2.5208E+00,-5.0903E-01, 4.7192E+00, 1.5881E+00, 8.0847E+00
"B2                                                                                                                    "
   7495.680, -64504.310, 2.1082E+00, 6.1792E+00,-3.5767E-01, 2.5208E+00,-5.0903E-01, 4.7192E+00, 1.5991E+00, 8.0920E+00
"P                                                                                                                     "
   7513.170, -64486.820,-5.2124E-01, 3.6768E+00,-3.5767E-01, 2.5208E+00,-5.0903E-01, 4.7205E+00, 1.4648E+00, 7.9639E+00
"Z                                                                                                                     "
   7525.530, -64474.460, 3.1348E+00, 6.0144E+00,-3.5645E-01, 2.5208E+00,-5.0903E-01, 4.7192E+00, 1.3965E+00, 7.8870E+00
"P                                                                                                                     "
   7539.720, -64460.270, 1.5088E+00, 5.6226E+00,-3.6133E-01, 2.5208E+00,-5.0903E-01, 4.7192E+00, 1.4319E+00, 7.9297E+00
"B2                                                                                                                    "
   7542.030, -64457.960, 1.5625E+00, 5.6665E+00,-3.5645E-01, 2.5208E+00,-5.1025E-01, 4.7192E+00, 1.4319E+00, 7.9248E+00
"P                                                                                                                     "
   7558.230, -64441.760, 1.5149E+00, 5.6396E+00,-3.5889E-01, 2.5208E+00,-5.1147E-01, 4.7192E+00, 1.4307E+00, 7.9224E+00
"B2                                                                                                                    "
   7562.970, -64437.020, 1.4514E+00, 5.5237E+00,-3.5645E-01, 2.5208E+00,-5.1147E-01, 4.7192E+00, 1.4307E+00, 7.9260E+00
"P                                                                                                                     "
   7568.340, -64431.650, 1.4404E+00, 5.5847E+00,-3.5400E-01, 2.5208E+00,-5.0903E-01, 4.7180E+00, 1.4197E+00, 7.9138E+00
"C                                                                                                                     "
   7596.270, -64403.720, 1.6895E+00, 5.7947E+00,-3.5889E-01, 2.5208E+00,-5.1147E-01, 4.7192E+00, 1.4038E+00, 7.9016E+00
"B                                                                                                                     "
   7597.170, -64402.820, 1.7615E+00, 5.8716E+00,-3.6011E-01, 2.5208E+00,-5.0903E-01, 4.7192E+00, 1.4063E+00, 7.9016E+00
"F2                                                                                                                    "
   7598.820, -64401.170, 1.6565E+00, 5.7629E+00,-3.6011E-01, 2.5208E+00,-5.1147E-01, 4.7180E+00, 1.4014E+00, 7.9028E+00
"B                                                                                                                     "
   7601.700, -64398.290, 2.5073E+00, 6.3989E+00,-3.5645E-01, 2.5220E+00,-5.1025E-01, 4.7192E+00, 1.4075E+00, 7.9028E+00
"C                                                                                                                     "
   7602.900, -64397.090, 2.2839E+00, 6.2402E+00,-3.5645E-01, 2.5208E+00,-5.0903E-01, 4.7192E+00, 1.4099E+00, 7.9004E+00
"D                                                                                                                     "
   7604.040, -64395.950, 1.6907E+00, 5.7971E+00,-3.5767E-01, 2.5208E+00,-5.1147E-01, 4.7180E+00, 1.4136E+00, 7.9028E+00
"C                                                                                                                     "
   7605.840, -64394.150, 1.6858E+00, 5.7922E+00,-3.5889E-01, 2.5208E+00,-5.1270E-01, 4.7180E+00, 1.3989E+00, 7.8931E+00
"D                                                                                                                     "
   7658.220, -64341.770, 2.1716E+00, 6.2585E+00,-3.5645E-01, 2.5208E+00,-5.1147E-01, 4.7180E+00, 1.2915E+00, 7.7844E+00
"F2                                                                                                                    "
   7659.690, -64340.300, 2.2437E+00, 6.2744E+00,-3.6255E-01, 2.5208E+00,-5.1147E-01, 4.7180E+00, 1.2781E+00, 7.7808E+00
"B                                                                                                                     "
   7665.000, -64334.990, 2.0483E+00, 6.1597E+00,-3.5889E-01, 2.5208E+00,-5.1025E-01, 4.7168E+00, 1.2720E+00, 7.7722E+00
"D                                                                                                                     "
   7780.980, -64219.010, 2.6245E+00, 6.7151E+00,-3.6377E-01, 2.5183E+00,-5.1514E-01, 4.7156E+00,-3.2104E-01, 6.1938E+00
"CF2                                                                                                                   "
   7782.360, -64217.630, 2.6831E+00, 6.7566E+00,-3.6133E-01, 2.5195E+00,-5.1392E-01, 4.7144E+00,-3.1738E-01, 6.1987E+00
"CF3                                                                                                                   "
   7788.000, -64211.990, 2.6855E+00, 6.7896E+00,-3.5645E-01, 2.5183E+00,-5.1270E-01, 4.7156E+00,-3.1738E-01, 6.1963E+00
"CF4                                                                                                                   "
   7792.170, -64207.820, 2.6001E+00, 6.7407E+00,-3.6011E-01, 2.5195E+00,-5.1270E-01, 4.7156E+00,-3.1982E-01, 6.1951E+00
"B                                                                                                                     "
   7806.720, -64193.270, 2.5159E+00, 6.5027E+00,-3.6255E-01, 2.5183E+00,-5.1392E-01, 4.7156E+00,-3.1616E-01, 6.1951E+00
"D                                                                                                                     "
   7923.870, -64076.120, 2.6538E+00, 6.7529E+00,-3.5889E-01, 2.5183E+00,-5.1392E-01, 4.7144E+00,-3.1982E-01, 6.1914E+00
"CF2                                                                                                                   "
   7924.680, -64075.310, 2.8076E+00, 6.8811E+00,-3.5889E-01, 2.5183E+00,-5.1636E-01, 4.7144E+00,-3.2349E-01, 6.1914E+00
"CF3                                                                                                                   "
   7932.120, -64067.870, 2.8198E+00, 6.9165E+00,-3.5889E-01, 2.5183E+00,-5.1636E-01, 4.7131E+00,-3.2471E-01, 6.1902E+00
"CF4                                                                                                                   "
   7935.360, -64064.630, 2.6953E+00, 6.7883E+00,-3.6255E-01, 2.5183E+00,-5.1270E-01, 4.7131E+00,-3.1982E-01, 6.1926E+00
"FB                                                                                                                    "
   7943.940, -64056.050, 2.4963E+00, 6.5735E+00,-3.6133E-01, 2.5183E+00,-5.1392E-01, 4.7144E+00,-3.2471E-01, 6.1926E+00
"D                                                                                                                     "
   8362.800, -63637.190, 3.1348E+00, 7.2693E+00,-3.5889E-01, 2.5220E+00,-5.1147E-01, 4.7180E+00,-3.1982E-01, 6.1938E+00
"B                                                                                                                     "
   8363.940, -63636.050, 2.6855E+00, 6.8140E+00,-3.5767E-01, 2.5220E+00,-5.1025E-01, 4.7180E+00,-3.2104E-01, 6.1926E+00
"F2                                                                                                                    "
   8365.710, -63634.280, 2.9309E+00, 7.0349E+00,-3.5767E-01, 2.5208E+00,-5.1147E-01, 4.7180E+00,-3.1738E-01, 6.1938E+00
"B                                                                                                                     "
   8375.340, -63624.650, 2.8162E+00, 6.9238E+00,-3.5645E-01, 2.5220E+00,-5.1270E-01, 4.7180E+00,-3.2104E-01, 6.1938E+00
"C                                                                                                                     "
   8377.680, -63622.310, 3.4460E+00, 7.5488E+00,-3.5522E-01, 2.5220E+00,-5.0903E-01, 4.7180E+00,-3.2104E-01, 6.1938E+00
"D                                                                                                                     "
   8446.980, -63553.010, 2.9236E+00, 7.0251E+00,-3.6011E-01, 2.5208E+00,-5.1147E-01, 4.7168E+00,-3.1860E-01, 6.1938E+00
"FB                                                                                                                    "
   8450.310, -63549.680, 2.9834E+00, 7.0667E+00,-3.5522E-01, 2.5220E+00,-5.0903E-01, 4.7180E+00,-3.1982E-01, 6.1938E+00
"C                                                                                                                     "
   8451.810, -63548.180, 3.3655E+00, 7.2656E+00,-3.5522E-01, 2.5220E+00,-5.1392E-01, 4.7168E+00,-3.1616E-01, 6.1938E+00
"D                                                                                                                     "
   8888.970, -63111.020, 3.4058E+00, 7.5305E+00,-3.6133E-01, 2.5183E+00,-5.1636E-01, 4.7131E+00,-3.2471E-01, 6.1914E+00
"B                                                                                                                     "
   8889.990, -63110.000, 3.0432E+00, 7.1411E+00,-3.6133E-01, 2.5183E+00,-5.1636E-01, 4.7131E+00,-3.2227E-01, 6.1914E+00
"F2                                                                                                                    "
   8893.290, -63106.700, 3.0957E+00, 7.1375E+00,-3.6255E-01, 2.5183E+00,-5.1514E-01, 4.7131E+00,-3.2471E-01, 6.1914E+00
"F2                                                                                                                    "
   8893.260, -63106.730, 3.0505E+00, 7.0703E+00,-3.5889E-01, 2.5183E+00,-5.1636E-01, 4.7131E+00,-3.1982E-01, 6.1914E+00
"FB                                                                                                                    "
   8902.560, -63097.430, 3.0542E+00, 7.1313E+00,-3.5889E-01, 2.5183E+00,-5.1514E-01, 4.7144E+00,-3.1982E-01, 6.1914E+00
"D                                                                                                                     "
   9195.930, -62804.060, 3.1116E+00, 7.1948E+00,-3.6255E-01, 2.5195E+00,-5.1270E-01, 4.7156E+00,-3.2104E-01, 6.1951E+00
"B                                                                                                                     "
   9196.620, -62803.370, 2.9541E+00, 7.0471E+00,-3.6011E-01, 2.5195E+00,-5.1270E-01, 4.7156E+00,-3.1982E-01, 6.1951E+00
"F2                                                                                                                    "
   9198.240, -62801.750, 3.0103E+00, 7.0703E+00,-3.5889E-01, 2.5195E+00,-5.1270E-01, 4.7156E+00,-3.1738E-01, 6.1951E+00
"B                                                                                                                     "
   9208.860, -62791.130, 3.1665E+00, 7.2388E+00,-3.5889E-01, 2.5195E+00,-5.1392E-01, 4.7168E+00,-3.1982E-01, 6.1938E+00
"C                                                                                                                     "
   9209.580, -62790.410, 3.4900E+00, 7.4438E+00,-3.5767E-01, 2.5195E+00,-5.1514E-01, 4.7156E+00,-3.1616E-01, 6.1951E+00
"D                                                                                                                     "
   9377.730, -62622.260, 3.0554E+00, 7.1631E+00,-3.6011E-01, 2.5183E+00,-5.1392E-01, 4.7156E+00,-3.1982E-01, 6.1926E+00
"F2                                                                                                                    "
   9379.560, -62620.430, 2.9248E+00, 7.0093E+00,-3.5889E-01, 2.5183E+00,-5.1636E-01, 4.7144E+00,-3.2349E-01, 6.1926E+00
"B                                                                                                                     "
   9392.940, -62607.050, 3.1238E+00, 7.2034E+00,-3.6377E-01, 2.5183E+00,-5.1514E-01, 4.7144E+00,-3.2349E-01, 6.1926E+00
"C                                                                                                                     "
   9394.410, -62605.580, 3.0359E+00, 7.1204E+00,-3.5889E-01, 2.5195E+00,-5.1392E-01, 4.7144E+00,-3.1982E-01, 6.1926E+00
"B                                                                                                                     "
   9396.780, -62603.210, 3.2178E+00, 7.2351E+00,-3.6011E-01, 2.5195E+00,-5.1514E-01, 4.7131E+00,-3.1982E-01, 6.1914E+00
"DG                                                                                                                    "
   9431.400, -62568.590, 3.1042E+00, 7.2522E+00,-3.6499E-01, 2.5183E+00,-5.1514E-01, 4.7144E+00,-3.2471E-01, 6.1914E+00
"DG                                                                                                                    "
   9446.760, -62553.230, 3.0774E+00, 7.2131E+00,-3.6011E-01, 2.5183E+00,-5.1758E-01, 4.7144E+00,-3.2104E-01, 6.1914E+00
"FB                                                                                                                    "
   9457.020, -62542.970, 4.1113E+00, 6.4612E+00, 6.1340E+00,-4.5349E+00, 3.2446E+00,-2.3108E+00, 2.9785E+00, 2.5671E+00
"DG                                                                                                                    "
   9536.490, -62463.500, 3.0615E+00, 7.1387E+00,-3.6133E-01, 2.5171E+00,-5.1514E-01, 4.7131E+00,-3.2715E-01, 6.1902E+00
"F2                                                                                                                    "
   9539.550, -62460.440, 3.0273E+00, 7.0935E+00,-3.6011E-01, 2.5183E+00,-5.1758E-01, 4.7131E+00,-3.2349E-01, 6.1902E+00
"FB                                                                                                                    "
   9547.710, -62452.280, 3.1360E+00, 7.2119E+00,-3.6011E-01, 2.5183E+00,-5.1636E-01, 4.7119E+00,-3.2349E-01, 6.1902E+00
"B                                                                                                                     "
   9551.220, -62448.770, 2.7612E+00, 6.8420E+00,-3.6133E-01, 2.5171E+00,-5.1636E-01, 4.7131E+00,-3.2227E-01, 6.1914E+00
"B                                                                                                                     "
   9557.940, -62442.050, 4.1113E+00, 6.4612E+00, 6.1340E+00,-4.5349E+00, 3.2446E+00,-2.3108E+00, 2.9785E+00, 2.5671E+00
"C                                                                                                                     "
   9564.060, -62435.930, 2.8943E+00, 6.9788E+00,-3.5645E-01, 2.5171E+00,-5.1758E-01, 4.7119E+00,-3.2349E-01, 6.1902E+00
"DG                                                                                                                    "
   9590.370, -62409.620, 3.0640E+00, 7.1350E+00,-3.5645E-01, 2.5171E+00,-5.1880E-01, 4.7119E+00,-3.2227E-01, 6.1902E+00
"G                                                                                                                     "
   9645.240, -62354.750, 2.8552E+00, 6.9580E+00,-3.6011E-01, 2.5171E+00,-5.1514E-01, 4.7119E+00,-3.2104E-01, 6.1902E+00
"DG                                                                                                                    "
   9712.500, -62287.490, 2.8357E+00, 6.9482E+00,-3.6133E-01, 2.5171E+00,-5.1636E-01, 4.7119E+00,-3.2471E-01, 6.1902E+00
"FB                                                                                                                    "
   9719.850, -62280.140, 2.8674E+00, 6.9531E+00,-3.5645E-01, 2.5171E+00,-5.1636E-01, 4.7131E+00,-3.2227E-01, 6.1902E+00
"DG                                                                                                                    "
  10017.240, -61982.750, 2.6929E+00, 6.7676E+00,-3.5278E-01, 2.5232E+00,-5.0049E-01, 4.7290E+00,-3.0518E-01, 6.2085E+00
"F2                                                                                                                    "
  10019.160, -61980.830, 2.6929E+00, 6.7651E+00,-3.5645E-01, 2.5232E+00,-4.9927E-01, 4.7290E+00,-3.0518E-01, 6.2109E+00
"FB                                                                                                                    "
  10027.920, -61972.070, 2.7075E+00, 6.8030E+00,-3.5522E-01, 2.5244E+00,-4.9927E-01, 4.7290E+00,-3.0640E-01, 6.2085E+00
"C                                                                                                                     "
  10037.970, -61962.020, 2.7014E+00, 6.8140E+00,-3.5645E-01, 2.5244E+00,-4.9683E-01, 4.7314E+00,-3.0396E-01, 6.2097E+00
"DG                                                                                                                    "
  10055.850, -61944.140, 2.8613E+00, 6.9592E+00,-3.5645E-01, 2.5244E+00,-4.9683E-01, 4.7314E+00,-3.0762E-01, 6.2085E+00
"C                                                                                                                     "
  10058.400, -61941.590, 2.8137E+00, 6.9043E+00,-3.5278E-01, 2.5256E+00,-4.9561E-01, 4.7314E+00,-2.9907E-01, 6.2134E+00
"G                                                                                                                     "
  10075.200, -61924.790, 2.8870E+00, 6.9800E+00,-3.5522E-01, 2.5256E+00,-4.9683E-01, 4.7314E+00,-3.0273E-01, 6.2109E+00
"C                                                                                                                     "
  10078.680, -61921.310, 2.8210E+00, 6.9128E+00,-3.4912E-01, 2.5256E+00,-4.9438E-01, 4.7314E+00,-3.0273E-01, 6.2109E+00
"DG                                                                                                                    "
  10085.400, -61914.590, 2.8479E+00, 6.9617E+00,-3.5522E-01, 2.5256E+00,-4.9683E-01, 4.7327E+00,-3.0151E-01, 6.2122E+00
"G                                                                                                                     "
  10541.220, -61458.770, 2.6282E+00, 6.7078E+00,-3.5278E-01, 2.5256E+00,-4.9805E-01, 4.7290E+00,-3.0640E-01, 6.2097E+00
"C                                                                                                                     "
  10544.640, -61455.350, 2.7905E+00, 6.8848E+00,-3.5278E-01, 2.5256E+00,-5.0049E-01, 4.7290E+00,-3.0762E-01, 6.2073E+00
"G                                                                                                                     "
  10582.560, -61417.430, 2.6904E+00, 6.7651E+00,-3.5278E-01, 2.5244E+00,-4.9805E-01, 4.7290E+00,-3.0640E-01, 6.2073E+00
"CG                                                                                                                    "
  10606.080, -61393.910, 2.6917E+00, 6.7627E+00,-3.4546E-01, 2.5256E+00,-5.0171E-01, 4.7290E+00,-3.0518E-01, 6.2073E+00
"G                                                                                                                     "
  10615.260, -61384.730, 2.6526E+00, 6.7322E+00,-3.5034E-01, 2.5256E+00,-5.0171E-01, 4.7290E+00,-3.0151E-01, 6.2097E+00
"F2                                                                                                                    "
  10616.880, -61383.110, 2.5879E+00, 6.6602E+00,-3.5156E-01, 2.5256E+00,-5.0049E-01, 4.7278E+00,-3.0151E-01, 6.2109E+00
"FB                                                                                                                    "
  10624.770, -61375.220, 2.7612E+00, 6.8213E+00,-3.5400E-01, 2.5256E+00,-5.0293E-01, 4.7278E+00,-3.0518E-01, 6.2097E+00
"G                                                                                                                     "
  11129.760, -60870.230, 2.4854E+00, 6.5747E+00,-3.4790E-01, 2.5256E+00,-4.9683E-01, 4.7314E+00,-2.9541E-01, 6.2134E+00
"F                                                                                                                     "
  11132.550, -60867.440, 2.5635E+00, 6.6443E+00,-3.4790E-01, 2.5256E+00,-4.9805E-01, 4.7314E+00,-3.0151E-01, 6.2097E+00
"CG                                                                                                                    "
  11139.150, -60860.840, 2.5708E+00, 6.6541E+00,-3.5156E-01, 2.5269E+00,-4.9438E-01, 4.7314E+00,-3.0640E-01, 6.2073E+00
"D                                                                                                                     "
  11141.850, -60858.140, 2.3816E+00, 6.4685E+00,-3.5156E-01, 2.5269E+00,-4.9683E-01, 4.7327E+00,-3.0396E-01, 6.2073E+00
"CG                                                                                                                    "
  11156.010, -60843.980, 2.5220E+00, 6.6125E+00,-3.5156E-01, 2.5269E+00,-4.9683E-01, 4.7327E+00,-2.9419E-01, 6.2183E+00
"B                                                                                                                     "
  11162.940, -60837.050, 2.4146E+00, 6.4966E+00,-3.5156E-01, 2.5269E+00,-4.9561E-01, 4.7327E+00,-3.0518E-01, 6.2097E+00
"D                                                                                                                     "
  11170.320, -60829.670, 2.5293E+00, 6.6089E+00,-3.4912E-01, 2.5256E+00,-4.9683E-01, 4.7314E+00,-2.9907E-01, 6.2122E+00
"G                                                                                                                     "
  11173.980, -60826.010, 2.3608E+00, 6.4722E+00,-3.4546E-01, 2.5269E+00,-4.9805E-01, 4.7327E+00,-3.0151E-01, 6.2109E+00
"CG                                                                                                                    "
  11187.360, -60812.630, 2.5488E+00, 6.6809E+00,-3.5278E-01, 2.5256E+00,-4.9561E-01, 4.7327E+00,-3.0151E-01, 6.2146E+00
"D                                                                                                                     "
  11192.340, -60807.650, 2.3877E+00, 6.5076E+00,-3.5645E-01, 2.5256E+00,-4.9561E-01, 4.7314E+00,-2.9907E-01, 6.2183E+00
"B                                                                                                                     "
  11200.530, -60799.460, 2.5342E+00, 6.6199E+00,-3.5278E-01, 2.5269E+00,-4.9438E-01, 4.7314E+00,-2.9785E-01, 6.2183E+00
"D                                                                                                                     "
  11206.980, -60793.010, 2.5647E+00, 6.7261E+00,-3.5156E-01, 2.5269E+00,-4.9561E-01, 4.7314E+00,-2.9663E-01, 6.2183E+00
"C                                                                                                                     "
  11214.780, -60785.210, 2.5049E+00, 6.6125E+00,-3.4790E-01, 2.5269E+00,-4.9438E-01, 4.7314E+00,-2.9541E-01, 6.2170E+00
"B                                                                                                                     "
  11222.130, -60777.860, 2.5171E+00, 6.5857E+00,-3.4668E-01, 2.5269E+00,-4.9316E-01, 4.7314E+00,-2.9419E-01, 6.2170E+00
"CG                                                                                                                    "
  11302.680, -60697.310, 2.5879E+00, 6.7236E+00,-3.5034E-01, 2.5269E+00,-4.9927E-01, 4.7314E+00,-2.9785E-01, 6.2170E+00
"G                                                                                                                     "
  11665.560, -60334.430, 2.5281E+00, 6.6003E+00,-3.4424E-01, 2.5244E+00,-5.0049E-01, 4.7266E+00,-2.9785E-01, 6.2146E+00
"DG                                                                                                                    "
  11719.860, -60280.130, 2.5012E+00, 6.5979E+00,-3.5278E-01, 2.5244E+00,-5.0171E-01, 4.7266E+00,-3.0029E-01, 6.2109E+00
"G                                                                                                                     "
  13559.040, -58440.950, 2.4255E+00, 6.4905E+00,-3.4912E-01, 2.5256E+00,-4.9927E-01, 4.7290E+00,-3.0884E-01, 6.2024E+00
"CF1                                                                                                                   "
  13561.950, -58438.040, 2.3999E+00, 6.4856E+00,-3.4790E-01, 2.5256E+00,-4.9683E-01, 4.7302E+00,-3.0762E-01, 6.2012E+00
"C                                                                                                                     "
  13568.370, -58431.620, 2.1765E+00, 6.2708E+00,-3.4546E-01, 2.5256E+00,-4.9805E-01, 4.7302E+00,-3.0884E-01, 6.2024E+00
"C                                                                                                                     "
  13574.250, -58425.740, 2.1704E+00, 6.2830E+00,-3.4912E-01, 2.5256E+00,-4.9805E-01, 4.7302E+00,-3.0029E-01, 6.2146E+00
"B                                                                                                                     "
  13580.490, -58419.500, 2.2571E+00, 6.3965E+00,-3.4912E-01, 2.5269E+00,-4.9805E-01, 4.7302E+00,-3.1128E-01, 6.2036E+00
"C                                                                                                                     "
  13581.240, -58418.750, 2.3523E+00, 6.4331E+00,-3.5034E-01, 2.5256E+00,-4.9561E-01, 4.7302E+00,-3.1372E-01, 6.2024E+00
"D                                                                                                                     "
  13612.950, -58387.040, 2.2864E+00, 6.3806E+00,-3.5034E-01, 2.5256E+00,-4.9927E-01, 4.7290E+00,-3.1250E-01, 6.2024E+00
"DG                                                                                                                    "
  13639.650, -58360.340, 2.3511E+00, 6.4502E+00,-3.4790E-01, 2.5269E+00,-4.9805E-01, 4.7302E+00,-3.1250E-01, 6.2012E+00
"F2                                                                                                                    "
  13642.260, -58357.730, 2.3450E+00, 6.4490E+00,-3.4546E-01, 2.5269E+00,-4.9805E-01, 4.7302E+00,-3.0884E-01, 6.2012E+00
"B                                                                                                                     "
  13665.360, -58334.630, 2.4280E+00, 6.5076E+00,-3.5034E-01, 2.5269E+00,-4.9927E-01, 4.7278E+00,-3.1372E-01, 6.2012E+00
"G                                                                                                                     "
  13677.000, -58322.990, 2.4475E+00, 6.5430E+00,-3.5278E-01, 2.5256E+00,-4.9927E-01, 4.7290E+00,-3.1494E-01, 6.2012E+00
"FB                                                                                                                    "
  13683.990, -58316.000, 2.4304E+00, 6.5393E+00,-3.5034E-01, 2.5256E+00,-4.9683E-01, 4.7302E+00,-3.1128E-01, 6.2012E+00
"G                                                                                                                     "
  14310.690, -57689.300, 2.3242E+00, 6.4417E+00,-3.4790E-01, 2.5269E+00,-4.9316E-01, 4.7327E+00,-3.0029E-01, 6.2097E+00
"FB                                                                                                                    "
  14314.800, -57685.190, 2.5574E+00, 6.5369E+00,-3.4668E-01, 2.5269E+00,-4.9316E-01, 4.7327E+00,-3.0273E-01, 6.2109E+00
"DG                                                                                                                    "
  14329.110, -57670.880, 2.7490E+00, 6.7590E+00,-3.5034E-01, 2.5256E+00,-4.9561E-01, 4.7327E+00,-3.0151E-01, 6.2109E+00
"D                                                                                                                     "
  14403.330, -57596.660, 2.2559E+00, 6.3782E+00,-3.4424E-01, 2.5269E+00,-4.9316E-01, 4.7339E+00,-3.0151E-01, 6.2109E+00
"F2                                                                                                                    "
  14407.500, -57592.490, 2.2144E+00, 6.3171E+00,-3.4668E-01, 2.5269E+00,-4.9438E-01, 4.7351E+00,-3.0151E-01, 6.2109E+00
"FB                                                                                                                    "
  14412.870, -57587.120, 2.2913E+00, 6.4160E+00,-3.4790E-01, 2.5269E+00,-4.9683E-01, 4.7339E+00,-3.0029E-01, 6.2122E+00
"C                                                                                                                     "
  14416.680, -57583.310, 2.2058E+00, 6.2915E+00,-3.5034E-01, 2.5269E+00,-4.9438E-01, 4.7339E+00,-3.0273E-01, 6.2122E+00
"G                                                                                                                     "
  14788.920, -57211.070, 2.2205E+00, 6.3354E+00,-3.5034E-01, 2.5256E+00,-4.9805E-01, 4.7302E+00,-3.0518E-01, 6.2085E+00
"CG                                                                                                                    "
  14800.950, -57199.040, 2.2620E+00, 6.3843E+00,-3.4790E-01, 2.5256E+00,-4.9805E-01, 4.7314E+00,-3.0762E-01, 6.2085E+00
"G                                                                                                                     "
  14832.120, -57167.870, 2.1423E+00, 6.2427E+00,-3.4668E-01, 2.5256E+00,-4.9561E-01, 4.7302E+00,-3.0396E-01, 6.2085E+00
"C                                                                                                                     "
  14836.200, -57163.790, 2.2644E+00, 6.3403E+00,-3.4912E-01, 2.5256E+00,-4.9805E-01, 4.7302E+00,-3.0518E-01, 6.2085E+00
"G                                                                                                                     "
  14976.540, -57023.450, 2.2131E+00, 6.3196E+00,-3.4912E-01, 2.5256E+00,-4.9561E-01, 4.7327E+00,-3.0396E-01, 6.2085E+00
"C                                                                                                                     "
  14988.840, -57011.150, 2.2729E+00, 6.3953E+00,-3.4668E-01, 2.5256E+00,-4.9805E-01, 4.7314E+00,-3.0151E-01, 6.2085E+00
"G                                                                                                                     "
  15000.900, -56999.090, 2.1313E+00, 6.2317E+00,-3.5278E-01, 2.5244E+00,-4.9805E-01, 4.7302E+00,-3.0640E-01, 6.2085E+00
"F2                                                                                                                    "
  15002.940, -56997.050, 2.2058E+00, 6.2805E+00,-3.4912E-01, 2.5256E+00,-4.9438E-01, 4.7314E+00,-3.0273E-01, 6.2085E+00
"FB                                                                                                                    "
  15011.850, -56988.140, 2.3743E+00, 6.4575E+00,-3.5034E-01, 2.5256E+00,-4.9805E-01, 4.7302E+00,-3.0518E-01, 6.2085E+00
"B                                                                                                                     "
  15021.330, -56978.660, 2.2266E+00, 6.3318E+00,-3.4790E-01, 2.5256E+00,-4.9561E-01, 4.7314E+00,-3.0151E-01, 6.2097E+00
"G                                                                                                                     "
  15022.050, -56977.940, 2.1570E+00, 6.2256E+00,-3.4790E-01, 2.5244E+00,-4.9683E-01, 4.7314E+00,-3.0396E-01, 6.2085E+00
"C                                                                                                                     "
  15023.730, -56976.260, 2.2131E+00, 6.2720E+00,-3.4668E-01, 2.5256E+00,-4.9438E-01, 4.7314E+00,-3.0273E-01, 6.2097E+00
"D                                                                                                                     "
  15024.990, -56975.000, 2.2632E+00, 6.3452E+00,-3.4668E-01, 2.5256E+00,-4.9561E-01, 4.7314E+00,-3.0273E-01, 6.2097E+00
"C                                                                                                                     "
  15031.680, -56968.310, 2.2925E+00, 6.3916E+00,-3.4912E-01, 2.5256E+00,-4.9561E-01, 4.7314E+00,-3.0273E-01, 6.2085E+00
"G                                                                                                                     "
  19360.710, -52639.280, 2.1338E+00, 6.2354E+00,-8.5449E-03, 2.8601E+00,-4.9561E-01, 4.7314E+00,-3.0396E-01, 6.2097E+00
"C                                                                                                                     "
  19441.230, -52558.760, 2.1936E+00, 6.3098E+00,-1.2207E-02, 2.8516E+00,-4.9438E-01, 4.7327E+00,-3.0029E-01, 6.2097E+00
"F2                                                                                                                    "
  19443.570, -52556.420, 2.1826E+00, 6.2683E+00,-9.7656E-03, 2.8528E+00,-4.9561E-01, 4.7327E+00,-3.0029E-01, 6.2097E+00
"B                                                                                                                     "
  19449.390, -52550.600, 2.2412E+00, 6.3245E+00,-1.2207E-02, 2.8516E+00,-4.9438E-01, 4.7314E+00,-3.0273E-01, 6.2097E+00
"G                                                                                                                     "
  19595.010, -52404.980, 2.2253E+00, 6.3208E+00,-1.3428E-02, 2.8503E+00,-4.9316E-01, 4.7339E+00,-3.0762E-01, 6.2036E+00
"DG                                                                                                                    "
  19723.170, -52276.820, 2.3474E+00, 6.4392E+00, 1.7480E+00, 4.5740E+00,-4.9316E-01, 4.7339E+00,-3.0762E-01, 6.2012E+00
"G                                                                                                                     "
  20368.890, -51631.100, 2.3523E+00, 6.4453E+00,-2.5635E-02, 2.8418E+00,-4.9683E-01, 4.7314E+00,-3.1250E-01, 6.2012E+00
"DG                                                                                                                    "
  20495.850, -51504.140, 2.2546E+00, 6.3904E+00,-3.6621E-02, 2.8308E+00,-4.9316E-01, 4.7327E+00,-3.0884E-01, 6.2024E+00
"G                                                                                                                     "
  27046.740, -44953.250, 1.9800E+00, 6.0706E+00,-3.6621E-03, 2.8577E+00,-4.9438E-01, 4.7302E+00,-3.0884E-01, 6.2012E+00
"B                                                                                                                     "
  27047.790, -44952.200, 1.8921E+00, 6.0059E+00,-8.5449E-03, 2.8601E+00,-5.0049E-01, 4.7314E+00,-3.1372E-01, 6.2012E+00
"C                                                                                                                     "
  27052.200, -44947.790, 1.9641E+00, 6.0620E+00, 1.6003E+00, 4.4360E+00,-4.9194E-01, 4.7314E+00,-3.1372E-01, 6.2000E+00
"D                                                                                                                     "
  27054.360, -44945.630, 1.6675E+00, 5.7581E+00, 0.0000E+00, 2.8650E+00,-4.9438E-01, 4.7314E+00,-3.0884E-01, 6.2012E+00
"B                                                                                                                     "
  27059.010, -44940.980, 1.9983E+00, 6.1072E+00,-1.4648E-02, 2.8540E+00,-4.9683E-01, 4.7302E+00,-3.1250E-01, 6.2012E+00
"C                                                                                                                     "
  27064.770, -44935.220, 2.0313E+00, 6.1206E+00,-4.8828E-03, 2.8577E+00,-4.9561E-01, 4.7314E+00,-3.0762E-01, 6.2012E+00
"CG                                                                                                                    "
  27143.760, -44856.230, 2.0349E+00, 6.1377E+00, 1.1816E+00, 4.0247E+00,-4.9561E-01, 4.7327E+00,-3.1128E-01, 6.2012E+00
"F2                                                                                                                    "
  27147.720, -44852.270, 2.0947E+00, 6.1829E+00, 5.8594E-02, 2.9236E+00,-4.9561E-01, 4.7327E+00,-3.1372E-01, 6.2012E+00
"B                                                                                                                     "
  27149.760, -44850.230, 2.2021E+00, 6.4148E+00, 5.4932E-02, 2.9199E+00,-4.9438E-01, 4.7327E+00,-3.1128E-01, 6.2012E+00
"G                                                                                                                     "
  31198.860, -40801.130, 1.9275E+00, 6.0364E+00,-1.2207E-02, 2.8552E+00,-4.9438E-01, 4.7339E+00,-3.1250E-01, 6.2024E+00
"C                                                                                                                     "
  31202.220, -40797.770, 1.8835E+00, 5.9900E+00,-1.0986E-02, 2.8589E+00,-4.9438E-01, 4.7339E+00,-3.1128E-01, 6.2024E+00
"CG                                                                                                                    "
  31272.120, -40727.870, 1.9812E+00, 6.1426E+00,-1.9531E-02, 2.8503E+00,-4.9683E-01, 4.7339E+00,-3.1006E-01, 6.2024E+00
"G                                                                                                                     "
  36000.030, -35999.960, 1.9629E+00, 6.0522E+00,-3.3936E-01, 2.5330E+00,-4.9072E-01, 4.7351E+00,-3.0518E-01, 6.2073E+00
