"NP                                                                                                                    "
   3673.770, -68326.220, 2.7356E+00, 6.8347E+00,-3.1250E-01, 2.5671E+00,-4.8828E-01, 4.7437E+00, 1.3135E+00, 7.5452E+00
"P                                                                                                                     "
   3709.170, -68290.820, 2.7124E+00, 6.7981E+00,-3.1006E-01, 2.5671E+00,-4.8340E-01, 4.7412E+00, 3.6865E-01, 6.8726E+00
"B2                                                                                                                    "
   3710.970, -68289.020, 2.6990E+00, 6.8005E+00,-3.1494E-01, 2.5684E+00,-4.9194E-01, 4.7412E+00, 3.5400E-01, 6.8640E+00
"P                                                                                                                     "
   3727.080, -68272.910, 2.7625E+00, 6.8091E+00,-3.1494E-01, 2.5671E+00,-4.9438E-01, 4.7412E+00, 3.3813E-01, 6.8542E+00
"B2                                                                                                                    "
   3729.210, -68270.780, 2.5476E+00, 6.6443E+00,-3.1372E-01, 2.5671E+00,-4.9683E-01, 4.7437E+00, 3.1372E-01, 6.8311E+00
"P                                                                                                                     "
   3738.870, -68261.120, 2.6306E+00, 6.7603E+00,-3.1616E-01, 2.5671E+00,-4.9316E-01, 4.7437E+00, 5.5908E-01, 7.0605E+00
"C                                                                                                                     "
   3757.740, -68242.250, 2.6868E+00, 6.7822E+00,-3.1494E-01, 2.5671E+00,-4.8706E-01, 4.7498E+00, 5.8838E-01, 7.0984E+00
"DG                                                                                                                    "
   3787.710, -68212.280, 2.7026E+00, 6.7883E+00,-3.1128E-01, 2.5671E+00,-4.8950E-01, 4.7449E+00, 6.8481E-01, 7.1863E+00
"C                                                                                                                     "
   3796.980, -68203.010, 2.6794E+00, 6.7651E+00,-3.1128E-01, 2.5659E+00,-4.8828E-01, 4.7424E+00, 6.9458E-01, 7.1960E+00
"D                                                                                                                     "
   3825.990, -68174.000, 2.6404E+00, 6.7407E+00,-3.1372E-01, 2.5671E+00,-4.7485E-01, 4.7595E+00, 7.3975E-01, 7.2644E+00
"F2                                                                                                                    "
   3830.280, -68169.710, 2.6733E+00, 6.7639E+00,-3.1128E-01, 2.5671E+00,-4.8218E-01, 4.7449E+00, 6.6650E-01, 7.1692E+00
"B                                                                                                                     "
   3832.500, -68167.490, 2.6709E+00, 6.7615E+00,-3.1372E-01, 2.5671E+00,-4.9561E-01, 4.7424E+00, 6.8115E-01, 7.1863E+00
"C                                                                                                                     "
   3835.350, -68164.640, 2.6782E+00, 6.7773E+00,-3.0640E-01, 2.5684E+00,-4.8096E-01, 4.7449E+00, 8.1543E-01, 7.3340E+00
"D                                                                                                                     "
   3840.240, -68159.750, 2.6709E+00, 6.7712E+00,-3.1494E-01, 2.5671E+00,-4.8706E-01, 4.7437E+00, 9.5337E-01, 7.4524E+00
"C                                                                                                                     "
   3844.050, -68155.940, 2.6477E+00, 6.7468E+00,-3.1250E-01, 2.5671E+00,-4.9438E-01, 4.7437E+00, 7.4463E-01, 7.2693E+00
"D                                                                                                                     "
   3882.090, -68117.900, 2.6404E+00, 6.7432E+00,-3.1250E-01, 2.5671E+00,-4.8828E-01, 4.7437E+00, 6.7383E-01, 7.1790E+00
"DG                                                                                                                    "
   4062.060, -67937.930, 2.7222E+00, 6.7017E+00,-3.1250E-01, 2.5684E+00,-4.1138E-01, 4.8242E+00, 1.0193E+00, 7.5208E+00
"G                                                                                                                     "
   4251.600, -67748.390, 2.6550E+00, 6.7444E+00,-3.1128E-01, 2.5684E+00,-4.6753E-01, 4.7864E+00, 1.0095E+00, 7.5171E+00
"F2                                                                                                                    "
   4255.410, -67744.580, 2.6404E+00, 6.7407E+00,-3.1494E-01, 2.5684E+00,-4.9072E-01, 4.7461E+00, 7.4341E-01, 7.2449E+00
"B                                                                                                                     "
   4263.720, -67736.270, 2.6392E+00, 6.7334E+00,-3.1128E-01, 2.5671E+00,-4.8096E-01, 4.7449E+00, 9.5703E-01, 7.4756E+00
"C                                                                                                                     "
   4265.970, -67734.020, 2.6770E+00, 6.7615E+00,-3.1128E-01, 2.5684E+00,-4.8218E-01, 4.7449E+00, 9.8389E-01, 7.4780E+00
"G                                                                                                                     "
   5964.570, -66035.420, 2.3657E+00, 6.4685E+00,-3.1372E-01, 2.5671E+00, 7.7271E-01, 5.9351E+00, 1.1292E+00, 7.6306E+00
"F2                                                                                                                    "
   5967.840, -66032.150, 2.3474E+00, 6.4539E+00,-3.1494E-01, 2.5671E+00, 1.1609E+00, 6.3684E+00, 9.2163E-01, 7.4402E+00
"B                                                                                                                     "
   5975.490, -66024.500, 2.2656E+00, 6.3928E+00,-3.1372E-01, 2.5671E+00, 1.2231E+00, 6.4392E+00, 1.0950E+00, 7.6001E+00
"C                                                                                                                     "
   5976.930, -66023.060, 2.3108E+00, 6.4124E+00,-3.0029E-01, 2.5745E+00, 1.2146E+00, 6.4282E+00, 1.1194E+00, 7.6172E+00
"G                                                                                                                     "
   8320.110, -63679.880, 2.2681E+00, 6.4014E+00,-3.1006E-01, 2.5671E+00,-5.6396E-01, 4.7156E+00, 1.1890E+00, 7.6868E+00
"CG                                                                                                                    "
   8345.250, -63654.740, 2.2266E+00, 6.3647E+00,-3.1006E-01, 2.5671E+00,-5.0781E-01, 4.7144E+00, 9.9243E-01, 7.4890E+00
"DG                                                                                                                    "
   8387.970, -63612.020, 2.1362E+00, 6.3037E+00,-3.1006E-01, 2.5696E+00,-3.6011E-01, 4.8511E+00, 1.0339E+00, 7.5317E+00
"CG                                                                                                                    "
   8611.270, -63388.720, 2.3083E+00, 6.4111E+00,-3.1372E-01, 2.5671E+00, 1.4331E+00, 6.6626E+00, 1.0791E+00, 7.5842E+00
"G                                                                                                                     "
   9629.890, -62370.100, 2.0898E+00, 6.2305E+00,-3.1006E-01, 2.5671E+00, 1.7664E+00, 6.9641E+00, 1.4246E+00, 7.9163E+00
"C                                                                                                                     "
   9631.960, -62368.030, 2.0959E+00, 6.2720E+00,-3.1128E-01, 2.5671E+00, 1.7847E+00, 6.9507E+00, 9.2041E-01, 7.4170E+00
"G                                                                                                                     "
  10108.660, -61891.330, 2.0227E+00, 6.2012E+00,-3.1250E-01, 2.5671E+00, 1.5613E+00, 6.8030E+00, 1.2878E+00, 7.8101E+00
"C                                                                                                                     "
  10109.740, -61890.250, 2.2522E+00, 6.2671E+00,-3.0884E-01, 2.5684E+00, 1.7188E+00, 6.9275E+00, 9.0210E-01, 7.3975E+00
"G                                                                                                                     "
  10363.510, -61636.480, 2.2485E+00, 6.3379E+00,-3.1372E-01, 2.5671E+00, 1.5515E+00, 6.8188E+00, 1.2512E+00, 7.7502E+00
"C                                                                                                                     "
  10365.640, -61634.350, 2.0703E+00, 6.2366E+00,-3.0884E-01, 2.5671E+00, 1.6943E+00, 6.8970E+00, 1.0010E+00, 7.4963E+00
"G                                                                                                                     "
  10900.030, -61099.960, 2.2266E+00, 6.3074E+00,-3.1128E-01, 2.5671E+00, 1.7065E+00, 6.9202E+00, 1.0803E+00, 7.5720E+00
"C                                                                                                                     "
  10902.340, -61097.650, 2.0947E+00, 6.1438E+00,-3.1128E-01, 2.5671E+00, 1.5625E+00, 6.8384E+00, 9.2896E-01, 7.4280E+00
"G                                                                                                                     "
  10918.990, -61081.000, 2.0264E+00, 6.2000E+00,-3.1006E-01, 2.5684E+00, 1.7017E+00, 6.9116E+00, 8.7646E-01, 7.3730E+00
"C                                                                                                                     "
  10951.870, -61048.120, 1.9983E+00, 6.1438E+00,-3.1128E-01, 2.5671E+00, 1.6211E+00, 6.8005E+00, 8.3740E-01, 7.3376E+00
"DG                                                                                                                     "
  10965.250, -61034.740, 2.0972E+00, 6.2573E+00,-3.1006E-01, 2.5671E+00, 1.7480E+00, 6.9629E+00, 1.1133E+00, 7.6123E+00
"CG                                                                                                                    "
  11061.250, -60938.740, 2.1936E+00, 6.2952E+00,-3.0884E-01, 2.5671E+00, 1.6980E+00, 6.9116E+00, 9.5459E-01, 7.4561E+00
"G                                                                                                                     "
  11700.280, -60299.710, 2.1399E+00, 6.2256E+00,-3.1128E-01, 2.5671E+00, 1.6748E+00, 6.8774E+00, 1.0876E+00, 7.5745E+00
"C                                                                                                                     "
  11701.420, -60298.570, 2.1582E+00, 6.2256E+00,-3.1250E-01, 2.5671E+00, 1.6675E+00, 6.8787E+00, 7.7148E-01, 7.2742E+00
"G                                                                                                                     "
  12072.730, -59927.260, 2.2131E+00, 6.2402E+00,-3.0884E-01, 2.5684E+00, 1.6187E+00, 6.8286E+00, 1.1292E+00, 7.6526E+00
"C                                                                                                                     "
  12074.230, -59925.760, 2.1948E+00, 6.3049E+00,-2.8564E-01, 2.5806E+00, 1.5759E+00, 6.7957E+00, 8.0566E-01, 7.3108E+00
"G                                                                                                                     "
  12343.900, -59656.090, 2.1729E+00, 6.2793E+00,-3.1250E-01, 2.5671E+00, 1.5454E+00, 6.7554E+00, 1.1963E+00, 7.6929E+00
"C                                                                                                                     "
  12345.340, -59654.650, 2.1484E+00, 6.2463E+00,-3.1006E-01, 2.5684E+00, 1.5259E+00, 6.7407E+00, 8.0933E-01, 7.3071E+00
"G                                                                                                                     "
  12457.060, -59542.930, 2.2034E+00, 6.2866E+00,-3.0884E-01, 2.5659E+00, 1.5210E+00, 6.7322E+00, 1.2573E+00, 7.7747E+00
"B                                                                                                                     "
  12458.170, -59541.820, 2.1021E+00, 6.2134E+00,-3.0762E-01, 2.5671E+00, 1.5308E+00, 6.7322E+00, 9.0332E-01, 7.3645E+00
"C                                                                                                                     "
  12459.400, -59540.590, 2.1643E+00, 6.2720E+00,-3.1372E-01, 2.5659E+00, 1.5125E+00, 6.7310E+00, 7.0435E-01, 7.2095E+00
"G                                                                                                                     "
  12620.290, -59379.700, 2.1472E+00, 6.2695E+00,-3.1250E-01, 2.5659E+00, 1.5015E+00, 6.7126E+00, 9.9243E-01, 7.5061E+00
"C                                                                                                                     "
  12622.780, -59377.210, 2.1802E+00, 6.2573E+00,-3.1494E-01, 2.5659E+00, 1.5137E+00, 6.7322E+00, 8.4961E-01, 7.3547E+00
"G                                                                                                                     "
  12634.690, -59365.300, 2.1411E+00, 6.2305E+00,-3.0884E-01, 2.5659E+00, 1.5161E+00, 6.6943E+00, 9.1553E-01, 7.4158E+00
"C                                                                                                                     "
  12654.970, -59345.020, 2.1118E+00, 6.2146E+00,-3.1494E-01, 2.5659E+00, 1.5369E+00, 6.7615E+00, 7.1045E-01, 7.2180E+00
"DG                                                                                                                    "
  12773.170, -59226.820, 2.1997E+00, 6.3184E+00,-3.1006E-01, 2.5659E+00, 1.3379E+00, 6.6028E+00, 7.1655E-01, 7.2156E+00
"G                                                                                                                     "
  13223.260, -58776.730, 2.1106E+00, 6.2183E+00,-3.1372E-01, 2.5635E+00, 1.2183E+00, 6.4868E+00, 9.5093E-01, 7.4194E+00
"B                                                                                                                     "
  13223.710, -58776.280, 2.1643E+00, 6.2683E+00,-3.1250E-01, 2.5647E+00, 1.4001E+00, 6.5918E+00, 3.0957E+00, 9.3799E+00
"C                                                                                                                     "
  13224.130, -58775.860, 1.9861E+00, 6.0461E+00,-3.1372E-01, 2.5659E+00, 1.3818E+00, 6.6064E+00, 7.0923E-01, 7.2290E+00
"G                                                                                                                     "
  16932.970, -55067.020, 2.1533E+00, 6.1560E+00,-3.0884E-01, 2.5635E+00,-4.7974E-01, 4.7437E+00, 6.6772E-01, 7.1643E+00
"CG                                                                                                                    "
  16966.660, -55033.330, 2.1606E+00, 6.1890E+00,-3.1250E-01, 2.5635E+00,-4.8218E-01, 4.7437E+00, 6.4941E-01, 7.1509E+00
"DG                                                                                                                    "
  17071.210, -54928.780, 1.8567E+00, 6.0022E+00,-3.1616E-01, 2.5635E+00,-4.9438E-01, 4.7437E+00, 6.7261E-01, 7.1814E+00
"G                                                                                                                     "
  20073.850, -51926.140, 2.0740E+00, 6.2146E+00,-3.1250E-01, 2.5635E+00, 4.6021E-01, 5.6763E+00, 8.5693E-01, 7.3682E+00
"C                                                                                                                     "
  20074.870, -51925.120, 2.0215E+00, 6.1267E+00,-3.0884E-01, 2.5635E+00, 4.5410E-01, 5.6702E+00, 5.4688E-01, 7.0471E+00
"G                                                                                                                     "
  20266.210, -51733.780, 1.9543E+00, 6.0779E+00,-3.1250E-01, 2.5635E+00, 3.6133E-01, 5.4993E+00, 7.2510E-01, 7.2449E+00
"P                                                                                                                     "
  20280.700, -51719.290, 2.0923E+00, 6.1951E+00,-3.1494E-01, 2.5635E+00, 4.4189E-01, 5.6702E+00, 4.5654E-01, 6.9446E+00
"Z                                                                                                                     "
  24770.350, -47229.640, 2.0349E+00, 6.1072E+00,-3.1372E-01, 2.5598E+00, 1.8433E-01, 5.4077E+00,-2.9663E-01, 6.2207E+00
"P                                                                                                                     "
  24834.580, -47165.410, 2.0105E+00, 6.0632E+00,-3.1494E-01, 2.5598E+00,-4.2603E-01, 4.8096E+00,-2.7344E-01, 6.2366E+00
"B2                                                                                                                    "
  24840.280, -47159.710, 2.0618E+00, 6.1755E+00,-3.1372E-01, 2.5598E+00,-4.1992E-01, 4.8120E+00,-2.8198E-01, 6.2280E+00
"P                                                                                                                     "
  24871.570, -47128.420, 1.9971E+00, 6.0950E+00,-3.1128E-01, 2.5598E+00, 1.9653E-01, 5.4138E+00,-1.4160E-01, 6.3708E+00
"D                                                                                                                     "
  24881.710, -47118.280, 1.9934E+00, 6.0901E+00,-3.1250E-01, 2.5598E+00, 3.0151E-01, 5.5176E+00,-2.8564E-01, 6.2195E+00
"B                                                                                                                     "
  24887.410, -47112.580, 1.9824E+00, 6.0803E+00,-3.1006E-01, 2.5610E+00, 8.7891E-02, 5.2051E+00,-2.6855E-01, 6.2561E+00
"C                                                                                                                     "
  24888.910, -47111.080, 1.9470E+00, 6.0583E+00,-3.1006E-01, 2.5623E+00, 2.1118E-01, 5.5029E+00,-2.0386E-01, 6.3049E+00
"D                                                                                                                     "
  24907.180, -47092.810, 1.9714E+00, 6.0657E+00,-3.1372E-01, 2.5598E+00,-4.1870E-01, 4.8108E+00,-1.8188E-01, 6.3281E+00
"F2                                                                                                                    "
  24910.060, -47089.930, 1.9727E+00, 6.0828E+00,-3.1372E-01, 2.5598E+00,-4.1992E-01, 4.8096E+00,-1.4893E-01, 6.3660E+00
"C                                                                                                                     "
  24915.820, -47084.170, 1.9165E+00, 6.0327E+00,-3.1616E-01, 2.5598E+00,-4.2969E-01, 4.8022E+00,-9.7656E-03, 6.4966E+00
"D                                                                                                                     "
  24967.360, -47032.630, 1.9128E+00, 5.9290E+00,-3.1128E-01, 2.5598E+00,-4.1016E-01, 4.8108E+00, 1.2817E-01, 6.6797E+00
"F2                                                                                                                    "
  24971.650, -47028.340, 2.0837E+00, 6.1719E+00,-3.1494E-01, 2.5598E+00,-4.2480E-01, 4.8071E+00,-3.2959E-02, 6.5149E+00
"B                                                                                                                     "
  24973.510, -47026.480, 2.0825E+00, 6.1560E+00,-3.1128E-01, 2.5598E+00,-4.1504E-01, 4.8083E+00, 9.0332E-02, 6.6284E+00
"C                                                                                                                     "
  24975.550, -47024.440, 1.9653E+00, 6.0510E+00,-3.1616E-01, 2.5598E+00,-4.2236E-01, 4.8083E+00, 5.3711E-02, 6.5771E+00
"DG                                                                                                                    "
  25323.190, -46676.800, 2.1082E+00, 6.1426E+00,-3.1494E-01, 2.5586E+00,-4.1382E-01, 4.8096E+00, 4.3335E-01, 6.9373E+00
"F2                                                                                                                    "
  25326.340, -46673.650, 1.8689E+00, 6.0681E+00,-3.1494E-01, 2.5586E+00, 3.4058E-01, 5.5542E+00, 1.0132E-01, 6.6174E+00
"B                                                                                                                     "
  25337.170, -46662.820, 2.1143E+00, 6.1951E+00,-3.1372E-01, 2.5586E+00,-4.1992E-01, 4.8083E+00, 4.3457E-01, 6.9556E+00
"C                                                                                                                     "
  25338.730, -46661.260, 2.1362E+00, 6.2463E+00,-3.1860E-01, 2.5586E+00, 3.5889E-01, 5.5823E+00, 4.4312E-01, 6.9519E+00
"DG                                                                                                                    "
  25509.610, -46490.380, 1.9348E+00, 6.0498E+00,-3.1616E-01, 2.5586E+00,-4.1870E-01, 4.8120E+00, 5.1270E-01, 7.0190E+00
"G                                                                                                                     "
  25719.220, -46280.770, 2.0093E+00, 6.1279E+00,-3.1372E-01, 2.5586E+00,-3.9185E-01, 4.8340E+00, 7.3364E-01, 7.2363E+00
"DG                                                                                                                    "
  25734.610, -46265.380, 2.0813E+00, 6.1890E+00,-3.1860E-01, 2.5598E+00,-3.7476E-01, 4.8596E+00, 5.1514E-01, 7.0203E+00
"C                                                                                                                     "
  25738.570, -46261.420, 2.0239E+00, 6.1438E+00,-3.1738E-01, 2.5586E+00,-3.8330E-01, 4.8499E+00, 6.2378E-01, 7.1301E+00
"DG                                                                                                                    "
  25754.290, -46245.700, 2.0984E+00, 6.2012E+00,-3.1860E-01, 2.5586E+00,-3.6743E-01, 4.8645E+00, 5.1270E-01, 7.0190E+00
"B                                                                                                                     "
  25757.470, -46242.520, 2.0837E+00, 6.1841E+00,-3.1738E-01, 2.5598E+00, 3.3569E-01, 5.5627E+00, 5.7007E-01, 7.0801E+00
"C                                                                                                                     "
  25761.130, -46238.860, 2.0715E+00, 6.1658E+00,-3.1982E-01, 2.5586E+00,-3.7598E-01, 4.8608E+00, 6.2012E-01, 7.1313E+00
"D                                                                                                                     "
  25783.510, -46216.480, 2.0105E+00, 6.1255E+00,-3.1982E-01, 2.5586E+00,-3.7720E-01, 4.8608E+00, 6.3232E-01, 7.1387E+00
"C                                                                                                                     "
  25790.860, -46209.130, 2.0776E+00, 6.1609E+00,-3.1494E-01, 2.5586E+00, 2.9419E-01, 5.5225E+00, 6.3599E-01, 7.1423E+00
"DG                                                                                                                    "
  26033.740, -45966.250, 2.0813E+00, 6.1902E+00,-3.1616E-01, 2.5598E+00,-3.6987E-01, 4.8621E+00, 7.2021E-01, 7.2290E+00
"C                                                                                                                     "
  26038.390, -45961.600, 2.0618E+00, 6.1646E+00,-3.1494E-01, 2.5586E+00,-3.7598E-01, 4.8608E+00, 6.6772E-01, 7.1765E+00
"DG                                                                                                                    "
  26453.560, -45546.430,-5.8472E-01, 3.5571E+00,-3.1616E-01, 2.5574E+00, 1.6602E-01, 5.3735E+00, 8.3862E-01, 7.4573E+00
"B                                                                                                                     "
  26456.050, -45543.940,-5.8472E-01, 3.5571E+00,-3.1738E-01, 2.5574E+00,-3.7720E-01, 4.8511E+00, 6.7993E-01, 7.1802E+00
"C                                                                                                                     "
  26458.450, -45541.540,-5.8716E-01, 3.5571E+00,-3.1616E-01, 2.5574E+00,-3.7964E-01, 4.8523E+00, 7.7393E-01, 7.2778E+00
"G                                                                                                                     "
  26515.390, -45484.600,-5.7861E-01, 3.5571E+00,-3.1616E-01, 2.5574E+00,-2.9419E-01, 4.8547E+00, 6.6895E-01, 7.1753E+00
"C                                                                                                                     "
  26517.430, -45482.560,-5.8716E-01, 3.5571E+00,-3.1738E-01, 2.5586E+00,-3.8208E-01, 4.8511E+00, 6.6772E-01, 7.1875E+00
"DG                                                                                                                    "
  26542.900, -45457.090,-5.8960E-01, 3.5559E+00,-3.1738E-01, 2.5586E+00,-3.9063E-01, 4.8462E+00, 7.5806E-01, 7.2632E+00
"C                                                                                                                     "
  26544.970, -45455.020,-5.8472E-01, 3.5559E+00,-3.1860E-01, 2.5574E+00,-3.8208E-01, 4.8486E+00, 6.5918E-01, 7.1619E+00
"DG                                                                                                                    "
  26877.610, -45122.380,-5.8228E-01, 3.5547E+00,-3.1372E-01, 2.5574E+00,-3.7842E-01, 4.8450E+00, 7.3364E-01, 7.2351E+00
"G                                                                                                                     "
  26957.440, -45042.550,-5.8838E-01, 3.5547E+00,-3.1616E-01, 2.5574E+00,-3.9063E-01, 4.8425E+00, 6.9336E-01, 7.2412E+00
"F2                                                                                                                    "
  26960.170, -45039.820,-5.8472E-01, 3.5547E+00,-3.1250E-01, 2.5574E+00,-3.8086E-01, 4.8401E+00, 3.8940E-01, 6.8860E+00
"B                                                                                                                     "
  26971.090, -45028.900,-5.8716E-01, 3.5547E+00,-3.1494E-01, 2.5574E+00,-3.8452E-01, 4.8425E+00, 6.7871E-01, 7.1753E+00
"C                                                                                                                     "
  26972.710, -45027.280,-5.8838E-01, 3.5547E+00,-3.1616E-01, 2.5574E+00,-3.9795E-01, 4.8352E+00, 7.1777E-01, 7.2241E+00
"G                                                                                                                     "
  27088.510, -44911.480,-5.8716E-01, 3.5547E+00,-3.1616E-01, 2.5574E+00,-3.9063E-01, 4.8401E+00, 9.0332E-01, 7.4048E+00
"DG                                                                                                                    "
  27108.880, -44891.110,-5.8716E-01, 3.5547E+00,-3.1860E-01, 2.5574E+00,-3.8696E-01, 4.8462E+00, 7.4829E-01, 7.2522E+00
"G                                                                                                                     "
  27253.360, -44746.630,-5.8105E-01, 3.5559E+00,-3.1372E-01, 2.5586E+00,-3.8452E-01, 4.8450E+00, 6.7139E-01, 7.1729E+00
"D                                                                                                                     "
  27315.760, -44684.230,-5.9204E-01, 3.5559E+00,-3.1860E-01, 2.5586E+00,-3.9307E-01, 4.8438E+00, 8.0200E-01, 7.3071E+00
"G                                                                                                                     "
  30601.480, -41398.510,-5.8594E-01, 3.5522E+00,-3.1738E-01, 2.5562E+00,-3.4424E-01, 4.8755E+00,-2.7588E-01, 6.2610E+00
"Z                                                                                                                     "
  31055.830, -40944.160,-5.8350E-01, 3.5547E+00,-3.1006E-01, 2.5586E+00,-3.4668E-01, 4.8779E+00, 5.2246E-01, 7.0007E+00
"P                                                                                                                     "
  31078.630, -40921.360,-5.8472E-01, 3.5547E+00,-3.1372E-01, 2.5562E+00,-3.4790E-01, 4.8804E+00, 1.9409E-01, 6.7114E+00
"B2                                                                                                                    "
  31080.220, -40919.770,-5.9082E-01, 3.5547E+00,-3.1982E-01, 2.5574E+00,-3.5645E-01, 4.8804E+00, 2.3560E-01, 6.7407E+00
"P                                                                                                                     "
  31135.630, -40864.360,-5.8960E-01, 3.5559E+00,-3.1982E-01, 2.5562E+00,-3.5522E-01, 4.8816E+00,-5.4199E-01, 5.9534E+00
"B                                                                                                                     "
  31143.250, -40856.740,-5.8838E-01, 3.5547E+00,-3.1616E-01, 2.5574E+00,-3.4546E-01, 4.8816E+00,-3.2349E-01, 6.1914E+00
"C                                                                                                                     "
  31144.060, -40855.930,-5.8838E-01, 3.5547E+00,-3.1982E-01, 2.5574E+00,-3.5034E-01, 4.8804E+00,-1.2573E-01, 6.3904E+00
"D                                                                                                                     "
  31151.020, -40848.970,-5.8960E-01, 3.5547E+00,-3.1860E-01, 2.5574E+00,-3.5400E-01, 4.8816E+00,-2.5146E-01, 6.2671E+00
"B                                                                                                                     "
  31171.210, -40828.780,-5.8838E-01, 3.5547E+00,-3.1738E-01, 2.5586E+00,-3.4302E-01, 4.8828E+00, 1.0986E-02, 6.3672E+00
"C                                                                                                                     "
  31176.190, -40823.800,-5.8350E-01, 3.5559E+00,-3.1494E-01, 2.5574E+00,-3.3936E-01, 4.8828E+00,-9.6436E-02, 6.4343E+00
"DG                                                                                                                    "
  31220.650, -40779.340,-5.8716E-01, 3.5547E+00,-3.1372E-01, 2.5586E+00,-3.4546E-01, 4.8816E+00, 8.6670E-02, 6.5906E+00
"F2                                                                                                                    "
  31224.220, -40775.770,-5.8838E-01, 3.5547E+00,-3.1860E-01, 2.5574E+00,-3.5522E-01, 4.8767E+00,-5.0049E-02, 6.4929E+00
"B                                                                                                                     "
  31239.760, -40760.230,-5.8472E-01, 3.5547E+00,-3.1616E-01, 2.5586E+00,-3.5522E-01, 4.8694E+00, 2.0752E-02, 6.5247E+00
"C                                                                                                                     "
  31241.110, -40758.880,-5.8960E-01, 3.5535E+00,-3.1616E-01, 2.5586E+00, 2.1362E-01, 5.4541E+00, 1.3306E-01, 6.6467E+00
"G                                                                                                                     "
  31274.980, -40725.010,-5.8716E-01, 3.5547E+00,-3.1250E-01, 2.5574E+00, 3.7109E-01, 5.5835E+00, 7.0801E-02, 6.5698E+00
"F2                                                                                                                    "
  31278.220, -40721.770,-5.8838E-01, 3.5547E+00,-3.1738E-01, 2.5574E+00, 3.6011E-01, 5.5908E+00,-1.0254E-01, 6.4526E+00
"B                                                                                                                     "
  31285.930, -40714.060,-5.8960E-01, 3.5547E+00,-3.1738E-01, 2.5574E+00, 3.9063E-01, 5.6177E+00,-1.5869E-02, 6.5137E+00
"C                                                                                                                     "
  31287.340, -40712.650,-5.8960E-01, 3.5547E+00,-3.1738E-01, 2.5574E+00, 4.1870E-01, 5.6335E+00, 1.6235E-01, 6.6650E+00
"G                                                                                                                     "
  31367.710, -40632.280,-5.8838E-01, 3.5547E+00,-3.1860E-01, 2.5574E+00, 4.3335E-01, 5.6519E+00, 8.7891E-02, 6.6064E+00
"F2                                                                                                                    "
  31370.350, -40629.640,-5.8594E-01, 3.5535E+00,-3.1738E-01, 2.5586E+00, 4.3823E-01, 5.6580E+00,-2.5635E-02, 6.4954E+00
"G                                                                                                                     "
  36000.070, -35999.920,-5.8105E-01, 3.5571E+00,-3.1494E-01, 2.5574E+00,-4.0527E-01, 4.8193E+00, 4.4189E-01, 6.9434E+00
