"NP                                                                                                                    "
    191.880, -71808.110,-5.5786E-01, 3.5803E+00, 8.9233E-01, 3.7463E+00, 4.0198E+00, 9.1833E+00,-2.3926E-01, 6.2793E+00
"Z                                                                                                                     "
    237.630, -71762.360,-5.6274E-01, 3.5828E+00, 1.9189E+00, 4.6875E+00, 3.4167E+00, 8.6255E+00,-2.9175E-01, 6.2280E+00
"P                                                                                                                     "
    250.380, -71749.610,-5.5786E-01, 3.5864E+00, 9.3140E-01, 3.7720E+00, 5.1526E+00, 9.9988E+00,-2.9785E-01, 6.2268E+00
"C                                                                                                                     "
    256.470, -71743.520,-5.6641E-01, 3.5767E+00, 1.1548E+00, 4.0076E+00, 3.8501E+00, 9.0588E+00,-1.9775E-01, 6.3379E+00
"D                                                                                                                     "
    270.990, -71729.000,-5.6763E-01, 3.5779E+00, 1.4014E+00, 4.2419E+00, 3.9417E+00, 9.1516E+00, 4.0161E-01, 6.9141E+00
"C                                                                                                                     "
    272.940, -71727.050,-5.6763E-01, 3.5767E+00, 1.2585E+00, 4.1174E+00, 4.7852E+00, 9.9182E+00, 4.1504E-01, 6.9263E+00
"F2                                                                                                                    "
    275.640, -71724.350,-5.6885E-01, 3.5767E+00, 1.2280E+00, 4.1650E+00, 3.9014E+00, 9.1064E+00, 4.4189E-01, 6.9519E+00
"B                                                                                                                     "
    277.980, -71722.010,-5.6641E-01, 3.5767E+00, 1.8042E+00, 4.3994E+00, 4.6045E+00, 9.7424E+00, 4.8706E-01, 6.9922E+00
"D                                                                                                                     "
    278.430, -71721.560,-5.6519E-01, 3.5779E+00, 1.3538E+00, 4.2981E+00, 3.9612E+00, 9.1614E+00, 4.9194E-01, 7.0007E+00
"C                                                                                                                     "
    280.860, -71719.130,-5.6519E-01, 3.5779E+00, 1.4526E+00, 4.3127E+00, 3.9551E+00, 9.1418E+00, 5.0781E-01, 7.0142E+00
"B                                                                                                                     "
    281.970, -71718.020,-5.6885E-01, 3.5754E+00, 1.4661E+00, 4.3457E+00, 5.1929E+00, 9.9988E+00, 5.1880E-01, 7.0276E+00
"C                                                                                                                     "
    282.690, -71717.300,-5.6519E-01, 3.5779E+00, 1.4941E+00, 4.4189E+00, 3.9258E+00, 9.1138E+00, 5.2734E-01, 7.0386E+00
"D                                                                                                                     "
    337.860, -71662.130,-5.6152E-01, 3.5815E+00, 1.8005E+00, 4.6350E+00, 3.6743E+00, 8.8879E+00, 7.7271E-01, 7.2778E+00
"C                                                                                                                     "
    341.220, -71658.770,-5.6274E-01, 3.5852E+00, 1.9287E+00, 4.7693E+00, 3.9063E+00, 9.1174E+00, 7.6172E-01, 7.2729E+00
"DG                                                                                                                    "
    421.440, -71578.550,-5.5176E-01, 3.5938E+00, 2.0215E+00, 4.8401E+00,-4.1626E-01, 4.8352E+00,-2.6978E-01, 6.2476E+00
"G                                                                                                                     "
    453.450, -71546.540,-5.6885E-01, 3.5706E+00, 1.8616E+00, 4.6521E+00,-4.6143E-01, 4.7681E+00,-2.4902E-01, 6.2646E+00
"B                                                                                                                     "
    455.730, -71544.260,-5.7739E-01, 3.5681E+00, 1.9434E+00, 4.7839E+00,-4.6387E-01, 4.7693E+00,-2.7222E-01, 6.2488E+00
"DG                                                                                                                    "
   1446.450, -70553.540, 3.3618E+00, 7.4377E+00, 2.0654E+00, 4.8950E+00,-4.9561E-01, 4.7400E+00,-3.0273E-01, 6.2183E+00
"G                                                                                                                     "
   1770.690, -70229.300, 2.9834E+00, 7.1008E+00, 1.6663E+00, 4.5154E+00,-4.8340E-01, 4.7485E+00,-2.9663E-01, 6.2219E+00
"Z                                                                                                                     "
   4089.570, -67910.420, 2.5159E+00, 6.6248E+00, 1.0461E+00, 3.8416E+00,-4.6997E-01, 4.7632E+00,-2.8564E-01, 6.2512E+00
"P                                                                                                                     "
   4127.010, -67872.980, 1.9617E+00, 6.0461E+00,-2.4048E-01, 2.6282E+00,-4.7729E-01, 4.7522E+00,-2.2949E-01, 6.2854E+00
"B2                                                                                                                    "
   4129.740, -67870.250, 1.7920E+00, 5.8960E+00,-2.3315E-01, 2.6404E+00,-4.8462E-01, 4.7498E+00,-2.3315E-01, 6.2842E+00
"P                                                                                                                     "
   4152.540, -67847.450, 2.3157E+00, 6.3489E+00,-2.1973E-01, 2.6709E+00,-4.8340E-01, 4.7485E+00,-2.3682E-01, 6.2781E+00
"B2                                                                                                                    "
   4157.430, -67842.560, 1.9592E+00, 6.0388E+00,-9.1553E-02, 2.7856E+00,-4.8584E-01, 4.7485E+00,-2.4170E-01, 6.2769E+00
"P                                                                                                                     "
   4180.980, -67819.010, 2.2644E+00, 6.3770E+00, 1.7822E-01, 3.0225E+00,-4.8706E-01, 4.7473E+00,-2.4902E-01, 6.2903E+00
"DG                                                                                                                    "
   4204.500, -67795.490, 2.2351E+00, 6.3354E+00, 4.6265E-01, 3.3423E+00,-4.9072E-01, 4.7461E+00,-2.9907E-01, 6.2195E+00
"F2                                                                                                                    "
   4207.500, -67792.490, 2.2632E+00, 6.4221E+00, 5.5054E-01, 3.4229E+00,-4.8706E-01, 4.7461E+00,-2.9785E-01, 6.2207E+00
"B                                                                                                                     "
   4212.690, -67787.300, 2.3242E+00, 6.4258E+00, 3.1372E-01, 3.1897E+00,-4.8828E-01, 4.7449E+00,-2.9663E-01, 6.2207E+00
"G                                                                                                                     "
   4396.770, -67603.220, 2.3267E+00, 6.4099E+00,-2.0874E-01, 2.7930E+00,-4.9072E-01, 4.7424E+00,-3.0029E-01, 6.2195E+00
"Z                                                                                                                     "
  12633.750, -59366.240,-5.7983E-01, 3.5620E+00,-2.2705E-01, 2.7185E+00,-4.8950E-01, 4.7412E+00,-2.8809E-01, 6.2292E+00
"P                                                                                                                     "
  12667.710, -59332.280,-5.7739E-01, 3.5620E+00,-1.4160E-01, 2.7637E+00,-4.8828E-01, 4.7412E+00,-2.8076E-01, 6.2329E+00
"G                                                                                                                     "
  13077.120, -58922.870, 5.5298E-01, 4.6533E+00,-3.1128E-01, 2.5659E+00,-4.8584E-01, 4.7424E+00,-2.9419E-01, 6.2219E+00
"Z                                                                                                                     "
  27917.040, -44082.950, 6.4697E-01, 4.7791E+00,-3.2837E-01, 2.5464E+00,-5.0049E-01, 4.7351E+00,-3.0273E-01, 6.2170E+00
"P                                                                                                                     "
  27931.560, -44068.430, 6.7505E-01, 4.7949E+00,-2.7954E-01, 2.5928E+00,-4.9683E-01, 4.7351E+00,-2.9541E-01, 6.2170E+00
"Z                                                                                                                     "
  27934.890, -44065.100, 6.1768E-01, 4.7388E+00, 1.0095E+00, 3.1799E+00,-4.9194E-01, 4.7351E+00,-2.9663E-01, 6.2183E+00
"P                                                                                                                     "
  27957.870, -44042.120, 6.0791E-01, 4.7241E+00, 6.9580E-01, 3.3899E+00,-4.9438E-01, 4.7363E+00,-2.9785E-01, 6.2170E+00
"C                                                                                                                     "
  27960.300, -44039.690, 5.9814E-01, 4.7314E+00, 1.3428E-01, 3.0322E+00,-4.9561E-01, 4.7351E+00,-3.0029E-01, 6.2170E+00
"D                                                                                                                     "
  27971.520, -44028.470, 5.7617E-01, 4.7009E+00, 4.0527E-01, 3.2617E+00,-4.9561E-01, 4.7363E+00,-3.0273E-01, 6.2170E+00
"C                                                                                                                     "
  27973.110, -44026.880, 5.7983E-01, 4.7107E+00, 3.3081E-01, 3.2007E+00,-4.9561E-01, 4.7351E+00,-2.9785E-01, 6.2170E+00
"D                                                                                                                     "
  27987.390, -44012.600,-3.8208E-01, 3.7524E+00, 6.0791E-01, 3.4619E+00,-4.9438E-01, 4.7351E+00,-3.0029E-01, 6.2170E+00
"F2                                                                                                                    "
  27990.960, -44009.030,-3.8086E-01, 3.7585E+00, 7.2632E-01, 3.5645E+00,-4.9438E-01, 4.7363E+00,-2.9785E-01, 6.2170E+00
"B                                                                                                                     "
  27993.690, -44006.300,-3.8208E-01, 3.7598E+00, 1.1426E+00, 3.6035E+00,-4.9805E-01, 4.7363E+00,-3.0518E-01, 6.2170E+00
"D                                                                                                                     "
  28014.030, -43985.960,-3.5278E-01, 3.7830E+00, 9.6436E-01, 3.7927E+00,-4.9438E-01, 4.7363E+00,-3.0273E-01, 6.2170E+00
"C                                                                                                                     "
  28017.090, -43982.900,-3.5522E-01, 3.7830E+00, 1.0938E+00, 3.9307E+00,-4.9561E-01, 4.7363E+00,-2.9785E-01, 6.2170E+00
"D                                                                                                                     "
  28054.170, -43945.820,-3.2349E-01, 3.8110E+00, 1.2817E+00, 4.1113E+00,-4.9561E-01, 4.7351E+00,-2.9785E-01, 6.2183E+00
"F2                                                                                                                    "
  28058.370, -43941.620,-3.3203E-01, 3.8062E+00, 1.1023E+00, 4.0527E+00,-4.9438E-01, 4.7363E+00,-2.9785E-01, 6.2183E+00
"B                                                                                                                     "
  28065.540, -43934.450,-3.1982E-01, 3.8086E+00, 8.8745E-01, 3.7354E+00,-4.9194E-01, 4.7363E+00,-2.9541E-01, 6.2183E+00
"DG                                                                                                                    "
  28196.550, -43803.440,-3.2715E-01, 3.8037E+00,-3.1860E-01, 2.5562E+00,-4.9316E-01, 4.7375E+00,-2.9907E-01, 6.2183E+00
"Z                                                                                                                     "
  36000.030, -35999.960,-5.9204E-01, 3.5535E+00,-3.3447E-01, 2.5403E+00,-5.0049E-01, 4.7327E+00,-3.0151E-01, 6.2146E+00
