"NP                                                                                                                    "
   1913.070, -70086.920,-5.5298E-01, 3.5864E+00,-2.4292E-01, 2.6416E+00,-4.8462E-01, 4.7461E+00,-2.9175E-01, 6.2219E+00
"P                                                                                                                     "
   1954.380, -70045.610,-5.3223E-01, 3.5913E+00,-3.1372E-01, 2.5635E+00,-4.8828E-01, 4.7424E+00, 4.1504E-02, 6.5698E+00
"G                                                                                                                     "
   2009.700, -69990.290,-5.8228E-01, 3.5657E+00,-3.1006E-01, 2.5745E+00,-4.9194E-01, 4.7400E+00,-3.0396E-01, 6.2158E+00
"Z                                                                                                                     "
   6994.440, -65005.550, 2.3462E+00, 6.4465E+00,-3.2715E-01, 2.5549E+00,-4.9316E-01, 4.7437E+00,-2.7344E-01, 6.2219E+00
"P                                                                                                                     "
   7039.920, -64960.070, 2.3157E+00, 6.4014E+00,-3.2715E-01, 2.5525E+00,-4.8950E-01, 4.7412E+00, 1.2695E-01, 6.6345E+00
"G                                                                                                                     "
   7184.190, -64815.800, 2.1851E+00, 6.2732E+00,-3.2837E-01, 2.5513E+00,-4.9072E-01, 4.7424E+00, 3.2959E-01, 6.8359E+00
"P                                                                                                                     "
   7188.030, -64811.960, 2.2034E+00, 6.2891E+00,-3.2471E-01, 2.5513E+00,-4.9194E-01, 4.7400E+00, 2.0142E-01, 6.7151E+00
"Z                                                                                                                     "
   9443.070, -62556.920, 4.3701E-01, 4.5593E+00,-3.2715E-01, 2.5500E+00,-4.9194E-01, 4.7424E+00,-1.3062E-01, 6.4026E+00
"P                                                                                                                     "
   9457.620, -62542.370, 4.3579E-01, 4.5581E+00,-3.3203E-01, 2.5513E+00,-4.9194E-01, 4.7412E+00,-1.3672E-01, 6.4282E+00
"Z                                                                                                                     "
   9684.930, -62315.060, 4.9927E-01, 4.6179E+00,-3.2593E-01, 2.5513E+00,-4.8828E-01, 4.7424E+00,-2.8442E-01, 6.2280E+00
"P                                                                                                                     "
   9693.570, -62306.420, 5.1270E-01, 4.6326E+00,-3.2715E-01, 2.5513E+00,-4.8706E-01, 4.7424E+00, 1.2939E-01, 6.6357E+00
"G                                                                                                                     "
   9717.060, -62282.930, 5.2124E-01, 4.6399E+00,-3.2104E-01, 2.5525E+00,-4.8584E-01, 4.7437E+00,-2.7954E-01, 6.2341E+00
"Z                                                                                                                     "
  10428.390, -61571.600, 4.6143E-01, 4.5825E+00,-3.2959E-01, 2.5488E+00,-4.9683E-01, 4.7388E+00,-5.3711E-02, 6.4038E+00
"P                                                                                                                     "
  10473.570, -61526.420, 4.5410E-01, 4.5740E+00,-3.3081E-01, 2.5488E+00,-4.9561E-01, 4.7375E+00,-1.5137E-01, 6.3770E+00
"Z                                                                                                                     "
  17066.850, -54933.140,-3.8696E-01, 3.7610E+00,-3.2959E-01, 2.5500E+00,-4.8462E-01, 4.7449E+00,-2.3193E-02, 6.4783E+00
"P                                                                                                                     "
  17174.010, -54825.980,-3.7231E-01, 3.7671E+00,-3.2227E-01, 2.5488E+00,-4.8462E-01, 4.7449E+00,-2.7344E-01, 6.2439E+00
"Z                                                                                                                     "
  20294.070, -51705.920,-3.3569E-01, 3.8037E+00,-3.3081E-01, 2.5464E+00,-4.9316E-01, 4.7400E+00,-2.9541E-01, 6.2280E+00
"P                                                                                                                     "
  20375.070, -51624.920, 5.4199E-01, 4.6729E+00,-3.2959E-01, 2.5452E+00,-4.9316E-01, 4.7388E+00,-3.9429E-01, 6.0510E+00
"Z                                                                                                                     "
  23733.900, -48266.090, 1.4026E+00, 5.5054E+00,-3.2837E-01, 2.5452E+00,-4.8828E-01, 4.7424E+00,-8.8989E-01, 5.5676E+00
"P                                                                                                                     "
  23767.710, -48232.280, 1.0254E+00, 5.1331E+00,-3.3203E-01, 2.5452E+00,-4.9194E-01, 4.7424E+00,-7.0679E-01, 5.8142E+00
"G                                                                                                                     "
  24270.510, -47729.480, 4.8218E-01, 4.7302E+00,-3.3081E-01, 2.5427E+00,-4.9072E-01, 4.7375E+00,-2.0020E-01, 6.3306E+00
"Z                                                                                                                     "
  36000.060, -35999.930,-5.8716E-01, 3.5535E+00,-3.3447E-01, 2.5403E+00,-4.9561E-01, 4.7327E+00,-3.0273E-01, 6.2146E+00
