"NP                                                                                                                    "
    291.090, -71708.900,-5.6641E-01, 3.5693E+00, 1.3379E+00, 4.1003E+00, 3.5962E+00, 8.7830E+00,-3.1860E-01, 6.1975E+00
"P                                                                                                                     "
    361.740, -71638.250,-5.7007E-01, 3.5693E+00, 2.8687E+00, 5.7031E+00, 3.2568E+00, 8.4717E+00,-3.1982E-01, 6.1963E+00
"G                                                                                                                     "
    382.620, -71617.370,-5.6885E-01, 3.5693E+00, 2.9285E+00, 5.7483E+00, 3.7341E+00, 8.9844E+00,-3.2349E-01, 6.1963E+00
"P                                                                                                                     "
    384.300, -71615.690,-5.7251E-01, 3.5693E+00, 2.9065E+00, 5.7178E+00, 3.2153E+00, 8.5229E+00,-3.1860E-01, 6.1963E+00
"B2                                                                                                                    "
    387.210, -71612.780,-5.7739E-01, 3.5681E+00, 2.9175E+00, 5.7202E+00, 3.0945E+00, 8.2629E+00,-3.1982E-01, 6.1963E+00
"P                                                                                                                     "
    462.630, -71537.360,-5.6885E-01, 3.5779E+00, 2.7148E+00, 5.5542E+00, 3.7097E+00, 8.9148E+00,-3.2104E-01, 6.1963E+00
"B2                                                                                                                    "
    468.450, -71531.540,-5.6519E-01, 3.5767E+00, 2.6685E+00, 5.4858E+00, 3.7695E+00, 8.9563E+00,-3.2104E-01, 6.1951E+00
"P                                                                                                                     "
    506.730, -71493.260,-5.5298E-01, 3.5852E+00, 2.1875E+00, 5.4407E+00, 5.3369E+00, 9.7192E+00,-3.2227E-01, 6.1963E+00
"Z                                                                                                                     "
    710.250, -71289.740,-5.8350E-01, 3.5693E+00, 2.1289E+00, 3.6475E+00, 3.1897E+00, 8.3862E+00, 5.1514E-01, 7.0325E+00
"p                                                                                                                     "
    743.100, -71256.890,-5.7617E-01, 3.5669E+00, 1.9312E+00, 4.7571E+00, 3.0945E+00, 8.2629E+00, 3.1494E-01, 6.8152E+00
"b2                                                                                                                    "
    748.620, -71251.370,-5.6519E-01, 3.5669E+00, 2.0142E+00, 4.8340E+00, 3.2263E+00, 8.3887E+00, 3.1250E-01, 6.8054E+00
"P                                                                                                                     "
    889.760,       .660,-5.4077E-01, 3.5999E+00, 1.7578E-01, 3.6426E+00,-4.6387E-01, 4.7571E+00, 8.8623E-01, 7.3889E+00
"Z                                                                                                                     "
    893.090,      3.990,-5.5908E-01, 3.5828E+00,-3.0273E-01, 2.5745E+00,-4.8706E-01, 4.7412E+00, 8.0811E-01, 7.3315E+00
"P                                                                                                                     "
    912.620,     23.520,-5.7129E-01, 3.5693E+00, 1.5869E+00, 4.4202E+00,-4.9561E-01, 4.7327E+00, 8.2275E-01, 7.3340E+00
"B2                                                                                                                    "
    917.150,     28.050,-5.6763E-01, 3.5706E+00, 1.5759E+00, 4.4238E+00,-4.9316E-01, 4.7424E+00, 1.3562E+00, 7.8650E+00
"P                                                                                                                     "
    960.440,     71.340,-5.3711E-01, 3.5999E+00, 2.0911E+00, 4.9194E+00,-4.8340E-01, 4.7485E+00, 1.0413E+00, 7.6624E+00
"D                                                                                                                     "
   1012.370,    123.270,-4.3945E-01, 3.7036E+00, 2.0471E+00, 4.8767E+00,-5.0171E-01, 4.7290E+00, 9.9365E-01, 7.4878E+00
"C                                                                                                                     "
   1071.420,    182.320,-4.8096E-01, 3.6548E+00, 2.4060E+00, 4.9451E+00,-5.0049E-01, 4.7302E+00, 8.5449E-01, 7.3560E+00
"D                                                                                                                     "
   1243.740,    354.640, 1.2390E+00, 5.3613E+00, 1.9824E+00, 4.8950E+00,-5.0049E-01, 4.7327E+00, 1.2976E+00, 7.8271E+00
"F2                                                                                                                    "
   1246.800,    357.700, 2.0056E+00, 6.1768E+00, 1.7139E+00, 4.5752E+00,-4.9927E-01, 4.7327E+00, 1.3550E+00, 7.8845E+00
"B                                                                                                                     "
   1250.010,    360.910, 1.4172E+00, 5.5774E+00, 1.8884E+00, 4.8486E+00,-5.0049E-01, 4.7327E+00, 1.7188E+00, 8.2031E+00
"C                                                                                                                     "
   1253.040,    363.940, 2.5708E+00, 6.6382E+00, 1.6602E+00, 4.5496E+00,-4.9683E-01, 4.7327E+00, 1.6809E+00, 8.1372E+00
"D                                                                                                                     "
   1255.770,    366.670, 1.5552E+00, 5.7092E+00, 1.9067E+00, 4.7449E+00,-5.0049E-01, 4.7327E+00, 1.8030E+00, 8.2983E+00
"C                                                                                                                     "
   1260.000,    370.900, 1.7615E+00, 5.8655E+00, 1.9995E+00, 4.8364E+00,-5.0049E-01, 4.7327E+00, 1.8347E+00, 8.3508E+00
"DG                                                                                                                    "
   1495.470,    606.370, 2.3315E+00, 6.4343E+00, 2.2888E+00, 5.1160E+00,-5.0049E-01, 4.7351E+00, 1.8347E+00, 8.3264E+00
"G                                                                                                                     "
   1846.260,    957.160,-5.8838E-01, 3.5669E+00, 1.6443E+00, 4.4958E+00,-4.9805E-01, 4.7339E+00, 4.9438E-01, 7.0105E+00
"P                                                                                                                     "
   1849.740,    960.640,-5.8472E-01, 3.5681E+00, 1.7798E+00, 4.6094E+00,-4.9927E-01, 4.7339E+00, 4.7119E-01, 6.9934E+00
"Z                                                                                                                     "
   2037.270,   1148.170,-5.6519E-01, 3.5657E+00, 2.0337E+00, 4.7681E+00,-4.9561E-01, 4.7351E+00, 2.9175E-01, 6.7908E+00
"P                                                                                                                     "
   2070.120,   1181.020,-4.8584E-01, 3.6865E+00,-1.7578E-01, 2.9456E+00,-4.9805E-01, 4.7339E+00, 2.4048E-01, 6.7688E+00
"Z                                                                                                                     "
  21393.630,  20504.530,-5.7617E-01, 3.5596E+00, 3.8452E-01, 2.7905E+00, 1.1609E+00, 6.3843E+00,-3.1982E-01, 6.1963E+00
"P                                                                                                                     "
  21424.650,  20535.550,-5.5786E-01, 3.5742E+00, 1.1267E+00, 3.9685E+00, 9.4604E-01, 6.1646E+00,-3.2104E-01, 6.1963E+00
"B2                                                                                                                    "
  21431.520,  20542.420,-5.8228E-01, 3.5583E+00, 1.1169E+00, 3.9380E+00, 9.8267E-01, 6.1877E+00,-3.2104E-01, 6.1963E+00
"P                                                                                                                     "
  21454.500,  20565.400,-5.9082E-01, 3.5571E+00, 1.4893E-01, 3.3337E+00, 1.0071E+00, 6.2268E+00,-3.2227E-01, 6.1963E+00
"Z                                                                                                                     "
  21563.250,  20674.150,-5.8838E-01, 3.5645E+00, 9.9854E-01, 3.1775E+00, 1.0449E+00, 6.2708E+00,-3.2104E-01, 6.1963E+00
"P                                                                                                                     "
  21601.650,  20712.550,-5.7739E-01, 3.5583E+00, 1.3855E+00, 3.9465E+00, 1.0632E+00, 6.2732E+00,-3.1982E-01, 6.1963E+00
"C                                                                                                                     "
  21616.170,  20727.070,-5.9082E-01, 3.5583E+00, 6.2012E-01, 3.4814E+00, 1.0034E+00, 6.2244E+00,-3.2104E-01, 6.1963E+00
"D                                                                                                                     "
  21635.550,  20746.450,-5.8350E-01, 3.5583E+00, 6.9824E-01, 3.5339E+00, 1.0132E+00, 6.2341E+00,-3.2104E-01, 6.1963E+00
"F2                                                                                                                    "
  21636.480,  20747.380,-5.7251E-01, 3.5596E+00, 6.5552E-01, 3.4839E+00, 1.0278E+00, 6.2354E+00,-3.1860E-01, 6.1963E+00
"B                                                                                                                     "
  21667.560,  20778.460,-5.8716E-01, 3.5620E+00, 5.9692E-01, 3.4460E+00, 1.0156E+00, 6.2390E+00,-3.2104E-01, 6.1963E+00
"C                                                                                                                     "
  21669.510,  20780.410,-5.8228E-01, 3.5632E+00, 5.7983E-01, 3.4229E+00, 1.0132E+00, 6.2305E+00,-3.2349E-01, 6.1963E+00
"B                                                                                                                     "
  21680.820,  20791.720, 1.1523E+00, 5.2979E+00, 6.2012E-01, 3.4692E+00, 1.0327E+00, 6.2451E+00,-3.1982E-01, 6.1963E+00
"C                                                                                                                     "
  21681.690,  20792.590, 7.8857E-01, 4.9170E+00, 4.5654E-01, 3.3105E+00, 9.9731E-01, 6.2256E+00,-3.2104E-01, 6.1951E+00
"C                                                                                                                     "
  21687.270,  20798.170, 4.2847E-01, 4.5435E+00, 6.9946E-01, 3.5339E+00, 1.0425E+00, 6.2524E+00,-3.2104E-01, 6.1963E+00
"C                                                                                                                     "
  21688.080,  20798.980, 5.6152E-01, 4.6667E+00, 6.7627E-01, 3.5339E+00, 1.0376E+00, 6.2366E+00,-3.1860E-01, 6.1963E+00
"B                                                                                                                     "
  21688.980,  20799.880, 5.2979E-01, 4.6594E+00, 9.0332E-01, 3.6780E+00, 1.0388E+00, 6.2549E+00,-3.2104E-01, 6.1963E+00
"C                                                                                                                     "
  21698.880,  20809.780, 6.5186E-01, 4.7668E+00, 7.8491E-01, 3.6340E+00, 1.0364E+00, 6.2622E+00,-3.2349E-01, 6.1975E+00
"F2                                                                                                                    "
  21705.780,  20816.680, 6.7505E-01, 4.8120E+00, 4.7729E-01, 3.3142E+00, 1.0498E+00, 6.2585E+00,-3.1860E-01, 6.1963E+00
"B                                                                                                                     "
  21711.600,  20822.500, 5.9692E-01, 4.7095E+00, 1.0474E+00, 3.6633E+00, 1.0327E+00, 6.2512E+00,-3.1982E-01, 6.1963E+00
"D                                                                                                                     "
  21719.760,  20830.660, 5.8472E-01, 4.7095E+00, 8.7524E-01, 3.7122E+00, 1.0547E+00, 6.2708E+00,-3.1982E-01, 6.1963E+00
"D                                                                                                                     "
  21801.660,  20912.560, 4.1113E+00,-6.0669E-01, 6.1340E+00, 3.9185E+00, 3.2446E+00, 4.4446E+00, 2.9785E+00, 2.5671E+00
"C                                                                                                                     "
  21812.730,  20923.630,-5.6641E-01, 3.5791E+00, 1.1707E+00, 4.0186E+00, 1.0461E+00, 6.2585E+00,-3.2104E-01, 6.1975E+00
"D                                                                                                                     "
  21863.130,  20974.030,-5.1025E-01, 3.6255E+00, 1.3220E+00, 4.1516E+00, 1.0718E+00, 6.2927E+00,-3.1860E-01, 6.1975E+00
"C                                                                                                                     "
  21866.760,  20977.660,-5.2612E-01, 3.6182E+00, 1.3135E+00, 4.1492E+00, 1.0486E+00, 6.2769E+00,-3.1982E-01, 6.1975E+00
"D                                                                                                                     "
  21883.380,  20994.280,-5.3101E-01, 3.6145E+00, 1.2390E+00, 4.1516E+00, 1.0217E+00, 6.2280E+00,-3.1982E-01, 6.1975E+00
"F2                                                                                                                    "
  21887.070,  20997.970,-5.3345E-01, 3.6121E+00, 8.0566E-01, 3.6780E+00, 1.0461E+00, 6.2598E+00,-3.1982E-01, 6.1975E+00
"B                                                                                                                     "
  21895.020,  21005.920,-5.2490E-01, 3.6121E+00, 1.1072E+00, 3.9331E+00, 1.0632E+00, 6.2720E+00,-3.1860E-01, 6.1975E+00
"C                                                                                                                     "
  21895.800,  21006.700, 4.1113E+00,-6.0669E-01, 6.1340E+00, 3.9185E+00, 3.2446E+00, 4.4446E+00, 2.9785E+00, 2.5671E+00
"F2                                                                                                                    "
  21901.620,  21012.520,-5.3711E-01, 3.6108E+00, 8.8135E-01, 3.7976E+00, 1.0547E+00, 6.2793E+00,-3.1982E-01, 6.1987E+00
"B                                                                                                                     "
  21911.280,  21022.180,-5.4199E-01, 3.6084E+00, 1.4978E+00, 4.2078E+00, 1.0608E+00, 6.2866E+00,-3.1616E-01, 6.1975E+00
"C                                                                                                                     "
  21916.830,  21027.730,-5.4565E-01, 3.6072E+00, 1.0046E+00, 3.8391E+00, 1.0767E+00, 6.3062E+00,-3.1860E-01, 6.1987E+00
"B                                                                                                                     "
  21921.510,  21032.410,-5.4321E-01, 3.6060E+00, 8.7891E-01, 3.7158E+00, 1.0645E+00, 6.2915E+00,-3.1860E-01, 6.1987E+00
"C                                                                                                                     "
  21925.560,  21036.460,-5.3955E-01, 3.6047E+00, 8.1909E-01, 3.6536E+00, 1.0876E+00, 6.3049E+00,-3.1860E-01, 6.1975E+00
"B                                                                                                                     "
  21933.060,  21043.960,-5.4688E-01, 3.6060E+00, 6.6406E-01, 3.5535E+00, 1.0864E+00, 6.3135E+00,-3.1738E-01, 6.1975E+00
"P                                                                                                                     "
  22055.610,  21166.510, 3.4912E-01, 4.4592E+00, 7.7637E-01, 3.6133E+00, 1.1646E+00, 6.3757E+00,-3.1860E-01, 6.1975E+00
"B2                                                                                                                    "
  22059.360,  21170.260, 3.7109E-01, 4.4873E+00, 7.8613E-01, 3.6169E+00, 1.1243E+00, 6.3391E+00,-3.1982E-01, 6.1975E+00
"P                                                                                                                     "
  22062.810,  21173.710, 3.5522E-01, 4.4824E+00, 8.2153E-01, 3.6829E+00, 1.1426E+00, 6.3525E+00,-3.1860E-01, 6.1975E+00
"B2                                                                                                                    "
  22064.820,  21175.720, 2.7344E-01, 4.4043E+00, 7.8491E-01, 3.6267E+00, 1.1047E+00, 6.3232E+00,-3.2104E-01, 6.1987E+00
"P                                                                                                                     "
  22075.620,  21186.520, 3.5034E-01, 4.4604E+00, 7.9468E-01, 3.6316E+00, 1.0840E+00, 6.2952E+00,-3.1738E-01, 6.1975E+00
"B2                                                                                                                    "
  22082.250,  21193.150, 2.2705E-01, 4.3213E+00, 7.3364E-01, 3.5828E+00, 1.1450E+00, 6.3562E+00,-3.1494E-01, 6.1987E+00
"P                                                                                                                     "
  22088.790,  21199.690, 3.4424E-01, 4.4751E+00, 8.9233E-01, 3.7769E+00, 1.0718E+00, 6.3000E+00,-3.2104E-01, 6.1975E+00
"C                                                                                                                     "
  22107.270,  21218.170,-5.7617E-01, 3.5754E+00, 1.0425E+00, 3.8831E+00, 1.1230E+00, 6.3452E+00,-3.2227E-01, 6.1975E+00
"B                                                                                                                     "
  22109.160,  21220.060,-4.0771E-01, 3.6682E+00, 7.3608E-01, 3.6023E+00, 1.0742E+00, 6.2964E+00,-3.1982E-01, 6.1975E+00
"F2                                                                                                                    "
  22115.010,  21225.910,-5.7373E-01, 3.5669E+00, 8.8867E-01, 3.7256E+00, 1.1572E+00, 6.3635E+00,-3.1982E-01, 6.1987E+00
"B                                                                                                                     "
  22127.460,  21238.360,-5.7495E-01, 3.5718E+00, 1.0071E+00, 3.8403E+00, 1.1621E+00, 6.3904E+00,-3.1982E-01, 6.1975E+00
"C                                                                                                                     "
  22136.010,  21246.910,-5.7495E-01, 3.5681E+00, 1.2024E+00, 4.0320E+00, 1.1768E+00, 6.3806E+00,-3.1982E-01, 6.1975E+00
"D                                                                                                                     "
  22143.450,  21254.350,-5.7495E-01, 3.5596E+00, 9.4971E-01, 3.7500E+00, 1.1621E+00, 6.3672E+00,-3.1982E-01, 6.1975E+00
"B                                                                                                                     "
  22144.740,  21255.640,-5.3955E-01, 3.5962E+00, 9.7290E-01, 3.8342E+00, 1.1646E+00, 6.3940E+00,-3.2104E-01, 6.1975E+00
"C                                                                                                                     "
  22148.190,  21259.090,-5.7129E-01, 3.5693E+00, 1.0693E+00, 3.8989E+00, 1.1694E+00, 6.3855E+00,-3.1982E-01, 6.1975E+00
"DG                                                                                                                    "
  22180.950,  21291.850,-5.8228E-01, 3.5583E+00, 1.1743E+00, 4.0027E+00, 1.2048E+00, 6.4075E+00,-3.2104E-01, 6.1975E+00
"DG                                                                                                                    "
  22180.950,  21291.850,-5.8228E-01, 3.5583E+00, 1.1743E+00, 4.0027E+00, 1.2048E+00, 6.4075E+00,-3.2104E-01, 6.1975E+00
"C                                                                                                                     "
  22183.890,  21294.790,-5.8960E-01, 3.5571E+00, 1.3403E+00, 4.1833E+00, 1.1731E+00, 6.3916E+00,-3.2104E-01, 6.1963E+00
"DG                                                                                                                    "
  22311.390,  21422.290,-4.9927E-01, 3.6365E+00, 1.4490E+00, 4.2834E+00, 1.1633E+00, 6.3721E+00,-3.1982E-01, 6.1963E+00
"C                                                                                                                     "
  22312.470,  21423.370,-5.0415E-01, 3.6377E+00, 9.1309E-01, 3.7634E+00, 1.1694E+00, 6.3770E+00,-3.1982E-01, 6.1963E+00
"F2                                                                                                                    "
  22314.390,  21425.290,-5.1025E-01, 3.6377E+00, 8.8379E-01, 3.7427E+00, 1.1157E+00, 6.3428E+00,-3.2471E-01, 6.1963E+00
"G                                                                                                                     "
  22335.510,  21446.410,-5.0171E-01, 3.6389E+00, 1.0535E+00, 3.9038E+00, 1.1597E+00, 6.3806E+00,-3.2471E-01, 6.1951E+00
"B                                                                                                                     "
  22342.080,  21452.980,-5.0659E-01, 3.6401E+00, 1.5503E+00, 4.1980E+00, 1.1621E+00, 6.3806E+00,-3.1982E-01, 6.1963E+00
"C                                                                                                                     "
  22344.090,  21454.990,-5.0537E-01, 3.6377E+00, 1.3989E+00, 4.2346E+00, 1.1255E+00, 6.3440E+00,-3.1982E-01, 6.1951E+00
"CG                                                                                                                    "
  22722.570,  21833.470,-5.1392E-01, 3.6389E+00, 1.3123E+00, 4.1406E+00, 1.0510E+00, 6.2756E+00,-3.2349E-01, 6.1963E+00
"G                                                                                                                     "
  22761.660,  21872.560,-5.0293E-01, 3.6353E+00, 1.2170E+00, 4.0771E+00, 1.1438E+00, 6.3586E+00,-3.1860E-01, 6.1975E+00
"CG                                                                                                                    "
  22776.090,  21886.990,-5.0537E-01, 3.6316E+00, 1.5076E+00, 4.3445E+00, 1.0730E+00, 6.2939E+00,-3.1738E-01, 6.1975E+00
"G                                                                                                                     "
  22910.550,  22021.450,-5.1758E-01, 3.6292E+00, 5.3345E-01, 3.6975E+00, 1.1511E+00, 6.3745E+00,-3.1860E-01, 6.1975E+00
"Z                                                                                                                     "
  30611.190,  29722.090,-5.9448E-01, 3.5596E+00, 1.0974E+00, 3.2031E+00,-3.3447E-01, 4.9011E+00,-3.1738E-01, 6.2000E+00
"P                                                                                                                     "
  30653.250,  29764.150,-5.8838E-01, 3.5583E+00, 1.1182E+00, 3.9624E+00,-3.1982E-01, 4.9072E+00,-3.1616E-01, 6.2000E+00
"B2                                                                                                                    "
  30660.660,  29771.560,-5.8838E-01, 3.5608E+00, 1.1523E+00, 3.9954E+00,-3.3081E-01, 4.9048E+00,-3.1860E-01, 6.2000E+00
"P                                                                                                                     "
  30702.900,  29813.800,-5.8838E-01, 3.5583E+00,-1.2573E-01, 3.0188E+00,-3.2349E-01, 4.9121E+00,-3.1738E-01, 6.2012E+00
"Z                                                                                                                     "
  34738.230,  33849.130,-5.7129E-01, 3.5669E+00, 5.2734E-01, 2.9199E+00, 1.1768E+00, 6.3818E+00, 1.3892E+00, 7.8833E+00
"G                                                                                                                     "
  34762.590,  33873.490,-5.7129E-01, 3.5645E+00,-2.2095E-01, 2.7820E+00, 1.1902E+00, 6.3977E+00, 1.3611E+00, 7.8528E+00
"Z                                                                                                                     "
  36000.030,  35110.930, 3.8672E+00, 7.9419E+00,-3.1982E-01, 2.5562E+00,-3.5889E-01, 4.8706E+00,-1.0620E-01, 6.4099E+00
