"z                                                                                                                     "
       .000, -71999.990,-3.9063E-02, 4.0613E+00, 6.3477E-02, 2.9297E+00, 3.5400E-02, 5.2319E+00, 6.3477E-02, 6.5454E+00
"np                                                                                                                    "
    244.680, -71755.310,-5.9204E-01, 3.5339E+00,-3.0273E-01, 2.5830E+00,-1.6479E-01, 5.0439E+00, 6.1035E-02, 6.5527E+00
"a                                                                                                                     "
    247.880, -71752.110,-5.8472E-01, 3.5364E+00, 7.4341E-01, 3.5889E+00,-1.7212E-01, 5.0366E+00, 6.2256E-02, 6.5527E+00
"b1                                                                                                                    "
    267.720, -71732.270,-5.8960E-01, 3.5364E+00, 4.1138E-01, 3.2764E+00,-1.8066E-01, 5.0281E+00, 6.1035E-02, 6.5527E+00
"np                                                                                                                    "
    556.680, -71443.310, 3.6047E+00, 7.6819E+00,-2.7344E-01, 2.6123E+00,-1.8311E-01, 5.0305E+00,-1.6602E-01, 6.3306E+00
"a                                                                                                                     "
    559.880, -71440.110, 3.6646E+00, 7.7112E+00, 4.5776E-01, 3.1775E+00,-1.6968E-01, 5.0391E+00,-8.6670E-02, 6.4160E+00
"b1                                                                                                                    "
    585.480, -71414.510, 4.3042E+00, 8.3582E+00, 6.2012E-01, 3.4863E+00, 9.0332E-01, 6.1084E+00,-3.1738E-02, 6.4673E+00
"c1                                                                                                                    "
    587.400, -71412.590, 4.2773E+00, 8.3521E+00, 5.5054E-01, 3.4180E+00,-1.2451E-01, 5.0916E+00,-1.7456E-01, 6.3281E+00
"b1                                                                                                                    "
    607.880, -71392.110, 4.3274E+00, 8.3643E+00,-2.7832E-01, 2.6062E+00,-1.8799E-01, 5.0220E+00,-1.9287E-01, 6.3062E+00
"a                                                                                                                     "
    839.560, -71160.430, 4.4446E+00, 8.4985E+00, 5.0781E-01, 3.4241E+00,-1.9897E-01, 5.0159E+00,-2.8564E-01, 6.2170E+00
"b1                                                                                                                    "
    890.120, -71109.870, 4.8608E+00, 8.7012E+00, 4.8828E-03, 2.8784E+00,-1.9531E-01, 5.0183E+00,-2.9419E-01, 6.2073E+00
"b2                                                                                                                    "
    893.960, -71106.030, 4.5435E+00, 8.4827E+00,-4.1504E-02, 2.8418E+00,-2.0264E-01, 5.0171E+00,-2.9907E-01, 6.2061E+00
"b1                                                                                                                    "
    915.080, -71084.910, 4.4250E+00, 8.4778E+00,-1.5381E-01, 2.7490E+00,-2.0142E-01, 5.0159E+00,-3.0151E-01, 6.2036E+00
"b2                                                                                                                    "
    920.840, -71079.150, 4.4702E+00, 8.5291E+00,-7.5684E-02, 2.7844E+00,-1.9775E-01, 5.0171E+00,-2.9663E-01, 6.2048E+00
"b1                                                                                                                    "
    941.320, -71058.670, 4.8242E+00, 8.8928E+00,-2.0752E-01, 2.6831E+00,-1.9287E-01, 5.0232E+00,-2.9785E-01, 6.2036E+00
"c1                                                                                                                    "
    943.240, -71056.750, 4.4641E+00, 8.5254E+00, 3.6133E-01, 3.2312E+00,-1.9775E-01, 5.0171E+00,-2.9785E-01, 6.2024E+00
"c2                                                                                                                    "
    946.440, -71053.550, 4.5093E+00, 8.5608E+00, 1.7700E-01, 3.0615E+00,-2.0508E-01, 5.0159E+00,-3.0029E-01, 6.2048E+00
"b1                                                                                                                    "
    950.280, -71049.710, 4.4543E+00, 8.5193E+00, 3.2471E-01, 3.1689E+00,-1.9409E-01, 5.0195E+00,-2.9419E-01, 6.2061E+00
"c1                                                                                                                    "
    951.560, -71048.430, 4.4751E+00, 8.5266E+00, 1.1829E+00, 3.9368E+00,-1.9775E-01, 5.0183E+00,-2.9663E-01, 6.2061E+00
"b1                                                                                                                    "
    956.040, -71043.950, 4.4653E+00, 8.5144E+00,-5.9814E-02, 2.8467E+00,-1.9653E-01, 5.0183E+00,-3.0029E-01, 6.2024E+00
"c1                                                                                                                    "
    957.320, -71042.670, 4.4702E+00, 8.5229E+00, 2.0886E+00, 4.9646E+00,-1.9653E-01, 5.0159E+00,-3.0273E-01, 6.2000E+00
"c2                                                                                                                    "
   1001.480, -70998.510, 4.3469E+00, 8.3936E+00, 2.9419E-01, 3.2642E+00,-2.0020E-01, 5.0171E+00,-3.0640E-01, 6.1963E+00
"f2                                                                                                                    "
   1005.320, -70994.670, 4.3274E+00, 8.3875E+00, 1.4282E-01, 2.9956E+00,-2.0020E-01, 5.0159E+00,-3.0273E-01, 6.1975E+00
"b1                                                                                                                    "
   1039.880, -70960.110, 4.7278E+00, 8.7939E+00, 4.6509E-01, 3.3496E+00,-1.9775E-01, 5.0195E+00,-3.1006E-01, 6.1938E+00
"c1                                                                                                                    "
   1040.520, -70959.470, 4.3933E+00, 8.4497E+00, 8.4229E-02, 2.9871E+00,-1.9531E-01, 5.0159E+00,-3.0884E-01, 6.1938E+00
"c2                                                                                                                    "
   1122.440, -70877.550, 4.3616E+00, 8.4363E+00, 4.9072E-01, 3.3496E+00,-1.9897E-01, 5.0159E+00,-3.1494E-01, 6.1890E+00
"f2                                                                                                                    "
   1126.280, -70873.710, 4.3848E+00, 8.4473E+00, 1.0986E-01, 2.9944E+00,-2.0264E-01, 5.0159E+00,-3.1494E-01, 6.1890E+00
"b1s                                                                                                                   "
   1128.840, -70871.150, 4.4165E+00, 8.4705E+00, 2.2217E-01, 3.3228E+00,-2.0142E-01, 5.0146E+00,-3.1616E-01, 6.1890E+00
"c1                                                                                                                    "
   1132.040, -70867.950, 4.3323E+00, 8.3862E+00, 5.7861E-01, 3.3386E+00,-2.0142E-01, 5.0146E+00,-3.1494E-01, 6.1877E+00
"c2                                                                                                                    "
   1193.520, -70803.310, 4.3823E+00, 8.4375E+00, 3.4302E-01, 3.2507E+00,-2.0264E-01, 5.0134E+00,-3.2104E-01, 6.1853E+00
"f1                                                                                                                    "
   1196.520, -70800.750, 4.6655E+00, 8.7219E+00, 5.2490E-01, 3.3960E+00,-1.9897E-01, 5.0146E+00,-3.1860E-01, 6.1853E+00
"f2                                                                                                                    "
   1198.860, -70800.750, 4.6655E+00, 8.7219E+00, 5.2490E-01, 3.3960E+00,-1.9897E-01, 5.0146E+00,-3.1860E-01, 6.1853E+00
"f3                                                                                                                    "
   1205.580, -70800.750, 4.6655E+00, 8.7219E+00, 5.2490E-01, 3.3960E+00,-1.9897E-01, 5.0146E+00,-3.1860E-01, 6.1853E+00
"f4                                                                                                                    "
   1210.050, -70800.750, 4.6655E+00, 8.7219E+00, 5.2490E-01, 3.3960E+00,-1.9897E-01, 5.0146E+00,-3.1860E-01, 6.1853E+00
"b1s                                                                                                                   "
   1217.800, -70782.190, 4.6057E+00, 8.6780E+00, 1.2769E+00, 3.9197E+00,-1.9165E-01, 5.0208E+00,-3.2104E-01, 6.1841E+00
"c1                                                                                                                    "
   1219.080, -70780.910, 4.5300E+00, 8.6267E+00, 4.0771E-01, 3.2837E+00,-1.9897E-01, 5.0171E+00,-3.1982E-01, 6.1841E+00
"c2                                                                                                                    "
   1384.840, -70615.150, 4.5984E+00, 8.6926E+00, 7.1899E-01, 3.7378E+00,-1.9897E-01, 5.0171E+00,-3.1616E-01, 6.1865E+00
"c1                                                                                                                    "
   1386.120, -70613.870, 4.6960E+00, 8.7585E+00, 1.6064E+00, 4.4482E+00,-2.0264E-01, 5.0146E+00,-3.1982E-01, 6.1865E+00
"c2                                                                                                                    "
   1389.960, -70610.030, 4.6228E+00, 8.6316E+00, 1.1523E+00, 4.0051E+00,-1.9897E-01, 5.0171E+00,-3.1372E-01, 6.1902E+00
"c1                                                                                                                    "
   1390.600, -70609.390, 4.2322E+00, 8.3093E+00, 2.1753E+00, 5.0171E+00,-1.9775E-01, 5.0183E+00,-3.1860E-01, 6.1890E+00
"c2                                                                                                                    "
   1503.240, -70496.750, 4.4543E+00, 8.5156E+00, 1.7798E+00, 4.3420E+00,-1.9897E-01, 5.0171E+00,-2.7710E-01, 6.2292E+00
"c1                                                                                                                    "
   1504.520, -70495.470, 4.4519E+00, 8.5156E+00, 1.4941E+00, 4.3713E+00,-2.0020E-01, 5.0171E+00,-2.7222E-01, 6.2305E+00
"c2                                                                                                                    "
   1640.200, -70359.790, 4.5215E+00, 8.5815E+00, 1.1670E+00, 3.9673E+00,-2.0020E-01, 5.0159E+00,-3.1006E-01, 6.1951E+00
"c1                                                                                                                    "
   1642.120, -70357.870, 4.5789E+00, 8.6450E+00, 8.2764E-01, 3.7805E+00,-2.0142E-01, 5.0171E+00,-3.1128E-01, 6.1951E+00
"c2                                                                                                                    "
   1652.360, -70347.630, 4.4543E+00, 8.5120E+00, 7.3853E-01, 3.6206E+00,-2.0264E-01, 5.0171E+00,-3.1616E-01, 6.1890E+00
"c1                                                                                                                    "
   1653.640, -70346.350, 4.4690E+00, 8.5254E+00, 1.3098E+00, 4.0381E+00,-2.0020E-01, 5.0183E+00,-3.1372E-01, 6.1902E+00
"c2                                                                                                                    "
   1788.040, -70211.950, 3.9929E+00, 8.0505E+00, 1.0840E+00, 3.9050E+00,-1.9775E-01, 5.0183E+00,-3.2959E-01, 6.1755E+00
"np                                                                                                                    "
  12728.840, -59271.150,-6.2744E-01, 3.5107E+00,-3.6255E-01, 2.5500E+00, 4.9805E-01, 5.6726E+00,-3.4790E-01, 6.1597E+00
"a                                                                                                                     "
  12730.120, -59269.870,-6.2256E-01, 3.5120E+00,-1.2476E+00, 1.6821E+00, 5.8594E-01, 5.7556E+00,-3.4912E-01, 6.1597E+00
"b1                                                                                                                    "
  12748.040, -59251.950,-6.2134E-01, 3.5120E+00,-1.1279E+00, 1.7798E+00, 6.6406E-01, 5.8777E+00,-3.4668E-01, 6.1584E+00
"b2                                                                                                                    "
  12750.600, -59249.390,-6.2744E-01, 3.5120E+00,-1.1340E+00, 1.7786E+00, 6.4941E-01, 5.8618E+00,-3.4912E-01, 6.1597E+00
"b1                                                                                                                    "
  12781.960, -59218.030,-6.2378E-01, 3.5107E+00,-1.4343E+00, 1.4844E+00, 6.5430E-01, 5.8679E+00,-3.4912E-01, 6.1597E+00
"b2                                                                                                                    "
  12785.160, -59214.830,-6.2256E-01, 3.5107E+00,-1.3916E+00, 1.5259E+00, 5.8105E-01, 5.8289E+00,-3.4790E-01, 6.1609E+00
"b1                                                                                                                    "
  12800.520, -59199.470,-6.2622E-01, 3.5095E+00,-1.4624E+00, 1.4673E+00, 6.4331E-01, 5.8679E+00,-3.5400E-01, 6.1548E+00
"b2                                                                                                                    "
  12803.080, -59196.910,-6.2134E-01, 3.5107E+00,-1.4600E+00, 1.4624E+00, 6.6895E-01, 5.8838E+00,-3.5034E-01, 6.1572E+00
"b1                                                                                                                    "
  12821.640, -59178.350,-6.2134E-01, 3.5095E+00,-1.4661E+00, 1.4490E+00, 6.6895E-01, 5.8984E+00,-3.5034E-01, 6.1572E+00
"b2                                                                                                                    "
  12825.480, -59174.510,-6.2256E-01, 3.5107E+00,-1.4197E+00, 1.4941E+00, 7.3242E-01, 5.9412E+00,-3.5034E-01, 6.1560E+00
"b1                                                                                                                    "
  12861.320, -59138.670,-6.2622E-01, 3.5107E+00,-1.2036E+00, 1.6467E+00, 7.5073E-01, 5.9570E+00,-3.4790E-01, 6.1597E+00
"c1                                                                                                                    "
  12863.240, -59136.750,-6.2378E-01, 3.5107E+00,-1.3074E+00, 1.6199E+00, 7.5562E-01, 5.9619E+00,-3.4790E-01, 6.1584E+00
"c2                                                                                                                    "
  12888.840, -59111.150,-6.2012E-01, 3.5095E+00,-1.2097E+00, 1.7224E+00, 7.6416E-01, 5.9741E+00,-3.4912E-01, 6.1572E+00
"f2                                                                                                                    "
  12893.120, -59105.390,-6.2256E-01, 3.5107E+00,-1.0486E+00, 1.8860E+00, 6.4575E-01, 5.8533E+00,-3.5156E-01, 6.1560E+00
"b1s                                                                                                                   "
  12904.200, -59095.790,-6.2866E-01, 3.5107E+00,-3.1128E-01, 2.5330E+00, 7.7026E-01, 5.9827E+00,-3.4912E-01, 6.1597E+00
"c1                                                                                                                    "
  12905.480, -59094.510,-6.2622E-01, 3.5107E+00,-8.5083E-01, 2.0459E+00, 7.3364E-01, 5.9546E+00,-3.4912E-01, 6.1609E+00
"c2                                                                                                                    "
  12963.720, -59036.270,-6.3354E-01, 3.5107E+00,-2.7100E-01, 2.6147E+00, 6.5430E-01, 5.8679E+00,-3.5278E-01, 6.1572E+00
"f2                                                                                                                    "
  12969.060, -59029.870,-6.2134E-01, 3.5107E+00,-7.8491E-01, 2.1252E+00, 6.8237E-01, 5.8826E+00,-3.5034E-01, 6.1584E+00
"b1s                                                                                                                   "
  12980.030, -59021.550,-6.2134E-01, 3.5107E+00,-1.1267E+00, 1.8054E+00, 8.4961E-01, 6.0571E+00,-3.4668E-01, 6.1584E+00
"c1                                                                                                                    "
  12980.360, -59019.630,-6.2256E-01, 3.5120E+00,-5.1880E-01, 2.3608E+00, 7.3730E-01, 5.9460E+00,-3.5034E-01, 6.1572E+00
"c2                                                                                                                    "
  13070.090, -58927.470,-6.2622E-01, 3.5095E+00,-2.5635E-02, 2.8418E+00, 8.4717E-01, 6.0400E+00,-3.4790E-01, 6.1597E+00
"f1                                                                                                                    "
  13071.410, -58925.550,-6.2622E-01, 3.5107E+00,-3.4302E-01, 2.5488E+00, 8.1543E-01, 6.0278E+00,-3.5156E-01, 6.1584E+00
"f2                                                                                                                    "
  13072.100, -58925.550,-6.2622E-01, 3.5107E+00,-3.4302E-01, 2.5488E+00, 8.1543E-01, 6.0278E+00,-3.5156E-01, 6.1584E+00
"f1                                                                                                                    "
  13072.850, -58925.550,-6.2622E-01, 3.5107E+00,-3.4302E-01, 2.5488E+00, 8.1543E-01, 6.0278E+00,-3.5156E-01, 6.1584E+00
"f2                                                                                                                    "
  13074.620, -58925.550,-6.2622E-01, 3.5107E+00,-3.4302E-01, 2.5488E+00, 8.1543E-01, 6.0278E+00,-3.5156E-01, 6.1584E+00
"f3                                                                                                                    "
  13080.530, -58925.550,-6.2622E-01, 3.5107E+00,-3.4302E-01, 2.5488E+00, 8.1543E-01, 6.0278E+00,-3.5156E-01, 6.1584E+00
"f4                                                                                                                    "
  13084.680, -58915.310,-6.2500E-01, 3.5107E+00,-5.2368E-01, 2.3706E+00, 8.3618E-01, 6.0425E+00,-3.4912E-01, 6.1560E+00
"b1s                                                                                                                   "
  13087.880, -58912.110,-6.2866E-01, 3.5107E+00,-5.2979E-01, 2.2827E+00, 8.2642E-01, 6.0352E+00,-3.4912E-01, 6.1584E+00
"c1                                                                                                                    "
  13088.520, -58911.470,-6.2866E-01, 3.5095E+00,-5.7007E-01, 2.3401E+00, 8.2520E-01, 6.0376E+00,-3.5034E-01, 6.1584E+00
"c2                                                                                                                    "
  13101.960, -58898.030,-6.2866E-01, 3.5071E+00,-5.8105E-01, 2.3145E+00, 8.3618E-01, 6.0474E+00,-3.5156E-01, 6.1584E+00
"f2                                                                                                                    "
  13104.830, -58894.830,-6.2622E-01, 3.5083E+00,-6.7261E-01, 2.2314E+00, 7.7148E-01, 6.0095E+00,-3.5278E-01, 6.1584E+00
"b1s                                                                                                                   "
  13114.760, -58885.230,-6.2988E-01, 3.5071E+00,-1.5259E-01, 2.6428E+00, 7.5195E-01, 5.9595E+00,-3.5034E-01, 6.1584E+00
"c1                                                                                                                    "
  13115.400, -58884.590,-6.2744E-01, 3.5083E+00, 1.5991E-01, 3.0188E+00, 8.3130E-01, 6.0400E+00,-3.5034E-01, 6.1584E+00
"c2                                                                                                                    "
  13221.640, -58778.350,-6.2622E-01, 3.5107E+00, 1.1719E-01, 3.0042E+00, 8.6182E-01, 6.0730E+00,-3.5034E-01, 6.1584E+00
"c1                                                                                                                    "
  13222.280, -58777.710,-6.2378E-01, 3.5095E+00,-5.2490E-01, 2.3804E+00, 8.6548E-01, 6.0742E+00,-3.4912E-01, 6.1584E+00
"f2                                                                                                                    "
  13224.140, -58774.510,-6.2134E-01, 3.5095E+00,-3.3813E-01, 2.5403E+00, 8.6182E-01, 6.0730E+00,-3.4790E-01, 6.1584E+00
"b1s                                                                                                                   "
  13226.120, -58773.870,-6.2622E-01, 3.5095E+00, 2.7222E-01, 3.1116E+00, 8.3984E-01, 5.9937E+00,-3.5278E-01, 6.1584E+00
"c1                                                                                                                    "
  13226.760, -58773.230,-6.2744E-01, 3.5095E+00, 2.4902E-01, 3.1140E+00, 8.5571E-01, 6.0657E+00,-3.5034E-01, 6.1584E+00
"c2                                                                                                                    "
  13343.880, -58656.110,-6.2378E-01, 3.5083E+00, 2.4048E-01, 3.1140E+00, 8.6792E-01, 6.0742E+00,-3.5034E-01, 6.1572E+00
"f2                                                                                                                    "
  13346.090, -58653.550,-6.2744E-01, 3.5095E+00,-1.2939E-01, 2.7649E+00, 8.6792E-01, 6.0779E+00,-3.4790E-01, 6.1584E+00
"b1s                                                                                                                   "
  13349.000, -58650.990,-6.2256E-01, 3.5107E+00, 6.1768E-01, 3.4595E+00, 8.6426E-01, 6.0352E+00,-3.5034E-01, 6.1597E+00
"c1                                                                                                                    "
  13349.640, -58650.350,-6.2134E-01, 3.5107E+00, 3.1738E-01, 3.1824E+00, 8.6670E-01, 6.0742E+00,-3.4912E-01, 6.1572E+00
"c2                                                                                                                    "
  13477.000, -58522.990,-6.2256E-01, 3.5107E+00, 3.8818E-01, 3.2861E+00, 8.6548E-01, 6.0767E+00,-3.4668E-01, 6.1597E+00
"c1                                                                                                                    "
  13477.200, -58522.790,-6.2378E-01, 3.5095E+00,-1.3672E-01, 2.7466E+00, 8.6182E-01, 6.0730E+00,-3.5034E-01, 6.1597E+00
"f2                                                                                                                    "
  13478.120, -58520.870,-6.2622E-01, 3.5083E+00,-1.7944E-01, 2.6855E+00, 8.7158E-01, 6.0815E+00,-3.3325E-01, 6.1829E+00
"b1s                                                                                                                   "
  13480.400, -58519.590,-6.2012E-01, 3.5095E+00,-2.3438E-01, 2.6465E+00, 8.7402E-01, 6.0803E+00,-3.3325E-01, 6.1707E+00
"c1                                                                                                                    "
  13481.040, -58518.950,-6.2622E-01, 3.5095E+00, 1.0376E-01, 2.9773E+00, 8.7280E-01, 6.0828E+00,-3.2715E-01, 6.1914E+00
"c2                                                                                                                    "
  13602.640, -58397.350,-6.2622E-01, 3.5095E+00, 4.4189E-01, 3.3118E+00, 8.5571E-01, 6.0583E+00,-3.4912E-01, 6.1572E+00
"f2                                                                                                                    "
  13605.290, -58394.790,-6.2988E-01, 3.5095E+00, 9.1553E-02, 2.9797E+00, 8.5083E-01, 6.0608E+00,-3.4912E-01, 6.1584E+00
"b1s                                                                                                                   "
  13607.760, -58392.230,-6.2012E-01, 3.5083E+00,-2.6855E-02, 2.8455E+00, 6.8726E-01, 5.8984E+00,-3.5034E-01, 6.1572E+00
"c1                                                                                                                    "
  13609.040, -58390.950,-6.3110E-01, 3.5095E+00, 3.1372E-01, 3.1812E+00, 7.1655E-01, 5.9534E+00,-3.5034E-01, 6.1572E+00
"c2                                                                                                                    "
  13705.680, -58294.310,-6.2134E-01, 3.5083E+00,-5.6152E-02, 2.8333E+00, 8.9478E-01, 6.0901E+00,-3.4790E-01, 6.1584E+00
"f2                                                                                                                    "
  13707.500, -58292.390,-6.2744E-01, 3.5083E+00,-1.0132E-01, 2.7905E+00, 7.5439E-01, 5.9619E+00,-3.4912E-01, 6.1584E+00
"b1s                                                                                                                   "
  13708.880, -58291.110,-6.2622E-01, 3.5083E+00,-1.1475E-01, 2.7942E+00, 7.3853E-01, 5.9448E+00,-3.5034E-01, 6.1584E+00
"c1                                                                                                                    "
  13710.160, -58289.830,-6.2744E-01, 3.5083E+00, 5.5664E-01, 3.3850E+00, 8.9722E-01, 6.1084E+00,-3.5034E-01, 6.1572E+00
"c2                                                                                                                    "
  13824.720, -58175.270,-6.2988E-01, 3.5083E+00, 8.7891E-02, 3.0090E+00, 6.5674E-01, 5.8740E+00,-3.4912E-01, 6.1572E+00
"b1s                                                                                                                   "
  13828.220, -58172.070,-6.2744E-01, 3.5083E+00, 4.1626E-01, 3.2849E+00, 6.0303E-01, 5.8142E+00,-3.4912E-01, 6.1572E+00
"c1                                                                                                                    "
  13828.560, -58171.430,-6.2988E-01, 3.5083E+00, 6.8237E-01, 3.5571E+00, 8.8989E-01, 6.0913E+00,-3.5034E-01, 6.1572E+00
"c2                                                                                                                    "
  13943.120, -58056.870,-6.2866E-01, 3.5071E+00,-1.8311E-02, 2.8638E+00, 7.0068E-01, 5.9082E+00,-3.5400E-01, 6.1560E+00
"b1s                                                                                                                   "
  13946.320, -58053.670,-6.2866E-01, 3.5083E+00,-1.5991E-01, 2.7295E+00, 6.7749E-01, 5.8850E+00,-3.5645E-01, 6.1548E+00
"c1                                                                                                                    "
  13946.960, -58053.030,-6.2744E-01, 3.5083E+00, 4.7607E-01, 3.4045E+00, 6.6162E-01, 5.8691E+00,-3.5034E-01, 6.1572E+00
"c2                                                                                                                    "
  14064.080, -57935.910,-6.2744E-01, 3.5071E+00,-1.2695E-01, 2.7759E+00, 5.5054E-01, 5.7678E+00,-3.4790E-01, 6.1572E+00
"b1s                                                                                                                   "
  14067.280, -57932.710,-6.2866E-01, 3.5071E+00,-8.4229E-02, 2.8174E+00,-2.0874E-01, 5.0085E+00,-3.4912E-01, 6.1572E+00
"c1                                                                                                                    "
  14067.920, -57932.070,-6.2256E-01, 3.5071E+00, 1.7700E-01, 2.9980E+00,-1.7090E-01, 5.0476E+00,-3.4912E-01, 6.1572E+00
"c2                                                                                                                    "
  14211.920, -57788.070,-6.2500E-01, 3.5071E+00,-7.6904E-02, 2.8027E+00,-2.0996E-01, 5.0098E+00,-3.5278E-01, 6.1572E+00
"b1s                                                                                                                   "
  14215.120, -57784.870,-6.2988E-01, 3.5059E+00,-3.4180E-02, 2.8491E+00,-2.1118E-01, 5.0061E+00,-3.4912E-01, 6.1560E+00
"c2                                                                                                                    "
  14348.360, -57649.830,-6.2744E-01, 3.5059E+00, 8.5449E-02, 2.9871E+00,-2.1362E-01, 5.0061E+00,-3.3569E-01, 6.1682E+00
"f1                                                                                                                    "
  14348.360, -57647.910,-6.2622E-01, 3.5059E+00, 2.0752E-01, 3.0725E+00,-2.1606E-01, 5.0037E+00,-3.5034E-01, 6.1572E+00
"f2                                                                                                                    "
  14352.410, -57647.910,-6.2622E-01, 3.5059E+00, 2.0752E-01, 3.0725E+00,-2.1606E-01, 5.0037E+00,-3.5034E-01, 6.1572E+00
"f3                                                                                                                    "
  14355.440, -57647.910,-6.2622E-01, 3.5059E+00, 2.0752E-01, 3.0725E+00,-2.1606E-01, 5.0037E+00,-3.5034E-01, 6.1572E+00
"b1s                                                                                                                   "
  14368.080, -57631.910,-6.3110E-01, 3.5059E+00,-2.4536E-01, 2.6001E+00, 3.4912E-01, 5.5627E+00,-3.5034E-01, 6.1560E+00
"c1                                                                                                                    "
  14368.720, -57631.270,-6.2866E-01, 3.5059E+00,-8.4229E-02, 2.7966E+00, 3.3081E-01, 5.5334E+00,-3.4790E-01, 6.1560E+00
"c2                                                                                                                    "
  14505.680, -57494.310,-6.2622E-01, 3.5071E+00,-1.5381E-01, 2.7319E+00,-3.1250E-01, 4.9060E+00,-3.4546E-01, 6.1584E+00
"b1s                                                                                                                   "
  14514.000, -57485.990,-6.3110E-01, 3.5083E+00,-4.5166E-02, 2.7148E+00,-2.8320E-01, 4.9353E+00,-3.4790E-01, 6.1572E+00
"c1                                                                                                                    "
  14514.640, -57485.350,-6.2988E-01, 3.5071E+00,-2.4414E-03, 2.8845E+00,-2.6978E-01, 4.9451E+00,-3.5034E-01, 6.1572E+00
"c2                                                                                                                    "
  14721.360, -57278.630,-6.2744E-01, 3.5071E+00,-8.5449E-03, 2.8711E+00,-1.8311E-02, 5.1978E+00,-3.5156E-01, 6.1572E+00
"g                                                                                                                     "
  15144.720, -56855.270,-6.2988E-01, 3.5059E+00,-3.6621E-01, 2.5183E+00, 1.6113E-01, 5.3772E+00,-3.5522E-01, 6.1548E+00
"b1s                                                                                                                   "
  15148.560, -56851.430,-6.2744E-01, 3.5059E+00,-4.3091E-01, 2.4500E+00, 1.6357E-01, 5.3784E+00,-3.5400E-01, 6.1548E+00
"c1                                                                                                                    "
  15149.200, -56850.790,-6.3721E-01, 3.5059E+00, 7.1045E-01, 3.5779E+00, 1.4893E-01, 5.3674E+00,-3.5400E-01, 6.1548E+00
"c2                                                                                                                    "
  15165.840, -56834.150,-6.2500E-01, 3.5059E+00,-1.6724E-01, 2.7124E+00, 4.3945E-02, 5.2576E+00,-3.5156E-01, 6.1548E+00
"b1s                                                                                                                   "
  15171.600, -56828.390,-6.2866E-01, 3.5059E+00,-2.8564E-01, 2.6147E+00, 4.0283E-02, 5.2612E+00,-3.5522E-01, 6.1548E+00
"c1                                                                                                                    "
  15172.240, -56827.750,-6.2622E-01, 3.5059E+00,-1.0742E-01, 2.8479E+00, 4.7607E-02, 5.2612E+00,-3.5156E-01, 6.1548E+00
"c2                                                                                                                    "
  15281.680, -56718.310,-6.2988E-01, 3.5046E+00, 1.1963E-01, 3.0103E+00, 1.2939E-01, 5.3430E+00,-3.7354E-01, 6.1328E+00
"g                                                                                                                     "
  15327.120, -56672.870,-6.2744E-01, 3.5046E+00, 4.2114E-01, 3.2886E+00, 3.7231E-01, 5.5811E+00,-3.5278E-01, 6.1548E+00
"c1                                                                                                                    "
  15327.760, -56672.230,-6.2866E-01, 3.5059E+00,-1.7700E-01, 2.7014E+00, 1.4282E-01, 5.3625E+00,-3.5156E-01, 6.1548E+00
"c2                                                                                                                    "
  15437.840, -56562.150,-6.2256E-01, 3.5059E+00,-2.5269E-01, 2.6306E+00, 4.4067E-01, 5.6519E+00,-3.4912E-01, 6.1548E+00
"g                                                                                                                     "
  15497.360, -56502.630,-6.2988E-01, 3.5046E+00,-4.1382E-01, 2.4780E+00, 3.6011E-01, 5.5737E+00,-3.5278E-01, 6.1536E+00
"c2                                                                                                                    "
  15536.400, -56463.590,-6.2866E-01, 3.5046E+00,-6.4697E-02, 2.8137E+00, 2.0264E-01, 5.4175E+00,-3.5400E-01, 6.1536E+00
"g                                                                                                                     "
  15659.280, -56340.710,-6.3354E-01, 3.5034E+00,-3.6621E-01, 2.5281E+00, 1.3916E-01, 5.3564E+00,-3.5278E-01, 6.1536E+00
"b1s                                                                                                                   "
  15666.320, -56333.670,-6.3599E-01, 3.5034E+00,-3.8940E-01, 2.4890E+00, 4.8218E-01, 5.6885E+00,-3.5278E-01, 6.1536E+00
"c1                                                                                                                    "
  15667.600, -56332.390,-6.2988E-01, 3.5034E+00,-1.4282E-01, 2.7478E+00, 4.6265E-01, 5.6616E+00,-3.5400E-01, 6.1536E+00
"c2                                                                                                                    "
  15721.360, -56278.630,-6.2744E-01, 3.5083E+00,-1.4771E-01, 2.7454E+00,-2.1606E-01, 5.0049E+00,-3.5889E-01, 6.1536E+00
"b1s                                                                                                                   "
  15736.720, -56263.270,-6.1523E-01, 3.5168E+00,-3.8208E-01, 2.4976E+00,-2.1118E-01, 5.0061E+00,-3.5522E-01, 6.1536E+00
"c1                                                                                                                    "
  15737.360, -56262.630,-6.1279E-01, 3.5181E+00,-1.2207E-02, 2.9443E+00,-2.1362E-01, 5.0061E+00,-3.5400E-01, 6.1536E+00
"c2                                                                                                                    "
  16154.000, -55845.990,-6.3232E-01, 3.5046E+00,-2.8076E-02, 2.8467E+00,-2.9297E-02, 5.1917E+00,-3.5645E-01, 6.1536E+00
"g                                                                                                                     "
  16205.840, -55794.150,-6.3110E-01, 3.5046E+00,-3.6255E-01, 2.5281E+00, 3.9307E-01, 5.6104E+00,-3.5400E-01, 6.1536E+00
"c2                                                                                                                    "
  16223.760, -55776.230,-6.2134E-01, 3.5120E+00,-1.3306E-01, 2.7380E+00,-1.7090E-02, 5.2002E+00,-3.5522E-01, 6.1523E+00
"g                                                                                                                     "
  16253.200, -55746.790,-6.3232E-01, 3.5059E+00,-2.5024E-01, 2.6306E+00,-2.6855E-02, 5.1880E+00,-3.5400E-01, 6.1536E+00
"c2                                                                                                                    "
  16479.760, -55520.230,-6.2378E-01, 3.5132E+00,-1.2695E-01, 2.7441E+00,-1.9531E-02, 5.1990E+00,-3.5645E-01, 6.1523E+00
"b1s                                                                                                                   "
  16484.240, -55515.750,-6.2866E-01, 3.5083E+00, 5.5542E-01, 3.2092E+00,-1.9531E-02, 5.1978E+00,-3.5278E-01, 6.1536E+00
"c1                                                                                                                    "
  16484.880, -55515.110,-6.2988E-01, 3.5132E+00,-9.3994E-02, 2.8003E+00,-1.8311E-02, 5.2026E+00,-3.5767E-01, 6.1523E+00
"c2                                                                                                                    "
  16627.040, -55373.030,-6.2988E-01, 3.5034E+00,-9.5215E-02, 2.8894E+00,-1.3428E-02, 5.2039E+00,-3.5400E-01, 6.1523E+00
"f2                                                                                                                  "
  16629.440, -55369.190,-6.2500E-01, 3.5034E+00,-1.0742E-01, 2.7747E+00,-1.0986E-02, 5.2026E+00,-3.5522E-01, 6.1536E+00
"b1s                                                                                                                   "
  16634.000, -55365.990,-6.3232E-01, 3.5046E+00, 3.0518E-02, 2.7795E+00,-1.3428E-02, 5.2026E+00,-3.5522E-01, 6.1536E+00
"c1                                                                                                                    "
  16635.980, -55365.350,-6.3232E-01, 3.5034E+00,-1.2207E-02, 2.8699E+00,-1.5869E-02, 5.2039E+00,-3.5645E-01, 6.1536E+00
"c2                                                                                                                    "
  16811.920, -55188.070,-6.2988E-01, 3.5046E+00,-9.1553E-02, 2.7783E+00, 1.1108E-01, 5.3271E+00,-3.5522E-01, 6.1523E+00
"c1                                                                                                                    "
  16812.560, -55187.430,-6.2622E-01, 3.5059E+00, 3.3447E-01, 3.2996E+00, 1.1230E-01, 5.3296E+00,-3.5400E-01, 6.1536E+00
"f2                                                                                                                    "
  16814.600, -55184.870,-6.2622E-01, 3.5059E+00,-1.0864E-01, 2.7637E+00, 1.1475E-01, 5.3284E+00,-3.5400E-01, 6.1523E+00
"b1s                                                                                                                   "
  16817.040, -55182.950,-6.2866E-01, 3.5046E+00,-2.5635E-01, 2.6257E+00, 1.0986E-01, 5.3284E+00,-3.5522E-01, 6.1523E+00
"c1                                                                                                                    "
  16817.680, -55182.310,-6.3110E-01, 3.5046E+00, 6.9946E-01, 3.5681E+00, 4.7974E-01, 5.6897E+00,-3.5645E-01, 6.1523E+00
"c2                                                                                                                    "
  17050.000, -54949.990,-6.2866E-01, 3.5034E+00, 4.4678E-01, 3.3276E+00, 6.8359E-02, 5.2844E+00,-3.5522E-01, 6.1523E+00
"b1s                                                                                                                   "
  17054.480, -54945.510,-6.3721E-01, 3.5034E+00,-2.4414E-01, 2.6428E+00, 6.7139E-02, 5.2832E+00,-3.5522E-01, 6.1523E+00
"c1                                                                                                                    "
  17055.120, -54944.870,-6.2866E-01, 3.5034E+00, 7.6660E-01, 3.6353E+00, 6.9580E-02, 5.2832E+00,-3.5522E-01, 6.1523E+00
"c2                                                                                                                    "
  17224.080, -54775.910,-6.4087E-01, 3.5034E+00,-8.3008E-02, 2.7942E+00, 5.1270E-02, 5.2710E+00,-3.5522E-01, 6.1523E+00
"b1s                                                                                                                   "
  17231.120, -54768.870,-6.2988E-01, 3.5022E+00,-2.6611E-01, 2.6123E+00, 5.4932E-02, 5.2722E+00,-3.5522E-01, 6.1523E+00
"c1                                                                                                                    "
  17231.760, -54768.230,-6.2744E-01, 3.5022E+00, 3.6621E-02, 3.1165E+00, 5.4932E-02, 5.2710E+00,-3.5645E-01, 6.1523E+00
"c2                                                                                                                    "
  17357.840, -54642.150,-6.3477E-01, 3.5034E+00,-1.5259E-01, 2.7393E+00, 4.7607E-02, 5.2649E+00,-3.5522E-01, 6.1523E+00
"b1s                                                                                                                   "
  17362.320, -54637.670,-6.2988E-01, 3.5034E+00,-6.5918E-02, 2.8076E+00, 4.8828E-02, 5.2625E+00,-3.5645E-01, 6.1523E+00
"c1                                                                                                                    "
  17362.960, -54637.030,-6.3110E-01, 3.5034E+00, 5.1514E-01, 3.3618E+00, 4.5166E-02, 5.2637E+00,-3.5767E-01, 6.1523E+00
"c2                                                                                                                    "
  17610.000, -54389.990,-6.2012E-01, 3.5156E+00,-1.1597E-01, 2.7600E+00,-1.9531E-02, 5.1953E+00,-3.5889E-01, 6.1523E+00
"b1s                                                                                                                   "
  17616.400, -54383.590,-6.2256E-01, 3.5156E+00,-3.0029E-01, 2.5879E+00,-2.3193E-02, 5.1941E+00,-3.5645E-01, 6.1511E+00
"c1                                                                                                                    "
  17617.040, -54382.950,-6.1890E-01, 3.5156E+00, 8.1787E-01, 3.6890E+00,-2.4414E-02, 5.1941E+00,-3.5645E-01, 6.1523E+00
"c2                                                                                                                    "
  17925.520, -54074.470,-6.1646E-01, 3.5168E+00,-1.9287E-01, 2.6855E+00,-1.3428E-02, 5.2014E+00,-3.5522E-01, 6.1511E+00
"b1s                                                                                                                   "
  17935.120, -54064.870,-6.2134E-01, 3.5168E+00,-3.2471E-01, 2.5574E+00,-2.0752E-02, 5.1978E+00,-3.5522E-01, 6.1511E+00
"c1                                                                                                                    "
  17936.400, -54063.590,-6.1279E-01, 3.5168E+00,-1.2939E-01, 2.7478E+00,-1.7090E-02, 5.1978E+00,-3.5767E-01, 6.1511E+00
"c2                                                                                                                    "
  18154.000, -53845.990,-6.2378E-01, 3.5156E+00,-1.8555E-01, 2.6917E+00, 1.5869E-01, 5.3748E+00,-3.5645E-01, 6.1511E+00
"b1s                                                                                                                   "
  18166.800, -53833.190,-6.1890E-01, 3.5156E+00, 3.5889E-01, 3.2349E+00, 1.5991E-01, 5.3748E+00,-3.5522E-01, 6.1511E+00
"c1                                                                                                                    "
  18167.440, -53832.550,-6.2012E-01, 3.5156E+00,-1.7456E-01, 2.7087E+00, 1.5869E-01, 5.3748E+00,-3.5645E-01, 6.1511E+00
"c2                                                                                                                    "
  18304.400, -53695.590,-6.2866E-01, 3.4998E+00,-1.0376E-01, 2.7698E+00, 1.5259E-01, 5.3699E+00,-3.5645E-01, 6.1511E+00
"g                                                                                                                     "
  18700.560, -53299.430,-6.3354E-01, 3.5022E+00,-3.8452E-01, 2.5000E+00, 2.1973E-02, 5.2380E+00,-3.5645E-01, 6.1499E+00
"c2                                                                                                                    "
  18724.240, -53275.750,-6.3354E-01, 3.5022E+00,-3.7109E-01, 2.5110E+00, 2.4414E-02, 5.2441E+00,-3.5767E-01, 6.1511E+00
"g                                                                                                                     "
  21938.640, -50061.350,-6.3477E-01, 3.5010E+00,-3.0518E-02, 2.8955E+00, 3.4180E-02, 5.2515E+00,-3.5889E-01, 6.1487E+00
"c2                                                                                                                    "
  22243.820, -49749.670,-6.4087E-01, 3.4998E+00,-1.1597E-01, 2.7344E+00,-2.0752E-01, 5.0085E+00,-3.6133E-01, 6.1475E+00
"f2                                                                                                                    "
  22248.080, -49749.670,-6.4087E-01, 3.4998E+00,-1.1597E-01, 2.7344E+00,-2.0752E-01, 5.0085E+00,-3.6133E-01, 6.1475E+00
"b1s                                                                                                                   "
  22272.720, -49727.270,-6.3721E-01, 3.5010E+00,-3.2715E-01, 2.5537E+00,-2.1484E-01, 5.0049E+00,-3.6011E-01, 6.1475E+00
"c1                                                                                                                    "
  22275.920, -49724.070,-6.3721E-01, 3.4998E+00, 1.5259E-01, 3.1555E+00,-2.1484E-01, 5.0061E+00,-3.6011E-01, 6.1475E+00
"c2                                                                                                                    "
  22521.680, -49478.310,-6.3843E-01, 3.4961E+00,-1.4893E-01, 2.7490E+00,-5.2246E-01, 4.7095E+00,-3.6011E-01, 6.1487E+00
"f2                                                                                                                    "
  22530.000, -49469.990,-6.3965E-01, 3.4961E+00,-4.7485E-01, 2.4194E+00,-4.7485E-01, 4.7449E+00,-3.6011E-01, 6.1475E+00
"b1s                                                                                                                   "
  22542.160, -49457.830,-6.4087E-01, 3.4961E+00,-3.7964E-01, 2.5049E+00,-2.2583E-01, 5.0073E+00,-3.6133E-01, 6.1475E+00
"c1                                                                                                                    "
  22544.080, -49455.910,-6.4209E-01, 3.4961E+00,-4.8828E-03, 2.9626E+00,-2.3438E-01, 4.9817E+00,-3.5889E-01, 6.1475E+00
"c2                                                                                                                    "
  22838.480, -49161.510,-6.3843E-01, 3.4949E+00,-1.5503E-01, 2.7209E+00,-3.9307E-01, 4.8279E+00,-3.6011E-01, 6.1475E+00
"f2                                                                                                                    "
  22845.520, -49154.470,-6.4087E-01, 3.4949E+00,-3.9917E-01, 2.5000E+00,-3.0518E-01, 4.9182E+00,-3.5889E-01, 6.1475E+00
"b1s                                                                                                                   "
  22860.240, -49139.750,-6.4331E-01, 3.4949E+00, 3.2837E-01, 3.1470E+00,-3.3936E-01, 4.8828E+00,-3.6133E-01, 6.1475E+00
"c1                                                                                                                    "
  22860.880, -49139.110,-6.3965E-01, 3.4961E+00,-7.3242E-02, 2.8064E+00,-3.4790E-01, 4.8755E+00,-3.5767E-01, 6.1475E+00
"c2                                                                                                                    "
  23061.200, -48938.790,-6.3354E-01, 3.4998E+00,-1.0864E-01, 2.7649E+00, 3.4180E-02, 5.3430E+00,-3.6133E-01, 6.1487E+00
"f2                                                                                                                    "
  23066.330, -48932.390,-6.3721E-01, 3.4998E+00,-1.2085E-01, 2.7527E+00,-6.1035E-02, 5.1660E+00,-3.6133E-01, 6.1475E+00
"b1s                                                                                                                   "
  23075.920, -48924.070,-6.3354E-01, 3.4998E+00,-2.5391E-01, 2.6306E+00, 1.3806E+00, 6.9971E+00,-3.6133E-01, 6.1475E+00
"c1                                                                                                                    "
  23077.200, -48922.790,-6.3354E-01, 3.4998E+00, 4.2725E-01, 3.2703E+00,-1.2939E-01, 5.0891E+00,-3.6133E-01, 6.1475E+00
"c2                                                                                                                    "
  23236.560, -48763.430,-6.3599E-01, 3.4985E+00,-1.5625E-01, 2.7124E+00,-3.9063E-02, 5.1794E+00,-3.5889E-01, 6.1487E+00
"b1s                                                                                                                   "
  23246.160, -48753.830,-6.3599E-01, 3.4985E+00,-2.9053E-01, 2.5879E+00,-1.5869E-02, 5.1953E+00,-3.6133E-01, 6.1487E+00
"c1                                                                                                                    "
  23246.800, -48753.190,-6.3965E-01, 3.4985E+00, 2.3804E-01, 3.2129E+00, 2.4414E-03, 5.2197E+00,-3.6133E-01, 6.1487E+00
"c2                                                                                                                    "
  23373.520, -48626.470,-6.3843E-01, 3.4985E+00, 3.1982E-01, 3.1909E+00, 1.5747E-01, 5.3711E+00,-3.6133E-01, 6.1475E+00
"f2                                                                                                                    "
  23376.980, -48621.990,-6.3232E-01, 3.4998E+00,-1.5869E-01, 2.7161E+00, 1.6357E-01, 5.3809E+00,-3.6011E-01, 6.1475E+00
"b1s                                                                                                                   "
  23386.320, -48613.670,-6.3477E-01, 3.4985E+00, 3.9185E-01, 3.1921E+00, 1.7456E-01, 5.3882E+00,-3.6011E-01, 6.1475E+00
"c1                                                                                                                    "
  23386.960, -48613.030,-6.3843E-01, 3.4985E+00,-1.2817E-01, 2.7539E+00, 1.7578E-01, 5.3906E+00,-3.5889E-01, 6.1475E+00
"c2                                                                                                                    "
  23546.960, -48453.030,-6.3721E-01, 3.4973E+00, 1.1230E-01, 3.0103E+00, 3.4912E-01, 5.5652E+00,-3.5889E-01, 6.1475E+00
"f2                                                                                                                    "
  23550.800, -48449.190,-6.3599E-01, 3.4973E+00,-5.8594E-02, 2.8064E+00, 3.6255E-01, 5.5750E+00,-3.6133E-01, 6.1475E+00
"b1s                                                                                                                   "
  23554.000, -48445.990,-6.3354E-01, 3.4985E+00,-3.0640E-01, 2.5647E+00, 3.6011E-01, 5.5725E+00,-3.6133E-01, 6.1487E+00
"c1                                                                                                                    "
  23554.640, -48445.350,-6.3965E-01, 3.4973E+00, 5.6396E-01, 3.4290E+00, 3.6255E-01, 5.5750E+00,-3.6011E-01, 6.1487E+00
"c2                                                                                                                    "
  23975.760, -48024.230,-6.4087E-01, 3.4985E+00,-1.0742E-01, 2.7673E+00,-1.2939E-01, 5.0903E+00,-3.5889E-01, 6.1475E+00
"g                                                                                                                     "
  24378.960, -47621.030,-6.3232E-01, 3.5034E+00,-3.9185E-01, 2.4841E+00, 5.0293E-01, 5.7129E+00,-3.6133E-01, 6.1475E+00
"b1                                                                                                                    "
  24409.040, -47590.950,-6.3354E-01, 3.5046E+00,-3.2349E-01, 2.5500E+00, 1.4404E-01, 5.2917E+00,-3.6011E-01, 6.1475E+00
"c2                                                                                                                    "
  24415.440, -47584.550,-6.3232E-01, 3.5046E+00,-1.9165E-01, 2.6941E+00, 5.0293E-01, 5.7056E+00,-3.6133E-01, 6.1475E+00
"f2                                                                                                                    "
  24422.480, -47577.510,-6.2744E-01, 3.5059E+00,-1.5381E-01, 2.7332E+00, 5.2246E-01, 5.7361E+00,-3.6011E-01, 6.1462E+00
"b1s                                                                                                                   "
  24442.960, -47557.030,-6.2744E-01, 3.5071E+00,-2.3682E-01, 2.5586E+00,-9.5215E-02, 5.1257E+00,-3.6255E-01, 6.1462E+00
"c1                                                                                                                    "
  24443.600, -47556.390,-6.2866E-01, 3.5059E+00,-1.5015E-01, 2.7295E+00, 4.9683E-01, 5.7092E+00,-3.6255E-01, 6.1462E+00
"g                                                                                                                     "
  27356.240, -44643.750,-6.4575E-01, 3.4912E+00,-4.0161E-01, 2.4805E+00,-1.0498E-01, 5.1135E+00,-3.6987E-01, 6.1401E+00
"c2                                                                                                                    "
  27450.030, -44543.910,-6.4453E-01, 3.4924E+00,-3.3081E-01, 2.5964E+00,-1.0986E-01, 5.1099E+00,-3.6743E-01, 6.1401E+00
"f2                                                                                                                    "
  27454.500, -44529.830,-6.4575E-01, 3.4924E+00, 1.2500E+00, 4.0601E+00,-1.0742E-01, 5.1086E+00,-3.6865E-01, 6.1401E+00
"b1s                                                                                                                   "
  27470.160, -44529.830,-6.4575E-01, 3.4924E+00, 1.2500E+00, 4.0601E+00,-1.0742E-01, 5.1086E+00,-3.6865E-01, 6.1401E+00
"c1                                                                                                                    "
  27470.800, -44529.190,-6.4209E-01, 3.4924E+00,-4.7607E-02, 2.8247E+00,-1.0986E-01, 5.1074E+00,-3.6743E-01, 6.1401E+00
"c2                                                                                                                    "
  27507.920, -44492.070,-6.4453E-01, 3.4924E+00,-7.2021E-02, 2.8064E+00,-1.1108E-01, 5.1099E+00,-3.6987E-01, 6.1401E+00
"f2                                                                                                                    "
  27512.400, -44487.590,-6.4209E-01, 3.4924E+00,-2.2583E-01, 2.6550E+00,-1.0986E-01, 5.1099E+00,-3.6865E-01, 6.1401E+00
"b1s                                                                                                                   "
  27530.320, -44469.670,-6.4331E-01, 3.4924E+00,-3.1860E-01, 2.5598E+00,-1.1353E-01, 5.1074E+00,-3.6743E-01, 6.1401E+00
"c1                                                                                                                    "
  27530.960, -44469.030,-6.4697E-01, 3.4912E+00, 2.4414E-01, 3.1763E+00,-1.0132E-01, 5.1135E+00,-3.6621E-01, 6.1401E+00
"g                                                                                                                     "
  34423.750, -37594.470,-6.4941E-01, 3.4863E+00, 1.0132E-01, 2.9810E+00, 5.8594E-02, 5.2759E+00,-3.6987E-01, 6.1389E+00
"D                                                                                                                     "
  34985.830, -37014.160,-6.4697E-01, 3.4863E+00, 2.9785E-01, 3.1714E+00,-2.0752E-01, 5.0110E+00,-3.7109E-01, 6.1389E+00
"F2                                                                                                                    "
  34990.540, -37009.450,-6.5186E-01, 3.4875E+00, 1.7334E-01, 3.0420E+00,-1.3672E-01, 5.0867E+00,-3.7109E-01, 6.1389E+00
"B                                                                                                                     "
  34998.700, -37001.290,-6.4697E-01, 3.4863E+00,-1.3428E-02, 2.8516E+00,-2.1362E-01, 5.0037E+00,-3.6865E-01, 6.1389E+00
"C                                                                                                                     "
  35000.020, -36999.970,-6.4941E-01, 3.4875E+00, 9.7656E-03, 2.8833E+00,-2.1484E-01, 5.0073E+00,-3.6987E-01, 6.1389E+00
"B                                                                                                                     "
  35001.910, -36998.080,-6.5308E-01, 3.4863E+00,-5.3711E-02, 2.8259E+00,-2.3071E-01, 4.9939E+00,-3.6987E-01, 6.1389E+00
"D                                                                                                                     "
  35257.690, -36742.300,-6.4819E-01, 3.4875E+00, 9.8877E-02, 3.0872E+00,-2.1118E-01, 5.0098E+00,-3.7109E-01, 6.1389E+00
"F2                                                                                                                    "
  35262.310, -36737.680,-6.5063E-01, 3.4863E+00, 4.6387E-02, 2.9175E+00,-2.1240E-01, 5.0085E+00,-3.7109E-01, 6.1401E+00
"B                                                                                                                     "
  35272.450, -36727.540,-6.5186E-01, 3.4863E+00,-4.1504E-02, 2.8345E+00,-2.1484E-01, 5.0073E+00,-3.7109E-01, 6.1401E+00
"D                                                                                                                     "
  35548.990, -36451.000,-6.4209E-01, 3.4961E+00, 1.6235E-01, 3.0371E+00,-2.0630E-01, 5.0183E+00,-3.7109E-01, 6.1414E+00
"F2                                                                                                                    "
  35553.130, -36446.860,-6.4453E-01, 3.4961E+00, 8.4229E-02, 2.9651E+00,-2.5024E-01, 4.9829E+00,-3.6987E-01, 6.1401E+00
"b                                                                                                                     "
  35564.950, -36435.040,-6.4209E-01, 3.4961E+00, 1.5259E-01, 2.9431E+00,-2.2095E-01, 5.0000E+00,-3.6621E-01, 6.1401E+00
"f2                                                                                                                    "
  35570.830, -36429.160,-6.4453E-01, 3.4961E+00, 1.3550E-01, 3.0457E+00,-2.1851E-01, 5.0000E+00,-3.6865E-01, 6.1401E+00
"b                                                                                                                     "
  35575.630, -36424.360,-6.3965E-01, 3.4961E+00, 1.0254E-01, 2.9700E+00,-2.2095E-01, 4.9963E+00,-3.6743E-01, 6.1414E+00
"c                                                                                                                     "
  35577.340, -36422.650,-6.4697E-01, 3.4961E+00, 3.4912E-01, 3.2300E+00,-3.0273E-01, 4.9207E+00,-3.6865E-01, 6.1414E+00
"d                                                                                                                     "
  35790.490, -36209.500,-6.4941E-01, 3.4875E+00, 1.6113E-01, 3.0347E+00,-2.0996E-01, 5.0085E+00,-3.7231E-01, 6.1389E+00
"f2                                                                                                                    "
  35796.430, -36203.560,-6.4575E-01, 3.4875E+00, 2.3438E-01, 3.0676E+00,-2.0752E-01, 5.0110E+00,-3.6987E-01, 6.1389E+00
"b                                                                                                                     "
  35806.660, -36193.330,-6.5063E-01, 3.4875E+00, 6.8359E-02, 2.9297E+00,-2.0752E-01, 5.0098E+00,-3.7109E-01, 6.1389E+00
"f2                                                                                                                    "
  35808.730, -36191.260,-6.5552E-01, 3.4863E+00, 1.2207E-01, 2.9919E+00,-2.0630E-01, 5.0085E+00,-3.6987E-01, 6.1389E+00
"c                                                                                                                     "
  35810.020, -36189.970,-6.5186E-01, 3.4875E+00, 1.3794E-01, 3.0090E+00,-2.1362E-01, 5.0061E+00,-3.7231E-01, 6.1377E+00
"d                                                                                                                     "
  36012.060, -35987.930,-6.5063E-01, 3.4875E+00, 1.1963E-01, 2.9907E+00,-1.8555E-01, 5.0378E+00,-3.6987E-01, 6.1389E+00
"f2                                                                                                                    "
  36015.390, -35984.600,-6.5308E-01, 3.4863E+00, 1.4282E-01, 3.0176E+00,-1.9165E-01, 5.0256E+00,-3.6987E-01, 6.1389E+00
"b                                                                                                                     "
  36027.720, -35972.270,-6.4697E-01, 3.4863E+00, 5.3711E-02, 2.9150E+00,-2.0386E-01, 5.0159E+00,-3.6865E-01, 6.1401E+00
"d                                                                                                                     "
  36140.190, -35859.800,-6.4697E-01, 3.4912E+00, 1.0986E-01, 2.9797E+00,-2.0264E-01, 5.0195E+00,-3.6987E-01, 6.1414E+00
"d                                                                                                                     "
  36140.190, -35859.800,-6.4697E-01, 3.4912E+00, 1.0986E-01, 2.9797E+00,-2.0264E-01, 5.0195E+00,-3.6987E-01, 6.1414E+00
"g                                                                                                                     "
  36225.630, -35774.360,-6.4453E-01, 3.4937E+00, 6.1035E-03, 2.8833E+00,-1.8677E-01, 5.0330E+00,-3.7109E-01, 6.1414E+00
