"z                                                                                                                     "
       .000, -71999.990, 2.9663E-01, 4.4214E+00,-3.5278E-01, 2.5366E+00,-2.1484E-01, 5.0098E+00,-3.6621E-01, 6.1462E+00
"np                                                                                                                    "
   1895.040, -70104.950, 2.8296E+00, 6.9128E+00, 1.3940E+00, 4.2432E+00,-2.0996E-01, 5.0122E+00,-3.5645E-01, 6.1523E+00
"a                                                                                                                     "
   1897.600, -70102.390, 2.4634E+00, 6.5784E+00,-2.0142E-01, 2.6819E+00,-2.1240E-01, 5.0122E+00,-3.6255E-01, 6.1499E+00
"b1                                                                                                                    "
   1940.480, -70059.510, 1.2207E-02, 4.2200E+00,-1.8066E-01, 2.7014E+00,-2.0996E-01, 5.0122E+00,-3.5767E-01, 6.1523E+00
"c1                                                                                                                    "
   1943.040, -70056.950, 2.7930E+00, 6.8811E+00,-1.8311E-01, 2.7026E+00,-2.1240E-01, 5.0122E+00,-3.5522E-01, 6.1572E+00
"c2                                                                                                                    "
   1967.360, -70032.630, 3.0493E+00, 7.1252E+00,-1.7456E-01, 2.7075E+00,-2.1240E-01, 5.0122E+00,-3.6499E-01, 6.1511E+00
"fb1w                                                                                                                  "
   1970.560, -70029.430, 2.7051E+00, 6.8237E+00,-1.6724E-01, 2.7100E+00,-2.1240E-01, 5.0110E+00,-3.6011E-01, 6.1511E+00
"b1s                                                                                                                   "
   1974.400, -70025.590, 3.1458E+00, 7.2168E+00,-1.7090E-01, 2.7087E+00,-2.1362E-01, 5.0110E+00,-3.6133E-01, 6.1487E+00
"c1                                                                                                                    "
   1975.040, -70024.950, 3.4631E+00, 7.6257E+00,-1.7212E-01, 2.7087E+00,-2.1240E-01, 5.0122E+00,-3.6133E-01, 6.1499E+00
"c2                                                                                                                    "
   2128.640, -69871.350, 2.8589E+00, 6.9629E+00,-1.4893E-01, 2.7319E+00,-2.1118E-01, 5.0122E+00,-3.6377E-01, 6.1487E+00
"f2                                                                                                                    "
   2131.200, -69868.790, 2.7991E+00, 6.8787E+00,-1.4404E-01, 2.7332E+00,-2.1118E-01, 5.0122E+00,-3.6499E-01, 6.1487E+00
"b1s                                                                                                                   "
   2131.840, -69868.150, 2.9285E+00, 7.0142E+00,-1.4771E-01, 2.7344E+00,-2.1118E-01, 5.0122E+00,-3.6621E-01, 6.1475E+00
"c1                                                                                                                    "
   2132.480, -69867.510, 2.9944E+00, 7.0667E+00,-1.4282E-01, 2.7332E+00,-2.1118E-01, 5.0122E+00,-3.6255E-01, 6.1487E+00
"c2                                                                                                                    "
   2428.160, -69571.830, 2.6599E+00, 6.7383E+00,-2.6978E-01, 2.6123E+00,-2.1362E-01, 5.0110E+00,-3.6011E-01, 6.1523E+00
"f2                                                                                                                    "
   2429.960, -69569.910, 2.7673E+00, 6.8262E+00,-3.5522E-01, 2.5293E+00,-2.1240E-01, 5.0122E+00,-3.6255E-01, 6.1511E+00
"c1                                                                                                                    "
   2430.720, -69569.270, 3.3521E+00, 7.4036E+00,-3.5034E-01, 2.5342E+00,-2.1118E-01, 5.0110E+00,-3.6377E-01, 6.1487E+00
"c2                                                                                                                    "
   2720.640, -69279.350, 2.6599E+00, 6.7615E+00, 1.3330E+00, 4.1833E+00,-2.1118E-01, 5.0122E+00,-3.6255E-01, 6.1499E+00
"f2                                                                                                                "
   2722.560, -69277.430, 2.7600E+00, 6.8616E+00, 1.1938E+00, 4.0491E+00,-2.1240E-01, 5.0122E+00,-3.5889E-01, 6.1523E+00
"b1s                                                                                                                   "
   2723.200, -69276.790, 3.0017E+00, 7.0825E+00, 1.1279E+00, 3.8452E+00,-2.1118E-01, 5.0122E+00,-3.5645E-01, 6.1536E+00
"c1                                                                                                                    "
   2723.840, -69276.150, 3.2434E+00, 7.2498E+00, 1.3184E+00, 4.1663E+00,-2.1118E-01, 5.0122E+00,-3.6011E-01, 6.1511E+00
"c2                                                                                                                    "
   2925.120, -69074.870, 2.7222E+00, 6.8042E+00,-3.4424E-01, 2.5403E+00,-2.1118E-01, 5.0110E+00,-3.6011E-01, 6.1499E+00
"g                                                                                                                     "
   9781.120, -62218.870,-9.2773E-02, 4.0356E+00,-3.1860E-01, 2.5610E+00,-2.0508E-01, 5.0171E+00,-3.4912E-01, 6.1597E+00
"np                                                                                                                    "
  18234.080, -53765.910, 3.9673E-01, 4.5178E+00,-2.9663E-01, 2.5793E+00,-2.0996E-01, 5.0134E+00,-3.5889E-01, 6.1511E+00
"a                                                                                                                     "
  18234.560, -53765.430, 1.8530E+00, 5.9399E+00,-2.9541E-01, 2.5793E+00,-2.0752E-01, 5.0134E+00,-3.5767E-01, 6.1511E+00
"b1                                                                                                                    "
  18236.640, -53763.350, 2.0837E+00, 6.1743E+00,-3.0151E-01, 2.5769E+00,-2.0874E-01, 5.0134E+00,-3.6133E-01, 6.1511E+00
"c1                                                                                                                    "
  18238.440, -53761.550, 2.0630E+00, 6.1658E+00,-3.0151E-01, 2.5757E+00,-2.0996E-01, 5.0122E+00,-3.5645E-01, 6.1511E+00
"c2                                                                                                                    "
  18276.840, -53723.150, 2.2339E+00, 6.3501E+00,-2.8564E-01, 2.5903E+00,-2.0996E-01, 5.0122E+00,-3.6011E-01, 6.1511E+00
"f2                                                                                                                    "
  18280.680, -53719.310, 1.9397E+00, 6.0144E+00,-2.9053E-01, 2.5830E+00,-2.1118E-01, 5.0122E+00,-3.5645E-01, 6.1499E+00
"b1s                                                                                                                   "
  18281.960, -53718.030, 2.2998E+00, 6.4160E+00,-2.9419E-01, 2.5830E+00,-2.0874E-01, 5.0122E+00,-3.6011E-01, 6.1511E+00
"c1                                                                                                                    "
  18282.600, -53717.390, 2.2388E+00, 6.3391E+00,-2.8564E-01, 2.5903E+00,-2.0874E-01, 5.0122E+00,-3.6133E-01, 6.1511E+00
"c2                                                                                                                    "
  18392.040, -53607.950, 2.0618E+00, 6.1523E+00,-2.9175E-01, 2.5818E+00,-2.0874E-01, 5.0122E+00,-3.6255E-01, 6.1499E+00
"b1s                                                                                                                   "
  18395.880, -53604.110, 2.6892E+00, 6.7224E+00,-2.9907E-01, 2.5781E+00,-2.0874E-01, 5.0134E+00,-3.6011E-01, 6.1511E+00
"c1                                                                                                                    "
  18396.520, -53603.470, 2.2510E+00, 6.3269E+00,-3.0029E-01, 2.5781E+00,-2.0874E-01, 5.0134E+00,-3.6133E-01, 6.1511E+00
"g                                                                                                                     "
  18580.200, -53419.790, 1.6235E-01, 4.2908E+00,-3.0273E-01, 2.5745E+00,-2.0874E-01, 5.0122E+00,-3.5767E-01, 6.1499E+00
"np                                                                                                                    "
  23581.100, -48418.890, 1.6089E+00, 5.1587E+00,-1.9165E-01, 2.6819E+00,-2.1118E-01, 5.0122E+00, 3.6292E+00, 9.9988E+00
"a                                                                                                                     "
  23581.740, -48418.250, 2.0984E+00, 6.2231E+00,-1.9043E-01, 2.6831E+00,-2.1240E-01, 5.0122E+00, 3.6218E+00, 9.9988E+00
"b1                                                                                                                    "
  23584.300, -48415.690, 4.2358E-01, 4.5447E+00,-1.9165E-01, 2.6855E+00,-2.1118E-01, 5.0122E+00, 3.6218E+00, 9.9988E+00
"c1                                                                                                                    "
  23586.860, -48413.130, 2.1228E+00, 6.5137E+00,-1.8921E-01, 2.6868E+00,-2.1240E-01, 5.0122E+00, 3.6108E+00, 9.9988E+00
"c2                                                                                                                    "
  23613.100, -48386.890, 1.9519E+00, 6.0632E+00,-1.9165E-01, 2.6807E+00,-2.1118E-01, 5.0122E+00, 3.6206E+00, 9.9988E+00
"f2                                                                                                                    "
  23616.940, -48383.050, 2.2241E+00, 6.3025E+00,-1.9165E-01, 2.6819E+00,-2.0996E-01, 5.0122E+00, 3.6084E+00, 9.9988E+00
"c1                                                                                                                    "
  23620.140, -48379.850, 2.1484E+00, 6.4502E+00,-1.9897E-01, 2.6782E+00,-2.0996E-01, 5.0134E+00, 3.5986E+00, 9.9988E+00
"c2                                                                                                                    "
  23702.700, -48297.290, 2.2119E+00, 6.2939E+00,-1.8921E-01, 2.6831E+00,-2.0752E-01, 5.0122E+00, 3.4521E+00, 9.8889E+00
"f2                                                                                                                    "
  23705.260, -48294.730, 1.8457E+00, 5.9363E+00,-1.9653E-01, 2.6770E+00,-2.0752E-01, 5.0122E+00, 3.5815E+00, 9.9878E+00
"b1s                                                                                                                   "
  23707.820, -48292.170, 2.1948E+00, 6.2695E+00,-1.9287E-01, 2.6794E+00,-2.0874E-01, 5.0122E+00, 3.5730E+00, 9.9866E+00
"c1                                                                                                                    "
  23710.380, -48289.610, 2.2070E+00, 6.3074E+00,-1.9409E-01, 2.6794E+00,-2.0874E-01, 5.0134E+00, 3.5840E+00, 9.9951E+00
"c2                                                                                                                    "
  23871.660, -48128.330, 1.8542E+00, 5.9961E+00,-2.4658E-01, 2.6306E+00,-2.1118E-01, 5.0134E+00, 3.6694E+00, 9.9988E+00
"np                                                                                                                    "
  23883.180, -48116.810, 1.9263E+00, 5.9900E+00,-2.4536E-01, 2.6331E+00,-2.1118E-01, 5.0134E+00, 3.6658E+00, 9.9988E+00
"g                                                                                                                     "
  23975.340, -48024.650, 4.4922E-01, 4.5935E+00,-3.3081E-01, 2.5439E+00,-2.0752E-01, 5.0122E+00, 3.6560E+00, 9.9988E+00
"np                                                                                                                    "
  26587.500, -45412.490, 1.2878E+00, 5.3833E+00,-3.2349E-01, 2.5537E+00,-2.1240E-01, 5.0110E+00, 3.6292E+00, 9.9988E+00
"a                                                                                                                     "
  26588.140, -45411.850, 1.5552E+00, 5.6519E+00,-3.2227E-01, 2.5537E+00,-2.1606E-01, 5.0110E+00, 3.6133E+00, 9.9988E+00
"b1                                                                                                                    "
  26614.380, -45385.610, 1.4807E+00, 5.5652E+00,-3.2349E-01, 2.5549E+00,-2.1118E-01, 5.0110E+00, 3.5095E+00, 9.9011E+00
"c1                                                                                                                    "
  26616.940, -45383.050, 2.0007E+00, 6.1707E+00,-3.2593E-01, 2.5537E+00,-2.1240E-01, 5.0110E+00, 3.5986E+00, 9.9988E+00
"c2                                                                                                                    "
  26641.260, -45358.730, 1.9495E+00, 6.0437E+00,-3.2227E-01, 2.5549E+00,-2.1240E-01, 5.0110E+00, 3.5864E+00, 9.9878E+00
"f2                                                                                                                    "
  26646.380, -45353.610, 2.2668E+00, 6.3391E+00,-3.2471E-01, 2.5549E+00,-2.1118E-01, 5.0110E+00, 3.5754E+00, 9.9841E+00
"c1                                                                                                                    "
  26647.020, -45352.970, 2.2974E+00, 6.4514E+00,-3.2227E-01, 2.5537E+00,-2.1118E-01, 5.0110E+00, 3.5583E+00, 9.9646E+00
"c2                                                                                                                    "
  26737.260, -45262.730, 2.3022E+00, 6.4221E+00,-3.3203E-01, 2.5476E+00,-2.0996E-01, 5.0110E+00, 3.5303E+00, 9.9377E+00
"f2                                                                                                                    "
  26742.380, -45257.610, 2.2949E+00, 6.3721E+00,-3.2959E-01, 2.5476E+00,-2.1240E-01, 5.0110E+00, 3.4937E+00, 9.9048E+00
"c2                                                                                                                    "
  26897.900, -45102.090, 1.9739E+00, 6.0669E+00,-3.2715E-01, 2.5525E+00,-2.0996E-01, 5.0122E+00, 3.5095E+00, 9.9194E+00
"np                                                                                                                    "
  29003.500, -42996.490, 1.8152E+00, 5.9155E+00,-3.4180E-01, 2.5378E+00,-2.0996E-01, 5.0110E+00, 3.4424E+00, 9.8657E+00
"a                                                                                                                     "
  29004.140, -42995.850, 2.2339E+00, 6.3379E+00,-3.4180E-01, 2.5366E+00,-2.1118E-01, 5.0110E+00, 3.4326E+00, 9.8535E+00
"b1                                                                                                                    "
  29015.660, -42984.330, 3.1055E+00, 6.8018E+00,-3.4058E-01, 2.5378E+00,-2.0874E-01, 5.0110E+00, 3.4485E+00, 9.8669E+00
"c1                                                                                                                    "
  29016.300, -42983.690, 1.8701E+00, 5.9827E+00,-3.4302E-01, 2.5378E+00,-2.0996E-01, 5.0110E+00, 3.4436E+00, 9.8584E+00
"b1                                                                                                                    "
  29017.580, -42982.410, 8.2764E-01, 4.3591E+00,-3.4058E-01, 2.5378E+00,-2.1118E-01, 5.0110E+00, 3.4375E+00, 9.8584E+00
"c1                                                                                                                    "
  29018.220, -42981.770, 1.7480E+00, 5.8081E+00,-3.3936E-01, 2.5378E+00,-2.0996E-01, 5.0110E+00, 3.4436E+00, 9.8645E+00
"b1                                                                                                                    "
  29019.500, -42980.490, 1.5405E+00, 5.3784E+00,-3.4302E-01, 2.5378E+00,-2.0874E-01, 5.0110E+00, 3.4314E+00, 9.8462E+00
"c1                                                                                                                    "
  29020.140, -42979.850, 5.6519E-01, 4.7900E+00,-3.4058E-01, 2.5378E+00,-2.1362E-01, 5.0110E+00, 3.4021E+00, 9.8108E+00
"c2                                                                                                                    "
  29048.300, -42951.690, 1.9019E+00, 6.0107E+00,-3.4058E-01, 2.5366E+00,-2.1118E-01, 5.0110E+00, 3.4241E+00, 9.8401E+00
"f2                                                                                                                "
  29051.500, -42948.490, 1.8726E+00, 5.9253E+00,-3.3936E-01, 2.5366E+00,-2.1362E-01, 5.0110E+00, 3.4241E+00, 9.8425E+00
"b1s                                                                                                                   "
  29057.900, -42942.090, 2.1643E+00, 6.1914E+00,-3.4180E-01, 2.5366E+00,-2.0874E-01, 5.0110E+00, 3.4192E+00, 9.8340E+00
"c1                                                                                                                    "
  29058.540, -42941.450, 2.0557E+00, 6.1304E+00,-3.3936E-01, 2.5366E+00,-2.1240E-01, 5.0110E+00, 3.4021E+00, 9.8047E+00
"c2                                                                                                                    "
  29144.300, -42855.690, 3.1860E-01, 4.7473E+00,-3.4058E-01, 2.5403E+00,-2.0996E-01, 5.0110E+00, 3.3972E+00, 9.8059E+00
"g                                                                                                                     "
  29224.940, -42775.050, 2.3438E-01, 4.4336E+00,-3.4302E-01, 2.5378E+00,-2.1118E-01, 5.0110E+00, 3.4082E+00, 9.8328E+00
"np                                                                                                                    "
  33410.860, -38589.130, 6.3599E-01, 4.7571E+00,-3.2471E-01, 2.5549E+00,-2.0752E-01, 5.0146E+00, 3.3044E+00, 9.7388E+00
"a                                                                                                                     "
  33411.500, -38588.490, 2.1594E+00, 6.2476E+00,-3.2349E-01, 2.5549E+00,-2.0874E-01, 5.0146E+00, 3.2959E+00, 9.7229E+00
"b1                                                                                                                    "
  33412.140, -38587.850, 3.2837E+00, 6.9031E+00,-3.2715E-01, 2.5537E+00,-2.0752E-01, 5.0146E+00, 3.1567E+00, 9.6008E+00
"c1                                                                                                                    "
  33412.780, -38587.210, 2.1057E+00, 6.2256E+00,-3.2349E-01, 2.5537E+00,-2.0996E-01, 5.0146E+00, 3.3008E+00, 9.7400E+00
"b1                                                                                                                    "
  33413.420, -38586.570, 1.6003E+00, 5.8777E+00,-3.2471E-01, 2.5549E+00,-2.0874E-01, 5.0146E+00, 3.3252E+00, 9.7534E+00
"c1                                                                                                                    "
  33414.060, -38585.930, 2.7722E+00, 6.8469E+00,-3.2471E-01, 2.5549E+00,-2.0752E-01, 5.0146E+00, 3.3191E+00, 9.7510E+00
"b1                                                                                                                    "
  33416.620, -38583.370, 2.0300E+00, 6.2073E+00,-3.2227E-01, 2.5549E+00,-2.0508E-01, 5.0146E+00, 3.1372E+00, 9.5850E+00
"c1                                                                                                                    "
  33417.260, -38582.730, 1.7432E+00, 5.8887E+00,-3.2471E-01, 2.5549E+00,-2.1118E-01, 5.0146E+00, 3.2935E+00, 9.7314E+00
"b1                                                                                                                    "
  33421.740, -38578.250, 2.9980E+00, 7.0740E+00,-3.2349E-01, 2.5537E+00,-2.0630E-01, 5.0146E+00, 3.3154E+00, 9.7498E+00
"c1                                                                                                                    "
  33422.380, -38577.610, 2.3560E-01, 4.3579E+00,-3.2593E-01, 2.5537E+00,-2.0874E-01, 5.0146E+00, 3.3154E+00, 9.7461E+00
"b1                                                                                                                    "
  33426.220, -38573.770, 2.9468E+00, 6.1401E+00,-3.2349E-01, 2.5549E+00,-2.0630E-01, 5.0146E+00, 3.3130E+00, 9.7412E+00
"c1                                                                                                                    "
  33426.860, -38573.130, 2.0044E+00, 6.2744E+00,-3.1982E-01, 2.5549E+00,-2.0996E-01, 5.0146E+00, 3.3057E+00, 9.7363E+00
"c2                                                                                                                    "
  33452.460, -38547.530, 2.2534E+00, 6.3477E+00,-3.2471E-01, 2.5549E+00,-2.0874E-01, 5.0146E+00, 3.2861E+00, 9.7253E+00
"f2                                                                                                                    "
  33455.660, -38544.330, 1.7749E+00, 5.8704E+00,-3.2227E-01, 2.5549E+00,-2.0752E-01, 5.0146E+00, 3.2178E+00, 9.6057E+00
"b1s                                                                                                                  "
  33459.500, -38540.490, 2.4304E+00, 6.5027E+00,-3.2349E-01, 2.5537E+00,-2.0752E-01, 5.0146E+00, 3.2886E+00, 9.7021E+00
"c2                                                                                                                    "
  33525.420, -38474.570, 2.3206E+00, 6.4050E+00,-3.2104E-01, 2.5562E+00,-2.0752E-01, 5.0146E+00, 3.2910E+00, 9.7266E+00
"f2                                                                                                                    "
  33527.980, -38472.010, 1.9324E+00, 6.0291E+00,-3.2349E-01, 2.5549E+00,-2.0630E-01, 5.0146E+00, 3.2605E+00, 9.6729E+00
"b1s                                                                                                                   "
  33533.100, -38466.890, 2.8271E+00, 6.8921E+00,-3.2471E-01, 2.5549E+00,-2.0752E-01, 5.0146E+00, 3.2886E+00, 9.7253E+00
"c1                                                                                                                    "
  33533.740, -38466.250, 2.2876E+00, 6.3721E+00,-3.2349E-01, 2.5562E+00,-2.0874E-01, 5.0146E+00, 3.2874E+00, 9.7192E+00
"c2                                                                                                                    "
  33549.740, -38450.250, 2.3877E+00, 6.4819E+00,-3.2227E-01, 2.5549E+00,-2.0752E-01, 5.0146E+00, 3.2788E+00, 9.7192E+00
"g                                                                                                                     "
  33636.140, -38363.850, 3.8452E-01, 4.4983E+00,-3.2227E-01, 2.5549E+00,-2.0874E-01, 5.0146E+00, 3.3118E+00, 9.7473E+00
"np                                                                                                                    "
  36006.060, -35993.930, 7.5806E-01, 4.8682E+00,-3.2471E-01, 2.5525E+00,-2.0996E-01, 5.0146E+00, 3.2031E+00, 9.6765E+00
