"NP                                                                                                                    "
    902.460, -71097.530,-6.5674E-01, 3.4937E+00, 1.7480E+00, 4.5947E+00,-6.0547E-01, 4.6338E+00,-3.7109E-01, 6.1536E+00
"P                                                                                                                     "
    922.410, -71077.580,-6.5430E-01, 3.4924E+00, 1.7578E+00, 4.6008E+00,-6.0059E-01, 4.6375E+00,-3.2959E-01, 6.2415E+00
"Z                                                                                                                     "
   2212.410, -69787.580, 2.5732E+00, 6.5906E+00,-4.1016E-01, 2.4731E+00,-5.9326E-01, 4.6399E+00, 1.0596E+00, 7.5061E+00
"P                                                                                                                     "
   2234.940, -69765.050, 2.3413E+00, 6.4380E+00,-4.1992E-01, 2.4719E+00,-6.0059E-01, 4.6387E+00, 3.1738E-01, 7.1802E+00
"Z                                                                                                                     "
   7542.570, -64457.420,-6.4453E-01, 3.5046E+00,-4.1138E-01, 2.4756E+00,-5.8350E-01, 4.6533E+00,-3.5645E-01, 6.1646E+00
"P                                                                                                                     "
   7569.030, -64430.960,-6.4453E-01, 3.5046E+00,-4.1138E-01, 2.4756E+00,-5.8594E-01, 4.6509E+00, 2.6489E-01, 6.7871E+00
"C                                                                                                                     "
   7576.230, -64423.760,-6.4331E-01, 3.5046E+00,-4.1016E-01, 2.4756E+00,-5.7861E-01, 4.6741E+00, 3.0762E-01, 6.8286E+00
"D                                                                                                                     "
   7608.210, -64391.780,-6.4819E-01, 3.5046E+00,-4.1016E-01, 2.4756E+00,-5.8228E-01, 4.6570E+00, 2.8564E-01, 6.7944E+00
"FB                                                                                                                    "
   7610.730, -64389.260,-6.4575E-01, 3.5034E+00,-4.1382E-01, 2.4744E+00,-5.8350E-01, 4.6558E+00, 2.4536E-01, 6.7603E+00
"B                                                                                                                     "
   7611.990, -64388.000,-6.4697E-01, 3.5046E+00,-4.1504E-01, 2.4744E+00,-5.8228E-01, 4.6558E+00, 2.9297E-01, 6.8152E+00
"C                                                                                                                     "
   7615.200, -64384.790,-6.4575E-01, 3.5046E+00,-4.1260E-01, 2.4756E+00,-5.7983E-01, 4.6545E+00, 4.2969E-01, 6.9397E+00
"D                                                                                                                     "
   7649.520, -64350.470,-6.4575E-01, 3.5083E+00,-4.1260E-01, 2.4744E+00,-5.8228E-01, 4.6558E+00, 4.3335E-01, 6.9385E+00
"F2                                                                                                                    "
   7651.050, -64348.940,-6.4819E-01, 3.5059E+00,-4.1260E-01, 2.4744E+00,-5.8105E-01, 4.6545E+00, 4.0527E-01, 6.9299E+00
"B                                                                                                                     "
   7653.240, -64346.750,-6.3965E-01, 3.5229E+00,-4.1016E-01, 2.4744E+00,-5.8105E-01, 4.6545E+00, 2.7832E-01, 6.7883E+00
"F2                                                                                                                    "
   7653.660, -64346.330,-6.3232E-01, 3.5217E+00,-4.1138E-01, 2.4756E+00,-5.8472E-01, 4.6558E+00, 2.2827E-01, 6.7590E+00
"B                                                                                                                     "
   7655.550, -64344.440,-6.4331E-01, 3.5034E+00,-4.1138E-01, 2.4744E+00,-5.8105E-01, 4.6545E+00, 3.0151E-01, 6.8127E+00
"F1                                                                                                                    "
   7656.420, -64343.570,-6.3843E-01, 3.5095E+00,-4.1016E-01, 2.4744E+00,-5.8228E-01, 4.6558E+00, 2.4902E-01, 6.7615E+00
"D                                                                                                                     "
   7669.020, -64330.970,-6.5308E-01, 3.5034E+00,-4.1016E-01, 2.4744E+00,-5.8350E-01, 4.6533E+00, 4.1626E-01, 6.9348E+00
"C                                                                                                                     "
   7681.410, -64318.580,-6.4331E-01, 3.5034E+00,-4.0771E-01, 2.4744E+00,-5.7983E-01, 4.6545E+00, 3.9185E-01, 6.9031E+00
"D                                                                                                                     "
   7811.580, -64188.410,-6.4453E-01, 3.5034E+00,-4.0649E-01, 2.4756E+00,-5.7739E-01, 4.6570E+00, 6.1523E-01, 7.1191E+00
"C                                                                                                                     "
   7813.380, -64186.610,-6.4087E-01, 3.5034E+00,-4.0771E-01, 2.4756E+00,-5.7739E-01, 4.6570E+00, 2.3926E-01, 6.7896E+00
"D                                                                                                                     "
   7954.170, -64045.820,-6.3477E-01, 3.5071E+00,-4.0527E-01, 2.4768E+00,-5.7983E-01, 4.6570E+00, 6.1401E-01, 7.1350E+00
"C                                                                                                                     "
   7956.030, -64043.960,-6.3477E-01, 3.5083E+00,-4.0527E-01, 2.4768E+00,-5.7983E-01, 4.6570E+00, 7.6904E-01, 7.2607E+00
"D                                                                                                                     "
   7958.460, -64041.530,-6.4331E-01, 3.5083E+00,-4.1016E-01, 2.4768E+00,-5.7983E-01, 4.6558E+00, 8.1543E-01, 7.2302E+00
"F1                                                                                                                    "
   7959.000, -64040.990,-6.4087E-01, 3.5095E+00,-4.1016E-01, 2.4756E+00,-5.8472E-01, 4.6570E+00, 6.6895E-01, 7.1619E+00
"F2                                                                                                                    "
   7962.600, -64037.390,-6.3843E-01, 3.5071E+00,-4.0771E-01, 2.4756E+00,-5.8228E-01, 4.6558E+00, 3.0396E-01, 6.8262E+00
"B                                                                                                                     "
   7964.340, -64035.650,-6.3477E-01, 3.5071E+00,-4.0527E-01, 2.4768E+00,-5.7861E-01, 4.6570E+00, 4.5532E-01, 6.9604E+00
"C                                                                                                                     "
   7965.150, -64034.840,-6.3354E-01, 3.5107E+00,-4.0527E-01, 2.4756E+00,-5.7617E-01, 4.6558E+00, 4.4067E-01, 6.9470E+00
"D                                                                                                                     "
   8861.790, -63138.200,-6.4087E-01, 3.5034E+00,-4.0771E-01, 2.4731E+00,-5.9082E-01, 4.6460E+00, 9.1553E-01, 7.4329E+00
"F1                                                                                                                    "
   8863.410, -63136.580,-6.3721E-01, 3.5095E+00,-4.1382E-01, 2.4744E+00,-5.8960E-01, 4.6460E+00, 1.0120E+00, 7.4011E+00
"B                                                                                                                     "
   8863.890, -63136.100,-6.3965E-01, 3.5107E+00,-4.1138E-01, 2.4731E+00,-5.9204E-01, 4.6460E+00, 6.1890E-01, 7.1484E+00
"F2                                                                                                                    "
   8864.190, -63135.800,-6.3232E-01, 3.5120E+00,-4.1016E-01, 2.4731E+00,-5.8838E-01, 4.6460E+00, 6.2378E-01, 7.1423E+00
"B                                                                                                                     "
   8865.960, -63134.030,-6.3843E-01, 3.5144E+00,-4.1382E-01, 2.4731E+00,-5.9326E-01, 4.6460E+00, 5.6885E-01, 7.0715E+00
"F2                                                                                                                    "
   8866.290, -63133.700,-6.3843E-01, 3.5144E+00,-4.1016E-01, 2.4744E+00,-5.8960E-01, 4.6460E+00, 5.8960E-01, 7.1179E+00
"B                                                                                                                     "
   8876.430, -63123.560,-6.3477E-01, 3.5095E+00,-4.0894E-01, 2.4731E+00,-5.8716E-01, 4.6448E+00, 5.5176E-01, 7.0618E+00
"F2                                                                                                                    "
   8877.210, -63122.780,-6.4819E-01, 3.5022E+00,-4.0894E-01, 2.4744E+00,-5.9082E-01, 4.6460E+00, 5.4810E-01, 7.0483E+00
"C                                                                                                                     "
   8882.760, -63117.230,-6.4819E-01, 3.5022E+00,-4.1260E-01, 2.4744E+00,-5.9082E-01, 4.6460E+00, 9.1309E-01, 7.4170E+00
"D                                                                                                                     "
   8891.190, -63108.800,-6.4209E-01, 3.5010E+00,-4.1016E-01, 2.4744E+00,-5.8960E-01, 4.6460E+00, 8.6182E-01, 7.3730E+00
"B                                                                                                                     "
   8892.660, -63107.330,-6.3599E-01, 3.5022E+00,-4.1016E-01, 2.4744E+00,-5.8838E-01, 4.6460E+00, 8.8867E-01, 7.3975E+00
"D                                                                                                                     "
   9153.210, -62846.780,-6.4453E-01, 3.5059E+00,-4.0649E-01, 2.4744E+00,-5.8594E-01, 4.6497E+00, 1.2720E+00, 7.5879E+00
"B                                                                                                                     "
   9155.130, -62844.860,-6.3965E-01, 3.5034E+00,-4.0771E-01, 2.4744E+00,-5.8105E-01, 4.6497E+00, 9.1431E-01, 7.4670E+00
"D                                                                                                                     "
   9761.040, -62238.950,-6.4697E-01, 3.5046E+00,-4.1504E-01, 2.4768E+00,-5.8716E-01, 4.6509E+00, 8.5327E-01, 7.4109E+00
"C                                                                                                                     "
   9762.060, -62237.930,-6.3965E-01, 3.5046E+00,-3.9917E-01, 2.4768E+00,-5.8960E-01, 4.6497E+00, 7.7759E-01, 7.2729E+00
"F2                                                                                                                    "
   9763.410, -62236.580,-6.3965E-01, 3.5046E+00,-4.0649E-01, 2.4768E+00,-5.8350E-01, 4.6509E+00, 6.4453E-01, 7.1509E+00
"B                                                                                                                     "
   9764.040, -62235.950,-6.4331E-01, 3.5059E+00,-4.0894E-01, 2.4756E+00,-5.8960E-01, 4.6497E+00, 6.2622E-01, 7.1606E+00
"F2                                                                                                                    "
   9764.610, -62235.380,-6.4453E-01, 3.5046E+00,-4.0771E-01, 2.4768E+00,-5.8594E-01, 4.6509E+00, 6.9458E-01, 7.2009E+00
"B                                                                                                                     "
   9765.870, -62234.120,-6.4697E-01, 3.5046E+00,-4.0894E-01, 2.4756E+00,-5.8228E-01, 4.6521E+00, 8.1909E-01, 7.3303E+00
"C                                                                                                                     "
   9767.370, -62232.620,-6.4209E-01, 3.5046E+00,-4.0771E-01, 2.4768E+00,-5.8716E-01, 4.6509E+00, 8.3618E-01, 7.4731E+00
"D                                                                                                                     "
   9771.390, -62228.600,-6.4331E-01, 3.5046E+00,-4.0527E-01, 2.4756E+00,-5.8472E-01, 4.6509E+00, 1.1719E+00, 7.4976E+00
"B                                                                                                                     "
   9772.140, -62227.850,-6.4575E-01, 3.5046E+00,-4.1626E-01, 2.4756E+00,-5.8716E-01, 4.6509E+00, 8.8745E-01, 7.3877E+00
"C                                                                                                                     "
   9772.980, -62227.010,-6.4453E-01, 3.5046E+00,-4.0527E-01, 2.4768E+00,-5.8350E-01, 4.6509E+00, 1.0181E+00, 7.5244E+00
"D                                                                                                                     "
  10186.680, -61813.310,-6.4453E-01, 3.5059E+00,-4.1138E-01, 2.4744E+00,-5.8960E-01, 4.6521E+00, 8.8135E-01, 7.3792E+00
"C                                                                                                                     "
  10187.580, -61812.410,-6.3721E-01, 3.5071E+00,-4.0283E-01, 2.4756E+00,-5.8472E-01, 4.6509E+00, 7.8125E-01, 7.3035E+00
"F2                                                                                                                    "
  10188.270, -61811.720,-6.4331E-01, 3.5059E+00,-4.0894E-01, 2.4756E+00,-5.8350E-01, 4.6509E+00, 7.6538E-01, 7.2754E+00
"B                                                                                                                     "
  10189.140, -61810.850,-6.4453E-01, 3.5071E+00,-4.1260E-01, 2.4744E+00,-5.8838E-01, 4.6521E+00, 6.9824E-01, 7.1985E+00
"F2                                                                                                                    "
  10190.100, -61809.890,-6.3477E-01, 3.5059E+00,-4.0649E-01, 2.4756E+00,-5.8350E-01, 4.6509E+00, 6.7749E-01, 7.1582E+00
"FB                                                                                                                    "
  10191.390, -61808.600,-6.4331E-01, 3.5083E+00,-4.0894E-01, 2.4756E+00,-5.8716E-01, 4.6521E+00, 8.3252E-01, 7.3401E+00
"C                                                                                                                     "
  10192.020, -61807.970,-6.3477E-01, 3.5083E+00,-4.0527E-01, 2.4756E+00,-5.8350E-01, 4.6521E+00, 8.5938E-01, 7.4829E+00
"D                                                                                                                     "
  10627.620, -61372.370,-6.4453E-01, 3.5034E+00,-4.0894E-01, 2.4744E+00,-5.6641E-01, 4.6680E+00, 7.6294E-01, 7.2974E+00
"C                                                                                                                     "
  10628.130, -61371.860,-6.4697E-01, 3.5034E+00,-4.1138E-01, 2.4731E+00,-5.7007E-01, 4.6680E+00, 6.0181E-01, 7.1436E+00
"F2                                                                                                                    "
  10629.150, -61370.840,-6.4575E-01, 3.5034E+00,-4.0894E-01, 2.4744E+00,-5.7007E-01, 4.6680E+00, 4.8340E-01, 7.0276E+00
"B                                                                                                                     "
  10631.520, -61368.470,-6.5063E-01, 3.5034E+00,-4.0771E-01, 2.4744E+00,-5.6763E-01, 4.6680E+00, 6.2378E-01, 7.1460E+00
"D                                                                                                                     "
  10973.700, -61026.290,-6.4087E-01, 3.5034E+00,-4.1016E-01, 2.4744E+00,-5.8838E-01, 4.6497E+00, 1.2256E+00, 7.7344E+00
"C                                                                                                                     "
  10974.930, -61025.060,-6.4209E-01, 3.5046E+00,-4.1016E-01, 2.4744E+00,-5.8716E-01, 4.6497E+00, 7.0190E-01, 7.2620E+00
"F2                                                                                                                    "
  10975.650, -61024.340,-6.4331E-01, 3.5034E+00,-4.1138E-01, 2.4744E+00,-5.8960E-01, 4.6497E+00, 5.9814E-01, 7.1057E+00
"B                                                                                                                     "
  10976.490, -61023.500,-6.4697E-01, 3.5046E+00,-4.0894E-01, 2.4744E+00,-5.8838E-01, 4.6497E+00, 5.8472E-01, 7.0850E+00
"F2                                                                                                                    "
  10976.970, -61023.020,-6.4819E-01, 3.5046E+00,-4.0894E-01, 2.4744E+00,-5.8960E-01, 4.6509E+00, 5.5908E-01, 7.0862E+00
"B                                                                                                                     "
  10978.230, -61021.760,-6.5186E-01, 3.5046E+00,-4.1138E-01, 2.4744E+00,-5.8838E-01, 4.6497E+00, 6.4087E-01, 7.1545E+00
"D                                                                                                                     "
  11213.820, -60786.170,-6.4331E-01, 3.5022E+00,-4.0894E-01, 2.4731E+00,-4.6509E-01, 4.7705E+00, 6.9458E-01, 7.1948E+00
"F2                                                                                                                    "
  11214.690, -60785.300,-6.4453E-01, 3.5022E+00,-4.1138E-01, 2.4731E+00,-4.6387E-01, 4.7705E+00, 5.4077E-01, 7.0679E+00
"B                                                                                                                     "
  11215.770, -60784.220,-6.4453E-01, 3.5010E+00,-4.0649E-01, 2.4731E+00,-4.6021E-01, 4.7705E+00, 6.3232E-01, 7.1118E+00
"F2                                                                                                                    "
  11216.550, -60783.440,-6.4453E-01, 3.5022E+00,-4.0894E-01, 2.4731E+00,-4.6875E-01, 4.7693E+00, 6.8359E-01, 7.1863E+00
"B                                                                                                                     "
  11217.300, -60782.690,-6.4209E-01, 3.5022E+00,-4.0771E-01, 2.4731E+00,-4.6021E-01, 4.7705E+00, 8.0933E-01, 7.3022E+00
"C                                                                                                                     "
  11218.020, -60781.970,-6.4453E-01, 3.5022E+00,-4.0894E-01, 2.4731E+00,-4.6509E-01, 4.7705E+00, 6.8237E-01, 7.1912E+00
"D                                                                                                                     "
  11300.460, -60699.530,-6.5063E-01, 3.5046E+00,-4.0894E-01, 2.4731E+00,-4.7974E-01, 4.7571E+00, 7.3853E-01, 7.2339E+00
"F2                                                                                                                    "
  11301.870, -60698.120,-6.4453E-01, 3.5046E+00,-4.1138E-01, 2.4731E+00,-4.7607E-01, 4.7583E+00, 5.4810E-01, 7.0374E+00
"B                                                                                                                     "
  11308.920, -60691.070,-6.3843E-01, 3.5046E+00,-4.1138E-01, 2.4731E+00,-4.7607E-01, 4.7595E+00, 6.9458E-01, 7.1973E+00
"C                                                                                                                     "
  11309.790, -60690.200,-6.3965E-01, 3.5034E+00,-4.0771E-01, 2.4731E+00,-4.7852E-01, 4.7583E+00, 6.8848E-01, 7.2498E+00
"D                                                                                                                     "
  11316.210, -60683.780,-6.4697E-01, 3.5034E+00,-4.1260E-01, 2.4744E+00,-4.7852E-01, 4.7595E+00, 8.3252E-01, 7.3462E+00
"B                                                                                                                     "
  11323.050, -60676.940,-6.4697E-01, 3.5046E+00,-4.0894E-01, 2.4744E+00,-4.7852E-01, 4.7583E+00, 7.1411E-01, 7.2437E+00
"C                                                                                                                     "
  11323.710, -60676.280,-6.4575E-01, 3.5046E+00,-4.1138E-01, 2.4731E+00,-4.7485E-01, 4.7583E+00, 8.4717E-01, 7.3828E+00
"D                                                                                                                     "
  11717.340, -60282.650,-6.4209E-01, 3.5022E+00,-4.0894E-01, 2.4731E+00,-4.7119E-01, 4.7620E+00, 5.4077E-01, 7.0728E+00
"F2                                                                                                                    "
  11719.860, -60280.130, 4.1113E+00,-6.0669E-01, 6.1340E+00,-4.5349E+00, 3.2446E+00,-2.3108E+00, 2.9785E+00, 7.4121E+00
"C                                                                                                                     "
  11721.030, -60278.960,-6.4941E-01, 3.5022E+00,-4.1016E-01, 2.4719E+00,-4.7119E-01, 4.7632E+00, 6.3843E-01, 7.1631E+00
"D                                                                                                                     "
  12106.020, -59893.970,-6.4453E-01, 3.5046E+00,-4.0649E-01, 2.4744E+00,-5.8472E-01, 4.6521E+00, 1.0205E+00, 7.5183E+00
"B                                                                                                                     "
  12106.980, -59893.010,-6.4941E-01, 3.5059E+00,-4.1016E-01, 2.4744E+00,-5.8716E-01, 4.6509E+00, 7.2998E-01, 7.2339E+00
"C                                                                                                                     "
  12107.730, -59892.260,-6.4575E-01, 3.5059E+00,-4.0894E-01, 2.4744E+00,-5.9204E-01, 4.6497E+00, 7.2998E-01, 7.2937E+00
"D                                                                                                                     "
  12184.890, -59815.100,-6.4819E-01, 3.5046E+00,-4.1260E-01, 2.4744E+00,-5.8960E-01, 4.6484E+00, 1.0278E+00, 7.5159E+00
"C                                                                                                                     "
  12186.450, -59813.540,-6.4087E-01, 3.5046E+00,-4.0527E-01, 2.4744E+00,-5.8228E-01, 4.6497E+00, 7.9224E-01, 7.3621E+00
"D                                                                                                                     "
  12271.410, -59728.580,-6.3965E-01, 3.5034E+00,-4.0771E-01, 2.4731E+00,-5.8594E-01, 4.6472E+00, 6.4575E-01, 7.2327E+00
"F2                                                                                                                    "
  12272.640, -59727.350,-6.4697E-01, 3.5046E+00,-4.1260E-01, 2.4731E+00,-5.9204E-01, 4.6472E+00, 4.4556E-01, 6.9446E+00
"B                                                                                                                     "
  12273.450, -59726.540,-6.4331E-01, 3.5034E+00,-4.1016E-01, 2.4719E+00,-5.8838E-01, 4.6484E+00, 5.2246E-01, 7.0142E+00
"F2                                                                                                                    "
  12274.080, -59725.910,-6.4575E-01, 3.5034E+00,-4.0649E-01, 2.4731E+00,-5.8472E-01, 4.6484E+00, 5.2979E-01, 7.0288E+00
"B                                                                                                                     "
  12275.010, -59724.980,-6.3843E-01, 3.5034E+00,-4.0894E-01, 2.4731E+00,-5.8594E-01, 4.6484E+00, 6.4331E-01, 7.1460E+00
"D                                                                                                                     "
  12279.360, -59720.630,-6.5308E-01, 3.5034E+00,-4.1382E-01, 2.4731E+00,-5.9082E-01, 4.6472E+00, 6.2012E-01, 7.1277E+00
"C                                                                                                                     "
  12281.130, -59718.860,-6.4819E-01, 3.5034E+00,-4.1016E-01, 2.4731E+00,-5.8594E-01, 4.6472E+00, 5.7739E-01, 7.1094E+00
"D                                                                                                                     "
  12627.750, -59372.240,-6.4819E-01, 3.5059E+00,-4.1016E-01, 2.4744E+00,-5.8594E-01, 4.6533E+00, 5.4321E-01, 7.0471E+00
"C                                                                                                                     "
  12628.500, -59371.490,-6.4087E-01, 3.5059E+00,-4.0894E-01, 2.4744E+00,-5.8350E-01, 4.6521E+00, 5.1880E-01, 7.0740E+00
"F2                                                                                                                    "
  12629.280, -59370.710,-6.4697E-01, 3.5059E+00,-4.0771E-01, 2.4744E+00,-5.8472E-01, 4.6533E+00, 4.4067E-01, 6.9434E+00
"B                                                                                                                     "
  12630.180, -59369.810,-6.3843E-01, 3.5071E+00,-4.0771E-01, 2.4744E+00,-5.8228E-01, 4.6533E+00, 4.9072E-01, 6.9812E+00
"F2                                                                                                                    "
  12630.750, -59369.240,-6.4087E-01, 3.5059E+00,-4.0405E-01, 2.4744E+00,-5.8228E-01, 4.6533E+00, 4.5410E-01, 6.9885E+00
"B                                                                                                                     "
  12631.890, -59368.100,-6.3599E-01, 3.5059E+00,-4.0527E-01, 2.4744E+00,-5.7739E-01, 4.6533E+00, 5.2246E-01, 7.0288E+00
"D                                                                                                                     "
  12860.520, -59139.470,-6.4941E-01, 3.5034E+00,-4.1016E-01, 2.4731E+00,-5.8838E-01, 4.6497E+00, 5.1636E-01, 7.1094E+00
"F2                                                                                                                    "
  12861.990, -59138.000,-6.4331E-01, 3.5034E+00,-4.0894E-01, 2.4731E+00,-5.8716E-01, 4.6509E+00, 4.6021E-01, 6.9556E+00
"B                                                                                                                     "
  12862.440, -59137.550,-6.5063E-01, 3.5034E+00,-4.1016E-01, 2.4744E+00,-5.8838E-01, 4.6497E+00, 5.3833E-01, 7.0337E+00
"F2                                                                                                                    "
  12863.250, -59136.740,-6.4575E-01, 3.5046E+00,-4.0771E-01, 2.4731E+00,-5.8716E-01, 4.6497E+00, 4.8950E-01, 6.9983E+00
"B                                                                                                                     "
  12865.620, -59134.370,-6.4941E-01, 3.5034E+00,-4.1138E-01, 2.4731E+00,-5.8716E-01, 4.6497E+00, 5.4321E-01, 7.0569E+00
"D                                                                                                                     "
  12978.060, -59021.930,-6.3721E-01, 3.5059E+00,-4.0771E-01, 2.4731E+00,-5.8594E-01, 4.6497E+00, 7.1655E-01, 7.2095E+00
"G                                                                                                                     "
  16105.380, -55894.610, 1.4172E+00, 5.5359E+00,-4.0649E-01, 2.4744E+00,-5.8472E-01, 4.6545E+00, 2.6611E-01, 6.7493E+00
"DG                                                                                                                     "
  16151.610, -55848.380, 1.2708E+00, 5.3821E+00,-4.0771E-01, 2.4744E+00,-5.8716E-01, 4.6533E+00, 2.1851E-01, 6.7712E+00
"F2                                                                                                                    "
  16152.720, -55847.270, 1.1475E+00, 5.2783E+00,-4.0649E-01, 2.4744E+00,-5.8594E-01, 4.6533E+00, 1.7456E-01, 6.7200E+00
"B                                                                                                                     "
  16155.150, -55844.840, 1.2146E+00, 5.3174E+00,-4.0894E-01, 2.4744E+00,-5.8350E-01, 4.6533E+00, 1.9653E-01, 6.7078E+00
"C                                                                                                                     "
  16156.410, -55843.580, 1.1670E+00, 5.2881E+00,-4.0771E-01, 2.4744E+00,-5.8716E-01, 4.6545E+00, 3.7109E-01, 7.0325E+00
"DG                                                                                                                    "
  16202.610, -55797.380,-6.2988E-01, 3.5205E+00,-4.1138E-01, 2.4731E+00,-5.8594E-01, 4.6533E+00, 2.5635E-01, 6.8140E+00
"F2                                                                                                                    "
  16203.240, -55796.750,-6.2378E-01, 3.5205E+00,-4.0527E-01, 2.4731E+00,-5.8228E-01, 4.6533E+00, 1.6235E-01, 6.6711E+00
"B                                                                                                                    "
  16205.070, -55794.920,-6.2256E-01, 3.5193E+00,-4.0283E-01, 2.4744E+00,-5.8105E-01, 4.6533E+00, 1.0010E-01, 6.6125E+00
"F3                                                                                                                    "
  16205.520, -55794.470,-6.2256E-01, 3.5181E+00,-4.0649E-01, 2.4731E+00,-5.8228E-01, 4.6533E+00, 2.7344E-01, 6.7859E+00
"F4                                                                                                                    "
  16207.110, -55792.880,-6.2134E-01, 3.5168E+00,-4.0405E-01, 2.4731E+00,-5.8228E-01, 4.6533E+00, 3.2227E-01, 6.8274E+00
"C                                                                                                                     "
  16207.590, -55792.400,-6.3721E-01, 3.5168E+00,-4.0527E-01, 2.4744E+00,-5.8105E-01, 4.6545E+00, 2.7100E-01, 6.7957E+00
"DG                                                                                                                    "
  16259.100, -55740.890,-6.3965E-01, 3.5107E+00,-4.0771E-01, 2.4731E+00,-5.8105E-01, 4.6521E+00, 1.0620E-01, 6.7493E+00
"G                                                                                                                     "
  17700.780, -54299.210,-6.3721E-01, 3.5059E+00,-4.0771E-01, 2.4731E+00,-5.8350E-01, 4.6533E+00,-2.1362E-01, 6.3940E+00
"Z                                                                                                                     "
  29040.360, -42959.630,-6.5063E-01, 3.4985E+00,-4.1504E-01, 2.4634E+00,-5.9082E-01, 4.6436E+00, 8.5449E-02, 6.4539E+00
"P                                                                                                                     "
  29063.370, -42936.620,-6.5186E-01, 3.4998E+00,-4.1260E-01, 2.4634E+00,-5.9326E-01, 4.6436E+00,-2.1484E-01, 6.2048E+00
"G                                                                                                                     "
  29231.640, -42768.350,-6.4819E-01, 3.4973E+00,-4.1504E-01, 2.4622E+00,-5.9326E-01, 4.6411E+00,-3.6011E-01, 6.1682E+00
"Z                                                                                                                     "
  36000.030, -35999.960,-6.5063E-01, 3.4998E+00,-4.1260E-01, 2.4670E+00,-5.9326E-01, 4.6436E+00,-3.6133E-01, 6.1597E+00
