"NP                                                                                                                    "
   2922.090, -69077.900, 2.0105E+00, 6.1169E+00,-4.0771E-01, 2.4646E+00, 2.7344E-01, 5.0916E+00,-3.3203E-01, 6.1841E+00
"P                                                                                                                     "
   2951.400, -69048.590, 2.0654E+00, 6.1560E+00,-2.1484E-01, 2.6501E+00, 1.2451E-01, 5.3540E+00,-3.3325E-01, 6.1841E+00
"Z                                                                                                                     "
   3002.700, -68997.290, 2.1252E+00, 6.2085E+00,-2.5757E-01, 2.6208E+00,-5.0415E-01, 4.7522E+00,-3.3447E-01, 6.1853E+00
"P                                                                                                                     "
   3043.800, -68956.190, 1.9434E+00, 6.0571E+00,-3.0518E-01, 2.5732E+00,-3.1860E-01, 4.9231E+00,-3.3569E-01, 6.1841E+00
"Z                                                                                                                     "
   3062.520, -68937.470, 2.0471E+00, 6.1475E+00,-3.0273E-01, 2.5720E+00,-4.6875E-01, 4.7241E+00,-3.3569E-01, 6.1841E+00
"P                                                                                                                     "
   3092.250, -68907.740, 2.0789E+00, 6.1877E+00,-7.0801E-01, 2.1875E+00,-4.5166E-01, 4.7815E+00,-3.3813E-01, 6.1841E+00
"B2                                                                                                                    "
   3095.640, -68904.350, 2.0886E+00, 6.1938E+00,-6.7749E-01, 2.2107E+00,-5.8105E-01, 4.6753E+00,-3.3936E-01, 6.1829E+00
"P                                                                                                                     "
   3136.320, -68863.670, 2.1301E+00, 6.2427E+00,-6.3599E-01, 2.2522E+00,-1.8311E-02, 5.4077E+00,-3.3447E-01, 6.1841E+00
"C                                                                                                                     "
   3155.340, -68844.650, 2.1716E+00, 6.2830E+00,-5.6396E-01, 2.3547E+00,-3.9063E-02, 5.2051E+00,-3.3569E-01, 6.1841E+00
"B                                                                                                                     "
   3157.290, -68842.700, 2.1875E+00, 6.2817E+00,-5.2856E-01, 2.3511E+00,-3.1250E-01, 4.9585E+00,-3.3813E-01, 6.1841E+00
"F2                                                                                                                    "
   3157.980, -68842.010, 2.1790E+00, 6.2793E+00,-5.7739E-01, 2.3193E+00,-3.4302E-01, 4.9133E+00,-3.3691E-01, 6.1841E+00
"FB                                                                                                                    "
   3158.700, -68841.290, 2.1912E+00, 6.2769E+00,-5.4199E-01, 2.3450E+00,-3.2104E-01, 4.8901E+00,-3.3447E-01, 6.1841E+00
"F4                                                                                                                    "
   3160.200, -68839.790, 2.1631E+00, 6.2646E+00,-5.4077E-01, 2.3462E+00,-5.8594E-02, 5.0891E+00,-3.3813E-01, 6.1841E+00
"B                                                                                                                     "
   3161.130, -68838.860, 2.1582E+00, 6.2598E+00,-5.8594E-01, 2.3071E+00,-7.3242E-03, 5.3882E+00,-3.3813E-01, 6.1841E+00
"C                                                                                                                     "
   3163.020, -68836.970, 2.1680E+00, 6.2573E+00,-4.8584E-01, 2.3865E+00, 7.2021E-01, 6.0571E+00,-3.2715E-01, 6.2000E+00
"D                                                                                                                     "
   3186.300, -68813.690, 2.0667E+00, 6.1597E+00, 2.0020E-01, 3.0566E+00, 7.6904E-02, 5.3088E+00,-3.3203E-01, 6.1841E+00
"F2                                                                                                                    "
   3187.890, -68812.100, 2.0569E+00, 6.1658E+00, 6.0425E-01, 3.4302E+00, 1.7822E-01, 5.3479E+00,-3.3325E-01, 6.1841E+00
"B                                                                                                                     "
   3189.420, -68810.570, 2.0215E+00, 6.1401E+00, 1.1963E-01, 3.0225E+00, 3.6621E-03, 5.2246E+00,-3.3569E-01, 6.1841E+00
"C                                                                                                                     "
   3191.970, -68808.020, 2.0300E+00, 6.1340E+00, 2.5513E-01, 3.1177E+00, 9.6436E-02, 5.3296E+00,-3.3569E-01, 6.1841E+00
"D                                                                                                                     "
   3233.640, -68766.350, 2.0947E+00, 6.2061E+00, 4.1748E-01, 3.2837E+00, 3.4302E-01, 5.5762E+00,-3.3813E-01, 6.1841E+00
"F2                                                                                                                    "
   3235.200, -68764.790, 2.0972E+00, 6.2097E+00, 3.0640E-01, 3.1714E+00, 1.1963E-01, 5.3772E+00,-3.3325E-01, 6.1841E+00
"F4                                                                                                                    "
   3237.180, -68762.810, 2.1057E+00, 6.2122E+00, 5.5786E-01, 3.4119E+00, 2.0386E-01, 5.4639E+00,-3.3325E-01, 6.1841E+00
"B                                                                                                                     "
   3242.640, -68757.350, 2.1240E+00, 6.2158E+00, 4.4556E-01, 3.3032E+00,-2.0752E-02, 5.2039E+00,-3.3936E-01, 6.1841E+00
"C                                                                                                                     "
   3244.380, -68755.610, 2.1155E+00, 6.2183E+00, 3.8696E-01, 3.2629E+00, 2.4902E-01, 5.4675E+00,-3.3813E-01, 6.1829E+00
"D                                                                                                                     "
   3302.910, -68697.080, 2.1497E+00, 6.2598E+00, 1.6211E+00, 4.4556E+00, 3.4912E-01, 5.6152E+00,-3.3691E-01, 6.1829E+00
"F2                                                                                                                    "
   3303.660, -68696.330, 2.1619E+00, 6.2573E+00, 1.5625E+00, 4.3958E+00, 1.7456E-01, 5.3894E+00,-3.3569E-01, 6.1829E+00
"F4                                                                                                                    "
   3305.550, -68694.440, 2.1497E+00, 6.2598E+00, 7.0923E-01, 3.5657E+00, 2.5024E-01, 5.5017E+00,-3.3813E-01, 6.1829E+00
"F3                                                                                                                    "
   3311.610, -68688.380, 2.1533E+00, 6.2634E+00, 1.3513E+00, 4.1968E+00, 9.3994E-02, 5.3650E+00,-3.3691E-01, 6.1829E+00
"B                                                                                                                     "
   3312.600, -68687.390, 2.1533E+00, 6.2610E+00, 5.1025E-01, 3.3594E+00, 1.0864E-01, 5.3381E+00,-3.3325E-01, 6.1816E+00
"C                                                                                                                     "
   3314.400, -68685.590, 2.1667E+00, 6.2622E+00, 1.3647E+00, 4.1919E+00, 4.3579E-01, 5.6580E+00,-3.3447E-01, 6.1829E+00
"D                                                                                                                     "
   3393.060, -68606.930, 2.0898E+00, 6.1792E+00, 8.7891E-01, 3.7354E+00, 5.5908E-01, 5.8423E+00,-3.3936E-01, 6.1816E+00
"F2                                                                                                                    "
   3394.080, -68605.910, 2.0703E+00, 6.1792E+00, 3.2227E-01, 3.2251E+00, 2.1240E-01, 5.4639E+00,-3.3447E-01, 6.1816E+00
"F4                                                                                                                    "
   3395.460, -68604.530, 2.0935E+00, 6.1816E+00, 1.3306E+00, 4.1345E+00, 3.0518E-01, 5.5554E+00,-3.3813E-01, 6.1816E+00
"F2                                                                                                                    "
   3396.120, -68603.870, 2.0886E+00, 6.1829E+00, 4.7607E-01, 3.3301E+00, 3.4180E-01, 5.5457E+00,-3.3447E-01, 6.1816E+00
"F4                                                                                                                    "
   3397.140, -68602.850, 2.0776E+00, 6.1841E+00, 3.8330E-01, 3.2385E+00, 3.9185E-01, 5.6152E+00,-3.3936E-01, 6.1816E+00
"B                                                                                                                     "
   3399.690, -68600.300, 2.0911E+00, 6.1877E+00, 8.8989E-01, 3.7427E+00, 9.1675E-01, 5.9631E+00,-3.3569E-01, 6.1804E+00
"DG                                                                                                                    "
   3643.560, -68356.430, 2.1082E+00, 6.1902E+00, 8.1177E-01, 3.6609E+00, 6.7993E-01, 5.9729E+00,-3.3691E-01, 6.1841E+00
"G                                                                                                                     "
   3695.940, -68304.050, 2.0142E+00, 6.1267E+00, 1.1548E+00, 4.0515E+00, 5.2612E-01, 5.7458E+00,-3.3813E-01, 6.1841E+00
"DG                                                                                                                    "
   3729.780, -68270.210, 2.1033E+00, 6.1951E+00, 8.6548E-01, 3.7146E+00, 1.0681E+00, 6.2891E+00,-3.3813E-01, 6.1841E+00
"G                                                                                                                     "
   3962.490, -68037.500, 2.1252E+00, 6.2219E+00, 8.4717E-01, 3.6890E+00, 6.2378E-01, 5.8313E+00,-3.3813E-01, 6.1829E+00
"C                                                                                                                     "
   3963.720, -68036.270, 2.1326E+00, 6.2231E+00, 1.0901E+00, 3.9697E+00, 8.1055E-01, 6.0303E+00,-3.3936E-01, 6.1829E+00
"D                                                                                                                     "
   4003.050, -67996.940, 1.9446E+00, 6.0547E+00, 8.0688E-01, 3.6548E+00, 6.5063E-01, 5.8777E+00,-2.7344E-01, 6.2537E+00
"F2                                                                                                                    "
   4003.470, -67996.520, 1.9385E+00, 6.0535E+00, 6.8726E-01, 3.5510E+00, 6.5918E-01, 5.8887E+00,-3.3325E-01, 6.1902E+00
"F4                                                                                                                    "
   4004.520, -67995.470, 1.9360E+00, 6.0510E+00, 7.8125E-01, 3.6816E+00, 6.7383E-01, 5.9229E+00,-3.2837E-01, 6.1877E+00
"F3                                                                                                                    "
   4005.990, -67994.000, 1.9470E+00, 6.0583E+00, 8.1421E-01, 3.5791E+00, 8.0322E-01, 6.0388E+00,-3.0884E-01, 6.2268E+00
"F4                                                                                                                    "
   4007.430, -67992.560, 2.0129E+00, 6.1145E+00, 7.4219E-01, 3.5938E+00, 9.9731E-01, 6.1719E+00,-3.0884E-01, 6.2000E+00
"C                                                                                                                     "
   4008.960, -67991.030, 1.9971E+00, 6.1121E+00, 7.5439E-01, 3.6145E+00, 9.8877E-01, 6.2134E+00,-3.1250E-01, 6.2085E+00
"DG                                                                                                                    "
   4023.510, -67976.480, 2.0044E+00, 6.1182E+00, 5.4565E-01, 3.4119E+00, 5.6030E-01, 5.8130E+00,-3.3447E-01, 6.1841E+00
"B                                                                                                                     "
   4025.400, -67974.590, 2.0251E+00, 6.1194E+00, 6.3721E-01, 3.5010E+00, 6.8115E-01, 5.8960E+00,-3.3569E-01, 6.1841E+00
"F4                                                                                                                    "
   4026.780, -67973.210, 2.0007E+00, 6.1194E+00, 7.5317E-01, 3.6096E+00, 7.9224E-01, 6.0266E+00,-3.3569E-01, 6.1829E+00
"B                                                                                                                     "
   4028.940, -67971.050, 2.0081E+00, 6.1218E+00, 8.1055E-01, 3.6597E+00, 9.5947E-01, 6.1475E+00,-3.3569E-01, 6.1829E+00
"F4                                                                                                                    "
   4030.230, -67969.760, 2.0117E+00, 6.1243E+00, 8.4839E-01, 3.6841E+00, 8.1909E-01, 6.0437E+00,-3.3813E-01, 6.1816E+00
"C                                                                                                                     "
   4030.890, -67969.100, 2.0264E+00, 6.1255E+00, 1.8555E-01, 3.0579E+00, 8.5327E-01, 6.0706E+00,-3.3936E-01, 6.1816E+00
"DG                                                                                                                    "
   4066.650, -67933.340, 2.0410E+00, 6.1475E+00, 1.0071E+00, 3.6963E+00, 7.2388E-01, 5.9680E+00,-3.3813E-01, 6.1816E+00
"G                                                                                                                     "
   4267.170, -67732.820, 1.9812E+00, 6.0901E+00, 8.3008E-01, 3.6853E+00, 4.6021E-01, 5.7214E+00,-3.3569E-01, 6.1841E+00
"F2                                                                                                                    "
   4267.740, -67732.250, 1.9849E+00, 6.0925E+00, 8.7646E-01, 3.7207E+00, 7.7759E-01, 5.9045E+00,-3.3447E-01, 6.1841E+00
"B                                                                                                                     "
   4271.940, -67728.050, 1.9922E+00, 6.0986E+00, 8.5205E-01, 3.6987E+00, 5.8960E-01, 5.7983E+00,-3.2959E-01, 6.1841E+00
"C                                                                                                                     "
   4275.660, -67724.330, 2.0129E+00, 6.1023E+00, 7.5562E-01, 3.5999E+00, 5.5664E-01, 5.7642E+00,-3.3447E-01, 6.1841E+00
"B                                                                                                                     "
   4277.580, -67722.410, 2.0154E+00, 6.1023E+00, 6.6162E-01, 3.5583E+00, 5.6641E-01, 5.7483E+00,-3.3813E-01, 6.1841E+00
"D                                                                                                                     "
   4285.860, -67714.130, 2.0251E+00, 6.1182E+00, 8.5938E-01, 3.7036E+00, 6.0059E-01, 5.9607E+00,-3.3325E-01, 6.1841E+00
"F4                                                                                                                    "
   4286.580, -67713.410, 2.0044E+00, 6.1194E+00, 1.3281E+00, 4.1382E+00, 8.0322E-01, 5.9058E+00,-3.3447E-01, 6.1841E+00
"C                                                                                                                     "
   4288.560, -67711.430, 2.0129E+00, 6.1230E+00, 8.7158E-01, 3.7207E+00, 6.3721E-01, 5.8777E+00,-3.3203E-01, 6.1841E+00
"D                                                                                                                     "
   4332.270, -67667.720, 2.0642E+00, 6.1707E+00, 9.2773E-01, 3.7769E+00, 6.5674E-01, 5.8899E+00,-3.3203E-01, 6.1841E+00
"F4                                                                                                                    "
   4334.640, -67665.350, 2.0679E+00, 6.1694E+00, 1.1853E+00, 4.0845E+00, 8.4106E-01, 6.0571E+00,-3.3447E-01, 6.1853E+00
"B                                                                                                                     "
   4344.090, -67655.900, 2.0618E+00, 6.1768E+00, 7.3608E-01, 3.6121E+00, 6.1401E-01, 5.8337E+00,-3.3447E-01, 6.1853E+00
"C                                                                                                                     "
   4345.350, -67654.640, 2.0801E+00, 6.1755E+00, 1.0156E+00, 3.8525E+00, 7.9712E-01, 6.0071E+00,-3.3203E-01, 6.1841E+00
"G                                                                                                                     "
   4425.600, -67574.390, 2.0117E+00, 6.1096E+00, 9.7778E-01, 3.8245E+00,-5.1636E-01, 4.7217E+00,-3.3936E-01, 6.1841E+00
"Z                                                                                                                     "
  22508.040, -49491.950,-6.0425E-01, 3.5437E+00,-1.7334E-01, 2.6990E+00,-3.9063E-02, 4.7791E+00,-3.3569E-01, 6.1841E+00
"P                                                                                                                     "
  22521.240, -49478.750,-5.9937E-01, 3.5437E+00, 2.7832E-01, 3.1067E+00,-4.5532E-01, 4.7864E+00,-3.3325E-01, 6.1841E+00
"C                                                                                                                     "
  22534.380, -49465.610,-5.9570E-01, 3.5437E+00,-3.5278E-01, 2.5220E+00, 2.1606E-01, 5.3223E+00,-3.3447E-01, 6.1841E+00
"D                                                                                                                     "
  22550.790, -49449.200,-5.9937E-01, 3.5437E+00,-3.4912E-01, 2.5220E+00, 8.3008E-02, 5.3003E+00,-3.3325E-01, 6.1853E+00
"B                                                                                                                     "
  22552.440, -49447.550,-5.9937E-01, 3.5449E+00,-3.5522E-01, 2.5220E+00, 9.5215E-02, 5.3052E+00,-3.3569E-01, 6.1841E+00
"C                                                                                                                     "
  22554.090, -49445.900,-5.9814E-01, 3.5437E+00,-3.4668E-01, 2.5220E+00, 1.5259E-01, 5.3748E+00,-3.3081E-01, 6.1841E+00
"B                                                                                                                     "
  22560.450, -49439.540,-6.0181E-01, 3.5437E+00,-3.5278E-01, 2.5220E+00, 1.7456E-01, 5.4175E+00,-3.3447E-01, 6.1841E+00
"C                                                                                                                     "
  22562.880, -49437.110,-5.9937E-01, 3.5437E+00,-3.5400E-01, 2.5232E+00, 1.3184E-01, 5.3833E+00,-3.3691E-01, 6.1841E+00
"D                                                                                                                     "
  22572.330, -49427.660,-6.1279E-01, 3.5474E+00,-3.5278E-01, 2.5220E+00, 1.4526E-01, 5.3638E+00,-3.3203E-01, 6.1853E+00
"C                                                                                                                     "
  22574.310, -49425.680,-5.9326E-01, 3.5718E+00,-3.5645E-01, 2.5220E+00, 1.4160E-01, 5.3784E+00,-3.3447E-01, 6.1853E+00
"F2                                                                                                                    "
  22577.160, -49422.830,-5.9814E-01, 3.5461E+00,-3.5278E-01, 2.5220E+00, 9.5215E-02, 5.3162E+00,-3.3325E-01, 6.1853E+00
"F4                                                                                                                    "
  22579.080, -49420.910,-5.9570E-01, 3.5437E+00,-3.4912E-01, 2.5220E+00, 9.8877E-02, 5.3064E+00,-3.3081E-01, 6.1853E+00
"B                                                                                                                     "
  22591.860, -49408.130,-6.0303E-01, 3.5437E+00,-3.5522E-01, 2.5220E+00,-2.5391E-01, 4.9963E+00,-3.3813E-01, 6.1853E+00
"C                                                                                                                     "
  22594.410, -49405.580,-5.9937E-01, 3.5437E+00,-3.5522E-01, 2.5220E+00, 9.8877E-02, 5.3296E+00,-3.3691E-01, 6.1829E+00
"D                                                                                                                     "
  22632.720, -49367.270,-6.0059E-01, 3.5437E+00,-3.5278E-01, 2.5220E+00, 3.2349E-01, 5.5432E+00,-3.3203E-01, 6.1853E+00
"F2                                                                                                                    "
  22633.560, -49366.430,-6.0303E-01, 3.5425E+00,-3.5034E-01, 2.5232E+00, 1.0376E-01, 5.3247E+00,-3.3569E-01, 6.1853E+00
"F4                                                                                                                    "
  22636.470, -49363.520,-6.0181E-01, 3.5425E+00,-3.5156E-01, 2.5220E+00, 2.2949E-01, 5.4285E+00,-3.3081E-01, 6.1853E+00
"B                                                                                                                     "
  22644.090, -49355.900,-5.9937E-01, 3.5425E+00,-3.5156E-01, 2.5220E+00, 9.7656E-02, 5.3296E+00,-3.3203E-01, 6.1841E+00
"D                                                                                                                     "
  22716.210, -49283.780,-6.0181E-01, 3.5413E+00,-3.5278E-01, 2.5220E+00, 3.1372E-01, 5.5615E+00,-3.3691E-01, 6.1829E+00
"F2                                                                                                                    "
  22717.560, -49282.430,-6.0303E-01, 3.5413E+00,-3.5034E-01, 2.5220E+00, 3.1860E-01, 5.5273E+00,-3.3325E-01, 6.1829E+00
"F4                                                                                                                    "
  22719.720, -49280.270,-6.0425E-01, 3.5425E+00,-3.5522E-01, 2.5220E+00, 4.7363E-01, 5.6934E+00,-3.3691E-01, 6.1829E+00
"B                                                                                                                     "
  22727.310, -49272.680,-6.0425E-01, 3.5425E+00,-3.5400E-01, 2.5220E+00, 1.9653E-01, 5.4211E+00,-3.3691E-01, 6.1829E+00
"FB                                                                                                                    "
  22736.190, -49263.800,-5.9937E-01, 3.5413E+00,-3.4790E-01, 2.5220E+00, 7.7271E-01, 5.8667E+00,-3.3447E-01, 6.1829E+00
"C                                                                                                                     "
  22739.010, -49260.980,-6.0181E-01, 3.5413E+00,-3.5156E-01, 2.5220E+00, 5.5786E-01, 5.7727E+00,-3.3813E-01, 6.1829E+00
"D                                                                                                                     "
  22832.520, -49167.470,-6.0181E-01, 3.5413E+00,-3.5278E-01, 2.5208E+00, 5.2002E-01, 5.7715E+00,-3.1860E-01, 6.2012E+00
"F1                                                                                                                    "
  22836.840, -49163.150,-6.0059E-01, 3.5413E+00,-3.5645E-01, 2.5208E+00, 4.9072E-01, 5.7324E+00,-3.2349E-01, 6.1975E+00
"F2                                                                                                                    "
  22839.090, -49160.900,-6.0425E-01, 3.5413E+00,-3.5767E-01, 2.5208E+00, 9.0942E-01, 6.0669E+00,-3.2349E-01, 6.1987E+00
"F3                                                                                                                    "
  22850.550, -49149.440,-6.0425E-01, 3.5400E+00,-3.5156E-01, 2.5208E+00, 6.9580E-01, 5.9314E+00,-3.2837E-01, 6.1865E+00
"F4                                                                                                                    "
  22854.630, -49145.360,-6.0547E-01, 3.5400E+00,-3.5522E-01, 2.5208E+00, 6.0669E-01, 5.8240E+00,-3.3203E-01, 6.1877E+00
"B                                                                                                                     "
  22858.410, -49141.580,-6.0181E-01, 3.5413E+00,-3.5767E-01, 2.5195E+00, 4.7485E-01, 5.7288E+00,-3.3325E-01, 6.1865E+00
"G                                                                                                                     "
  22886.670, -49113.320,-6.0669E-01, 3.5413E+00,-3.5767E-01, 2.5208E+00, 4.5410E-01, 5.6665E+00,-3.3813E-01, 6.1829E+00
"C                                                                                                                     "
  22890.120, -49109.870,-6.0181E-01, 3.5388E+00,-3.4790E-01, 2.5232E+00, 7.2510E-01, 5.9375E+00,-3.3325E-01, 6.1841E+00
"D                                                                                                                     "
  22964.880, -49035.110,-6.0425E-01, 3.5413E+00,-3.2959E-01, 2.5415E+00, 6.7505E-01, 5.9167E+00,-3.3325E-01, 6.1829E+00
"B                                                                                                                     "
  22970.790, -49029.200,-5.9937E-01, 3.5413E+00,-3.2959E-01, 2.5415E+00, 6.7017E-01, 5.8740E+00,-3.3569E-01, 6.1829E+00
"G                                                                                                                     "
  23055.030, -48944.960,-5.9692E-01, 3.5425E+00,-3.5156E-01, 2.5220E+00, 7.5439E-01, 5.9753E+00,-3.3203E-01, 6.1841E+00
"C                                                                                                                     "
  23065.800, -48934.190,-5.9937E-01, 3.5413E+00,-3.3569E-01, 2.5342E+00, 8.3862E-01, 6.0486E+00,-3.3203E-01, 6.1829E+00
"B                                                                                                                     "
  23067.960, -48932.030,-6.0303E-01, 3.5413E+00,-3.5156E-01, 2.5183E+00, 9.1797E-01, 6.0583E+00,-3.3325E-01, 6.1829E+00
"C                                                                                                                     "
  23068.740, -48931.250,-6.0303E-01, 3.5425E+00,-3.5278E-01, 2.5220E+00, 9.1431E-01, 6.1267E+00,-3.3813E-01, 6.1829E+00
"D                                                                                                                     "
  23072.130, -48927.860,-6.0547E-01, 3.5413E+00,-3.5278E-01, 2.5220E+00, 8.1421E-01, 6.0315E+00,-3.3569E-01, 6.1829E+00
"B                                                                                                                     "
  23074.830, -48925.160,-5.9814E-01, 3.5413E+00,-3.5400E-01, 2.5208E+00, 8.5571E-01, 6.0608E+00,-3.3447E-01, 6.1841E+00
"C                                                                                                                     "
  23079.150, -48920.840,-6.0303E-01, 3.5425E+00,-3.5522E-01, 2.5208E+00, 9.7778E-01, 6.2024E+00,-3.3447E-01, 6.1829E+00
"D                                                                                                                     "
  23104.710, -48895.280,-5.9814E-01, 3.5425E+00,-3.5400E-01, 2.5208E+00, 8.5693E-01, 6.0718E+00,-3.3325E-01, 6.1841E+00
"F2                                                                                                                    "
  23105.730, -48894.260,-6.0303E-01, 3.5413E+00,-3.5400E-01, 2.5220E+00, 8.1909E-01, 6.0254E+00,-3.3813E-01, 6.1841E+00
"F4                                                                                                                    "
  23106.960, -48893.030,-6.0059E-01, 3.5425E+00,-3.5156E-01, 2.5220E+00, 7.3242E-01, 5.9631E+00,-3.3325E-01, 6.1841E+00
"F2                                                                                                                    "
  23107.710, -48892.280,-5.9570E-01, 3.5425E+00,-3.5522E-01, 2.5220E+00, 8.8623E-01, 6.0852E+00,-3.3813E-01, 6.1841E+00
"F3                                                                                                                    "
  23111.220, -48888.770,-6.0425E-01, 3.5425E+00,-3.5889E-01, 2.5208E+00, 8.1177E-01, 6.1169E+00,-3.3936E-01, 6.1841E+00
"B                                                                                                                     "
  23125.860, -48874.130,-6.0181E-01, 3.5437E+00,-3.5645E-01, 2.5220E+00, 9.1797E-01, 6.1609E+00,-3.3813E-01, 6.1841E+00
"D                                                                                                                     "
  23159.610, -48840.380,-6.0425E-01, 3.5425E+00,-3.4668E-01, 2.5244E+00, 8.5205E-01, 6.0718E+00,-3.3325E-01, 6.1841E+00
"F4                                                                                                                    "
  23161.710, -48838.280,-6.0059E-01, 3.5425E+00,-3.5034E-01, 2.5269E+00, 8.4473E-01, 6.0803E+00,-3.3325E-01, 6.1853E+00
"B                                                                                                                     "
  23168.640, -48831.350,-6.0181E-01, 3.5425E+00,-3.4302E-01, 2.5281E+00, 9.3018E-01, 6.1377E+00,-3.3081E-01, 6.1841E+00
"F1                                                                                                                    "
  23169.540, -48830.450,-6.0303E-01, 3.5437E+00,-3.4546E-01, 2.5293E+00, 1.0413E+00, 6.2549E+00,-3.3691E-01, 6.1841E+00
"D                                                                                                                     "
  23230.260, -48769.730,-6.0303E-01, 3.5425E+00,-3.4058E-01, 2.5354E+00, 9.7168E-01, 6.2036E+00,-3.3813E-01, 6.1841E+00
"F4                                                                                                                    "
  23232.270, -48767.720,-6.0181E-01, 3.5425E+00,-3.4668E-01, 2.5293E+00, 8.8257E-01, 6.1072E+00,-3.3691E-01, 6.1841E+00
"F2                                                                                                                    "
  23232.930, -48767.060,-6.0303E-01, 3.5425E+00,-3.5278E-01, 2.5208E+00, 1.0779E+00, 6.2549E+00,-3.3569E-01, 6.1841E+00
"B                                                                                                                     "
  23233.530, -48766.460,-5.9937E-01, 3.5425E+00,-3.5034E-01, 2.5208E+00, 1.1230E+00, 6.4246E+00,-3.3203E-01, 6.1841E+00
"F2                                                                                                                    "
  23233.980, -48766.010,-5.9814E-01, 3.5425E+00,-3.5034E-01, 2.5208E+00, 1.1731E+00, 6.3696E+00,-3.3447E-01, 6.1841E+00
"B                                                                                                                     "
  23244.060, -48755.930,-5.9814E-01, 3.5425E+00,-3.5156E-01, 2.5208E+00, 8.8135E-01, 6.0974E+00,-3.3203E-01, 6.1841E+00
"C                                                                                                                     "
  23246.130, -48753.860,-5.9937E-01, 3.5425E+00,-3.5034E-01, 2.5220E+00, 1.0974E+00, 6.3025E+00,-3.3325E-01, 6.1841E+00
"D                                                                                                                     "
  23307.540, -48692.450,-5.9937E-01, 3.5413E+00,-3.5034E-01, 2.5232E+00, 9.6924E-01, 6.1951E+00,-3.3569E-01, 6.1829E+00
"G                                                                                                                     "
  23438.310, -48561.680,-6.0303E-01, 3.5400E+00,-3.0029E-01, 2.5867E+00, 8.5693E-01, 6.0327E+00,-3.3569E-01, 6.1816E+00
"F1                                                                                                                    "
  23438.940, -48561.050,-6.0059E-01, 3.5413E+00,-3.5034E-01, 2.5220E+00, 8.0688E-01, 6.0205E+00,-3.3936E-01, 6.1816E+00
"B                                                                                                                     "
  23441.760, -48558.230,-6.0791E-01, 3.5400E+00,-3.5767E-01, 2.5183E+00, 1.0449E+00, 6.1951E+00,-3.3569E-01, 6.1816E+00
"C                                                                                                                     "
  23459.070, -48540.920,-6.0303E-01, 3.5400E+00,-3.5767E-01, 2.5195E+00, 1.0852E+00, 6.3025E+00,-3.3691E-01, 6.1816E+00
"D                                                                                                                     "
  23497.170, -48502.820,-6.0425E-01, 3.5400E+00,-3.5400E-01, 2.5195E+00, 9.4238E-01, 6.1682E+00,-3.3569E-01, 6.1816E+00
"F4                                                                                                                    "
  23498.310, -48501.680,-6.0425E-01, 3.5400E+00,-3.5767E-01, 2.5195E+00, 9.7778E-01, 6.1609E+00,-3.4180E-01, 6.1804E+00
"FB                                                                                                                    "
  23499.570, -48500.420,-6.0425E-01, 3.5400E+00,-3.5400E-01, 2.5195E+00, 8.7402E-01, 6.0779E+00,-3.3569E-01, 6.1816E+00
"F4                                                                                                                    "
  23504.100, -48495.890,-6.0303E-01, 3.5425E+00,-3.5400E-01, 2.5195E+00, 9.3262E-01, 6.1536E+00,-3.3447E-01, 6.1816E+00
"B                                                                                                                     "
  23504.850, -48495.140,-6.0181E-01, 3.5400E+00,-3.5400E-01, 2.5195E+00, 9.2285E-01, 6.0852E+00,-3.3569E-01, 6.1804E+00
"D                                                                                                                     "
  23577.420, -48422.570,-6.0791E-01, 3.5400E+00,-3.6011E-01, 2.5183E+00, 9.5215E-01, 6.1987E+00,-3.4058E-01, 6.1804E+00
"F4                                                                                                                    "
  23578.440, -48421.550,-6.0303E-01, 3.5413E+00,-3.5034E-01, 2.5208E+00, 9.7534E-01, 6.1865E+00,-3.3325E-01, 6.1816E+00
"B                                                                                                                     "
  23579.280, -48420.710,-6.0425E-01, 3.5413E+00,-3.5522E-01, 2.5195E+00, 9.0088E-01, 6.2109E+00,-3.3936E-01, 6.1816E+00
"F2                                                                                                                    "
  23579.910, -48420.080,-6.0547E-01, 3.5413E+00,-3.5522E-01, 2.5208E+00, 9.3262E-01, 6.1389E+00,-3.3813E-01, 6.1816E+00
"D                                                                                                                     "
  23673.540, -48326.450,-6.0425E-01, 3.5413E+00,-3.5156E-01, 2.5256E+00, 9.3018E-01, 6.1475E+00,-3.4058E-01, 6.1829E+00
"F4                                                                                                                    "
  23674.740, -48325.250,-6.0547E-01, 3.5425E+00,-3.4302E-01, 2.5293E+00, 9.8999E-01, 6.2146E+00,-3.3569E-01, 6.1829E+00
"B                                                                                                                     "
  23676.300, -48323.690,-6.0303E-01, 3.5449E+00,-3.5156E-01, 2.5195E+00, 1.0144E+00, 6.2012E+00,-3.3447E-01, 6.1829E+00
"G                                                                                                                     "
  23991.150, -48008.840,-6.0669E-01, 3.5388E+00,-3.3569E-01, 2.5391E+00, 5.7007E-01, 5.8081E+00,-3.4180E-01, 6.1816E+00
"B                                                                                                                     "
  23992.200, -48007.790,-6.0303E-01, 3.5400E+00,-3.1616E-01, 2.5562E+00, 8.0688E-01, 6.0022E+00,-3.3936E-01, 6.1804E+00
"C                                                                                                                     "
  23993.070, -48006.920,-6.0303E-01, 3.5388E+00,-3.5034E-01, 2.5293E+00, 8.5083E-01, 6.0742E+00,-3.4058E-01, 6.1816E+00
"D                                                                                                                     "
  24005.790, -47994.200,-6.0059E-01, 3.5388E+00,-3.6011E-01, 2.5159E+00, 9.5825E-01, 6.2061E+00,-3.3691E-01, 6.1816E+00
"F2                                                                                                                    "
  24006.120, -47993.870,-6.0303E-01, 3.5388E+00,-3.5645E-01, 2.5159E+00, 9.8755E-01, 6.1914E+00,-3.3813E-01, 6.1816E+00
"C                                                                                                                     "
  24007.050, -47992.940,-6.0303E-01, 3.5388E+00,-3.5645E-01, 2.5159E+00, 9.7534E-01, 6.1938E+00,-3.3691E-01, 6.1816E+00
"D                                                                                                                     "
  24034.740, -47965.250,-6.0669E-01, 3.5388E+00,-3.5767E-01, 2.5183E+00, 9.2163E-01, 6.1829E+00,-3.3936E-01, 6.1816E+00
"F4                                                                                                                    "
  24036.510, -47963.480,-6.0059E-01, 3.5388E+00,-3.5156E-01, 2.5195E+00, 7.6416E-01, 5.9814E+00,-3.3447E-01, 6.1816E+00
"F2                                                                                                                    "
  24037.320, -47962.670,-6.0669E-01, 3.5388E+00,-3.5400E-01, 2.5195E+00, 7.8491E-01, 5.9668E+00,-3.3813E-01, 6.1816E+00
"F4                                                                                                                    "
  24039.210, -47960.780,-6.0791E-01, 3.5388E+00,-3.5767E-01, 2.5195E+00, 7.2021E-01, 5.9509E+00,-3.3813E-01, 6.1804E+00
"B                                                                                                                     "
  24040.650, -47959.340,-6.0425E-01, 3.5400E+00,-3.5034E-01, 2.5195E+00, 1.1401E+00, 6.2317E+00,-3.3569E-01, 6.1804E+00
"C                                                                                                                     "
  24041.700, -47958.290,-6.0181E-01, 3.5388E+00,-3.5400E-01, 2.5208E+00, 9.8511E-01, 6.1975E+00,-3.3569E-01, 6.1816E+00
"DG                                                                                                                    "
  24370.470, -47629.520,-3.1006E-01, 3.8257E+00,-3.3325E-01, 2.5366E+00, 7.9834E-01, 6.0095E+00,-3.3447E-01, 6.1841E+00
"G                                                                                                                     "
  24694.260, -47305.730,-4.4800E-01, 3.6902E+00,-8.1665E-01, 2.0776E+00, 8.8379E-01, 6.0083E+00,-3.3569E-01, 6.1804E+00
"C                                                                                                                     "
  24694.920, -47305.070,-4.5532E-01, 3.6902E+00,-8.4473E-01, 2.0618E+00, 8.5205E-01, 6.0645E+00,-3.4180E-01, 6.1804E+00
"DG                                                                                                                    "
  24734.970, -47265.020,-3.9795E-01, 3.7427E+00,-3.5645E-01, 2.5183E+00, 6.0059E-01, 5.8093E+00,-3.4058E-01, 6.1804E+00
"F4                                                                                                                    "
  24735.870, -47264.120,-3.9307E-01, 3.7439E+00,-3.5767E-01, 2.5183E+00, 5.4321E-01, 5.7886E+00,-3.3691E-01, 6.1804E+00
"B                                                                                                                     "
  24736.650, -47263.340,-4.0161E-01, 3.7427E+00,-3.5767E-01, 2.5195E+00, 6.4697E-01, 5.9155E+00,-3.3936E-01, 6.1804E+00
"F2                                                                                                                    "
  24737.370, -47262.620,-3.8574E-01, 3.7476E+00,-3.5767E-01, 2.5183E+00, 6.2500E-01, 5.7947E+00,-3.3691E-01, 6.1816E+00
"F4                                                                                                                    "
  24741.750, -47258.240,-4.0405E-01, 3.7390E+00,-3.5400E-01, 2.5183E+00, 5.2002E-01, 5.7593E+00,-3.3691E-01, 6.1804E+00
"B                                                                                                                     "
  24744.180, -47255.810,-3.9063E-01, 3.7415E+00,-3.5400E-01, 2.5183E+00, 5.4565E-01, 5.7593E+00,-3.4180E-01, 6.1792E+00
"DG                                                                                                                    "
  25042.200, -46957.790,-3.9795E-01, 3.7366E+00,-3.5400E-01, 2.5195E+00, 8.2642E-01, 6.0376E+00,-3.3569E-01, 6.1816E+00
"G                                                                                                                     "
  25228.320, -46771.670,-9.8877E-02, 4.0454E+00,-3.5889E-01, 2.5171E+00, 6.7383E-01, 5.9143E+00,-3.3936E-01, 6.1792E+00
"C                                                                                                                     "
  25229.310, -46770.680,-9.5215E-02, 4.0442E+00,-3.5645E-01, 2.5171E+00, 8.0688E-01, 6.0266E+00,-3.4058E-01, 6.1792E+00
"DG                                                                                                                    "
  25266.000, -46733.990,-3.7720E-01, 3.7671E+00,-3.5889E-01, 2.5183E+00, 8.4351E-01, 6.0657E+00,-3.4058E-01, 6.1792E+00
"G                                                                                                                     "
  25690.170, -46309.820,-6.0181E-01, 3.5388E+00,-3.5278E-01, 2.5195E+00, 7.2998E-01, 5.8948E+00,-3.3813E-01, 6.1804E+00
"C                                                                                                                     "
  25692.780, -46307.210,-6.0303E-01, 3.5376E+00,-3.5400E-01, 2.5183E+00, 6.1279E-01, 5.8289E+00,-3.3936E-01, 6.1804E+00
"B                                                                                                                     "
  25694.790, -46305.200,-6.0547E-01, 3.5388E+00,-3.5522E-01, 2.5183E+00, 7.3853E-01, 5.9607E+00,-3.3936E-01, 6.1804E+00
"C                                                                                                                     "
  25695.600, -46304.390,-6.0669E-01, 3.5388E+00,-3.5522E-01, 2.5195E+00, 8.0444E-01, 6.0168E+00,-3.3813E-01, 6.1804E+00
"D                                                                                                                     "
  25710.090, -46289.900,-6.0425E-01, 3.5376E+00,-3.5400E-01, 2.5171E+00, 7.3853E-01, 5.9753E+00,-3.3936E-01, 6.1792E+00
"F4                                                                                                                    "
  25711.890, -46288.100,-6.0303E-01, 3.5388E+00,-3.5645E-01, 2.5171E+00, 6.2134E-01, 5.8923E+00,-3.3936E-01, 6.1804E+00
"F2                                                                                                                    "
  25712.730, -46287.260,-6.0791E-01, 3.5388E+00,-3.5156E-01, 2.5183E+00, 5.0171E-01, 5.7239E+00,-3.3813E-01, 6.1804E+00
"B                                                                                                                     "
  25715.460, -46284.530,-6.0181E-01, 3.5388E+00,-3.5278E-01, 2.5183E+00, 6.7993E-01, 5.8093E+00,-3.3813E-01, 6.1804E+00
"C                                                                                                                     "
  25717.080, -46282.910,-6.0547E-01, 3.5388E+00,-3.5522E-01, 2.5183E+00, 7.4707E-01, 5.9595E+00,-3.3936E-01, 6.1792E+00
"DG                                                                                                                    "
  25741.860, -46258.130,-6.1157E-01, 3.5376E+00,-3.5889E-01, 2.5183E+00, 6.2622E-01, 5.8862E+00,-3.4180E-01, 6.1792E+00
"F2                                                                                                                    "
  25742.460, -46257.530,-6.0181E-01, 3.5388E+00,-3.4668E-01, 2.5317E+00, 5.5542E-01, 5.7556E+00,-3.3936E-01, 6.1792E+00
"F4                                                                                                                    "
  25744.710, -46255.280,-6.0791E-01, 3.5376E+00,-3.3936E-01, 2.5500E+00, 5.4565E-01, 5.7336E+00,-3.3936E-01, 6.1792E+00
"G                                                                                                                     "
  26056.380, -45943.610,-6.0059E-01, 3.5400E+00,-3.5522E-01, 2.5183E+00, 7.5195E-01, 5.9216E+00,-3.3691E-01, 6.1816E+00
"C                                                                                                                     "
  26057.100, -45942.890,-6.0547E-01, 3.5400E+00,-3.5522E-01, 2.5195E+00, 7.6904E-01, 5.9888E+00,-3.3936E-01, 6.1816E+00
"G                                                                                                                     "
  26331.510, -45668.480,-6.0547E-01, 3.5376E+00,-3.5522E-01, 2.5171E+00, 5.0781E-01, 5.7275E+00,-3.3936E-01, 6.1780E+00
"B                                                                                                                     "
  26332.980, -45667.010,-6.1035E-01, 3.5376E+00,-3.5767E-01, 2.5171E+00, 7.2510E-01, 5.9705E+00,-3.4058E-01, 6.1792E+00
"D                                                                                                                     "
  26333.910, -45666.080,-6.0547E-01, 3.5364E+00,-3.5400E-01, 2.5171E+00, 8.4473E-01, 6.0608E+00,-3.3569E-01, 6.1780E+00
"DG                                                                                                                    "
  26382.990, -45617.000,-6.0547E-01, 3.5376E+00,-3.5400E-01, 2.5171E+00, 7.0313E-01, 5.9424E+00,-3.3936E-01, 6.1792E+00
"F4                                                                                                                    "
  26386.290, -45613.700,-6.1035E-01, 3.5364E+00,-3.6011E-01, 2.5171E+00, 6.2622E-01, 5.8508E+00,-3.4180E-01, 6.1792E+00
"G                                                                                                                     "
  26604.690, -45395.300,-6.0181E-01, 3.5388E+00,-3.5278E-01, 2.5171E+00, 5.6885E-01, 5.7715E+00,-3.3447E-01, 6.1816E+00
"B                                                                                                                     "
  26606.580, -45393.410,-6.0913E-01, 3.5400E+00,-3.5767E-01, 2.5171E+00, 8.4351E-01, 6.0803E+00,-3.3813E-01, 6.1816E+00
"C                                                                                                                     "
  26607.780, -45392.210,-6.0059E-01, 3.5400E+00,-3.5522E-01, 2.5171E+00, 8.1543E-01, 6.0229E+00,-3.3569E-01, 6.1829E+00
"DG                                                                                                                    "
  26652.180, -45347.810,-6.0913E-01, 3.5388E+00,-3.5767E-01, 2.5171E+00, 6.9824E-01, 5.9167E+00,-3.3813E-01, 6.1816E+00
"F2                                                                                                                    "
  26653.320, -45346.670,-6.0425E-01, 3.5400E+00,-3.5400E-01, 2.5171E+00, 6.2622E-01, 5.8337E+00,-3.3447E-01, 6.1816E+00
"F4                                                                                                                    "
  26655.120, -45344.870,-6.0303E-01, 3.5400E+00,-3.5645E-01, 2.5159E+00, 6.2500E-01, 5.7996E+00,-3.3691E-01, 6.1816E+00
"DG                                                                                                                    "
  26988.810, -45011.180,-6.0669E-01, 3.5376E+00,-3.6011E-01, 2.5171E+00, 5.4932E-01, 5.7861E+00,-3.3936E-01, 6.1792E+00
"F2                                                                                                                    "
  26989.200, -45010.790,-6.0913E-01, 3.5364E+00,-3.5400E-01, 2.5171E+00, 6.1890E-01, 5.8240E+00,-3.3813E-01, 6.1792E+00
"F4                                                                                                                    "
  26991.330, -45008.660,-6.0669E-01, 3.5364E+00,-3.5889E-01, 2.5171E+00, 6.1646E-01, 5.8032E+00,-3.4302E-01, 6.1792E+00
"FB                                                                                                                    "
  27034.110, -44965.880,-6.1157E-01, 3.5376E+00,-3.6011E-01, 2.5171E+00, 9.3628E-01, 6.0449E+00,-3.3936E-01, 6.1792E+00
"D                                                                                                                     "
  27052.980, -44947.010,-6.0791E-01, 3.5376E+00,-3.5767E-01, 2.5159E+00, 5.5542E-01, 5.7703E+00,-3.4058E-01, 6.1792E+00
"G                                                                                                                     "
  27480.150, -44519.840,-6.0669E-01, 3.5388E+00,-3.5522E-01, 2.5183E+00, 4.1260E-01, 5.6665E+00,-3.3813E-01, 6.1792E+00
"C                                                                                                                     "
  27483.750, -44516.240,-6.0669E-01, 3.5376E+00,-3.5400E-01, 2.5183E+00, 7.4463E-01, 5.9497E+00,-3.3813E-01, 6.1792E+00
"D                                                                                                                     "
  27507.060, -44492.930,-6.0547E-01, 3.5376E+00,-3.5278E-01, 2.5171E+00, 7.2754E-01, 5.9961E+00,-3.3813E-01, 6.1792E+00
"F2                                                                                                                    "
  27507.930, -44492.060,-6.0425E-01, 3.5388E+00,-3.5522E-01, 2.5183E+00, 6.0303E-01, 5.8228E+00,-3.3691E-01, 6.1792E+00
"F4                                                                                                                    "
  27509.640, -44490.350,-6.0791E-01, 3.5376E+00,-3.5522E-01, 2.5183E+00, 5.8350E-01, 5.7983E+00,-3.3813E-01, 6.1792E+00
"B                                                                                                                     "
  27512.820, -44487.170,-6.0669E-01, 3.5376E+00,-3.5767E-01, 2.5183E+00, 1.0608E+00, 6.2585E+00,-3.4058E-01, 6.1792E+00
"D                                                                                                                     "
  27528.810, -44471.180,-6.0669E-01, 3.5376E+00,-3.5522E-01, 2.5171E+00, 6.3843E-01, 5.9106E+00,-3.3691E-01, 6.1792E+00
"F2                                                                                                                    "
  27529.740, -44470.250,-6.1157E-01, 3.5376E+00,-3.5400E-01, 2.5183E+00, 5.5786E-01, 5.7861E+00,-3.3936E-01, 6.1792E+00
"F4                                                                                                                    "
  27531.030, -44468.960,-6.0425E-01, 3.5376E+00,-3.5522E-01, 2.5171E+00, 6.0547E-01, 5.8105E+00,-3.3813E-01, 6.1792E+00
"F2                                                                                                                    "
  27531.660, -44468.330,-6.0059E-01, 3.5376E+00,-3.5645E-01, 2.5183E+00, 5.6152E-01, 5.7605E+00,-3.3813E-01, 6.1792E+00
"F4                                                                                                                    "
  27535.020, -44464.970,-6.0913E-01, 3.5376E+00,-3.5767E-01, 2.5171E+00, 6.6650E-01, 5.9058E+00,-3.4058E-01, 6.1792E+00
"G                                                                                                                     "
  28062.480, -43937.510,-6.0669E-01, 3.5388E+00,-3.5767E-01, 2.5183E+00, 4.2236E-01, 5.6519E+00,-3.4058E-01, 6.1804E+00
"C                                                                                                                     "
  28063.620, -43936.370,-6.0669E-01, 3.5376E+00,-3.5522E-01, 2.5183E+00, 7.9712E-01, 6.0059E+00,-3.3813E-01, 6.1792E+00
"D                                                                                                                     "
  28107.810, -43892.180,-6.0791E-01, 3.5376E+00,-3.5767E-01, 2.5159E+00, 4.9561E-01, 5.7434E+00,-3.3936E-01, 6.1792E+00
"F2                                                                                                                    "
  28108.770, -43891.220,-6.0547E-01, 3.5364E+00,-3.5522E-01, 2.5159E+00, 4.8218E-01, 5.6934E+00,-3.3813E-01, 6.1792E+00
"F4                                                                                                                    "
  28113.660, -43886.330,-6.0669E-01, 3.5364E+00,-3.6133E-01, 2.5171E+00, 6.2866E-01, 5.8606E+00,-3.3813E-01, 6.1780E+00
"G                                                                                                                     "
  28812.930, -43187.060,-6.0913E-01, 3.5376E+00,-3.5767E-01, 2.5171E+00, 3.6865E-01, 5.5664E+00,-3.4058E-01, 6.1792E+00
"B                                                                                                                     "
  28814.520, -43185.470,-6.0669E-01, 3.5376E+00,-3.5645E-01, 2.5171E+00, 7.1045E-01, 5.9302E+00,-3.4058E-01, 6.1780E+00
"C                                                                                                                     "
  28821.690, -43178.300,-6.0791E-01, 3.5376E+00,-3.5889E-01, 2.5159E+00, 8.1299E-01, 6.0339E+00,-3.4058E-01, 6.1780E+00
"C                                                                                                                     "
  28826.460, -43173.530,-6.0303E-01, 3.5376E+00,-3.5522E-01, 2.5171E+00, 6.4209E-01, 5.8557E+00,-3.4058E-01, 6.1792E+00
"B                                                                                                                     "
  28827.630, -43172.360,-6.0547E-01, 3.5376E+00,-3.5645E-01, 2.5159E+00, 5.7129E-01, 5.7959E+00,-3.4058E-01, 6.1780E+00
"F2                                                                                                                    "
  28827.960, -43172.030,-6.0547E-01, 3.5376E+00,-3.5645E-01, 2.5171E+00, 5.5664E-01, 5.7825E+00,-3.4180E-01, 6.1780E+00
"B                                                                                                                     "
  28829.160, -43170.830,-6.0669E-01, 3.5364E+00,-3.5400E-01, 2.5183E+00, 5.5542E-01, 5.7739E+00,-3.3936E-01, 6.1780E+00
"F2                                                                                                                    "
  28830.360, -43169.630,-6.0547E-01, 3.5388E+00,-3.5400E-01, 2.5183E+00, 3.3691E-01, 5.5579E+00,-3.4180E-01, 6.1780E+00
"F4                                                                                                                    "
  28831.470, -43168.520,-6.0669E-01, 3.5376E+00,-3.5645E-01, 2.5195E+00, 3.5400E-01, 5.5750E+00,-3.4058E-01, 6.1780E+00
"FB                                                                                                                    "
  28834.170, -43165.820,-6.0547E-01, 3.5376E+00,-3.5889E-01, 2.5171E+00, 5.2124E-01, 5.7434E+00,-3.4058E-01, 6.1780E+00
"C                                                                                                                     "
  28835.100, -43164.890,-6.0547E-01, 3.5364E+00,-3.5645E-01, 2.5171E+00, 6.3232E-01, 5.8533E+00,-3.4180E-01, 6.1780E+00
"D                                                                                                                     "
  28875.630, -43124.360,-6.0425E-01, 3.5376E+00,-3.5889E-01, 2.5171E+00, 9.2529E-01, 6.0840E+00,-3.3813E-01, 6.1780E+00
"F1                                                                                                                    "
  28876.380, -43123.610,-6.0425E-01, 3.5388E+00,-3.5522E-01, 2.5171E+00, 7.2632E-01, 5.9460E+00,-3.3813E-01, 6.1792E+00
"B                                                                                                                     "
  28877.910, -43122.080,-6.0791E-01, 3.5376E+00,-3.5400E-01, 2.5171E+00, 6.1401E-01, 5.8179E+00,-3.3936E-01, 6.1780E+00
"2                                                                                                                     "
  28878.990, -43121.000,-6.0913E-01, 3.5376E+00,-3.5645E-01, 2.5171E+00, 5.2979E-01, 5.7324E+00,-3.4058E-01, 6.1780E+00
"F4                                                                                                                    "
  28885.290, -43114.700,-6.0547E-01, 3.5376E+00,-3.5522E-01, 2.5171E+00, 6.4331E-01, 5.8826E+00,-3.3813E-01, 6.1792E+00
"DG                                                                                                                    "
  28943.790, -43056.200,-6.0303E-01, 3.5388E+00,-3.5400E-01, 2.5183E+00, 5.0781E-01, 5.7410E+00,-3.3813E-01, 6.1792E+00
"F4                                                                                                                    "
  28949.940, -43050.050,-6.0303E-01, 3.5388E+00,-3.5522E-01, 2.5171E+00, 6.1523E-01, 5.8276E+00,-3.4058E-01, 6.1792E+00
"G                                                                                                                     "
  29200.420, -42799.570,-6.0181E-01, 3.5413E+00,-3.5278E-01, 2.5195E+00, 4.7485E-01, 5.6726E+00,-3.3936E-01, 6.1804E+00
"C                                                                                                                     "
  29207.770, -42792.220,-6.0425E-01, 3.5400E+00,-3.5645E-01, 2.5183E+00, 8.0811E-01, 6.0205E+00,-3.3813E-01, 6.1816E+00
"DG                                                                                                                    "
  29228.290, -42771.700,-6.0425E-01, 3.5400E+00,-3.5522E-01, 2.5183E+00, 6.1401E-01, 5.8350E+00,-3.4058E-01, 6.1804E+00
"F2                                                                                                                    "
  29228.830, -42771.160,-6.0303E-01, 3.5400E+00,-3.5645E-01, 2.5183E+00, 6.0669E-01, 5.8313E+00,-3.3691E-01, 6.1804E+00
"F4                                                                                                                    "
  29231.290, -42768.700,-5.9937E-01, 3.5400E+00,-3.5767E-01, 2.5183E+00, 4.7485E-01, 5.6946E+00,-3.3936E-01, 6.1804E+00
"F3                                                                                                                    "
  29232.490, -42767.500,-6.0547E-01, 3.5413E+00,-3.5522E-01, 2.5183E+00, 5.8838E-01, 5.8203E+00,-3.3691E-01, 6.1804E+00
"F4                                                                                                                    "
  29235.430, -42764.560,-6.0547E-01, 3.5400E+00,-3.5645E-01, 2.5183E+00, 5.9570E-01, 5.8630E+00,-3.3936E-01, 6.1804E+00
"G                                                                                                                     "
  29406.460, -42593.530,-6.0425E-01, 3.5388E+00,-3.6011E-01, 2.5171E+00, 5.8228E-01, 5.8142E+00,-3.3936E-01, 6.1792E+00
"FB                                                                                                                    "
  29407.720, -42592.270,-6.0669E-01, 3.5376E+00,-3.5645E-01, 2.5171E+00, 8.2397E-01, 5.9985E+00,-3.3936E-01, 6.1792E+00
"C                                                                                                                     "
  29410.810, -42589.180,-6.0547E-01, 3.5376E+00,-3.6255E-01, 2.5134E+00, 8.0566E-01, 6.0413E+00,-3.4180E-01, 6.1792E+00
"DG                                                                                                                    "
  29431.660, -42568.330,-6.1035E-01, 3.5376E+00,-3.5889E-01, 2.5171E+00, 8.9355E-01, 6.1206E+00,-3.3936E-01, 6.1780E+00
"G                                                                                                                     "
  29605.210, -42394.780,-6.0669E-01, 3.5376E+00,-3.5767E-01, 2.5183E+00, 5.3101E-01, 5.7397E+00,-3.3813E-01, 6.1804E+00
"F4                                                                                                                    "
  29607.430, -42392.560,-6.0791E-01, 3.5376E+00,-3.5767E-01, 2.5183E+00, 5.6152E-01, 5.8069E+00,-3.3936E-01, 6.1792E+00
"B                                                                                                                     "
  29612.110, -42387.880,-6.0547E-01, 3.5376E+00,-3.5767E-01, 2.5183E+00, 5.8350E-01, 5.8215E+00,-3.4058E-01, 6.1804E+00
"C                                                                                                                     "
  29613.250, -42386.740,-6.0425E-01, 3.5376E+00,-3.5400E-01, 2.5183E+00, 5.5176E-01, 5.6396E+00,-3.3936E-01, 6.1804E+00
"DG                                                                                                                    "
  29684.980, -42315.010,-6.0425E-01, 3.5388E+00,-3.5522E-01, 2.5183E+00, 8.8623E-01, 6.1060E+00,-3.3936E-01, 6.1816E+00
"G                                                                                                                     "
  30824.590, -41175.400,-6.0913E-01, 3.5364E+00,-3.5645E-01, 2.5171E+00, 5.6274E-01, 5.7300E+00,-3.4058E-01, 6.1780E+00
"C                                                                                                                     "
  30826.270, -41173.720,-6.0791E-01, 3.5364E+00,-3.5767E-01, 2.5183E+00, 5.8960E-01, 5.7910E+00,-3.3936E-01, 6.1780E+00
"DG                                                                                                                    "
  30843.400, -41156.590,-6.0791E-01, 3.5364E+00,-3.5645E-01, 2.5171E+00, 4.5898E-01, 5.6592E+00,-3.4058E-01, 6.1780E+00
"F4                                                                                                                    "
  30844.510, -41155.480,-6.1157E-01, 3.5364E+00,-3.5645E-01, 2.5171E+00, 4.7119E-01, 5.7410E+00,-3.3813E-01, 6.1780E+00
"F2                                                                                                                    "
  30845.260, -41154.730,-6.0547E-01, 3.5364E+00,-3.5645E-01, 2.5183E+00, 4.7729E-01, 5.6580E+00,-3.4058E-01, 6.1780E+00
"F4                                                                                                                    "
  30846.700, -41153.290,-6.0791E-01, 3.5364E+00,-3.5645E-01, 2.5171E+00, 7.1167E-01, 5.8984E+00,-3.4180E-01, 6.1780E+00
"D                                                                                                                     "
  30847.480, -41152.510,-6.0791E-01, 3.5376E+00,-3.5767E-01, 2.5171E+00, 2.0508E-01, 5.3821E+00,-3.4180E-01, 6.1780E+00
"C                                                                                                                     "
  30847.570, -41152.420,-6.0791E-01, 3.5364E+00,-3.5522E-01, 2.5183E+00, 4.8828E-01, 5.7007E+00,-3.4058E-01, 6.1780E+00
"DG                                                                                                                    "
  30869.200, -41130.790,-6.0791E-01, 3.5364E+00,-3.5767E-01, 2.5171E+00, 5.3223E-01, 5.7446E+00,-3.3936E-01, 6.1780E+00
"DG                                                                                                                    "
  31427.220, -40572.770,-6.0669E-01, 3.5376E+00,-3.5522E-01, 2.5195E+00, 4.2114E-01, 5.6396E+00,-3.4180E-01, 6.1804E+00
"F4                                                                                                                    "
  31432.470, -40567.520,-6.0791E-01, 3.5376E+00,-3.5522E-01, 2.5183E+00, 6.3354E-01, 5.8691E+00,-3.4058E-01, 6.1804E+00
"B                                                                                                                     "
  31434.690, -40565.300,-6.0547E-01, 3.5376E+00,-3.5400E-01, 2.5195E+00, 5.0049E-01, 5.6982E+00,-3.4058E-01, 6.1804E+00
"C                                                                                                                     "
  31435.590, -40564.400,-6.0913E-01, 3.5376E+00,-3.5522E-01, 2.5195E+00, 5.7495E-01, 5.8362E+00,-3.4058E-01, 6.1792E+00
"B                                                                                                                     "
  31437.900, -40562.090,-6.0425E-01, 3.5376E+00,-3.5767E-01, 2.5195E+00, 5.0415E-01, 5.7373E+00,-3.3813E-01, 6.1804E+00
"DG                                                                                                                    "
  31481.730, -40518.260,-6.0547E-01, 3.5376E+00,-3.5645E-01, 2.5183E+00, 7.7026E-01, 5.9961E+00,-3.4058E-01, 6.1780E+00
"D                                                                                                                     "
  31482.720, -40517.270,-6.0913E-01, 3.5376E+00,-3.5645E-01, 2.5183E+00, 8.4595E-01, 6.0645E+00,-3.4180E-01, 6.1780E+00
"CG                                                                                                                    "
  31489.560, -40510.430,-6.0913E-01, 3.5364E+00,-3.5889E-01, 2.5183E+00, 8.0688E-01, 6.0229E+00,-3.4302E-01, 6.1780E+00
"G                                                                                                                     "
  32002.440, -39997.550,-6.0547E-01, 3.5400E+00,-3.5400E-01, 2.5208E+00, 1.1597E-01, 5.6213E+00,-3.3813E-01, 6.1816E+00
"CG                                                                                                                    "
  32008.620, -39991.370,-6.0547E-01, 3.5388E+00,-3.5645E-01, 2.5208E+00,-1.8555E-01, 5.0476E+00,-3.3936E-01, 6.1816E+00
"G                                                                                                                     "
  32020.380, -39979.610,-6.0425E-01, 3.5400E+00,-3.5156E-01, 2.5208E+00, 5.6519E-01, 5.7861E+00,-3.3569E-01, 6.1816E+00
"FB                                                                                                                    "
  32025.780, -39974.210,-6.0181E-01, 3.5400E+00,-3.5645E-01, 2.5208E+00, 5.1270E-01, 5.7324E+00,-3.3936E-01, 6.1816E+00
"CG                                                                                                                    "
  32028.690, -39971.300,-6.0425E-01, 3.5400E+00,-3.5400E-01, 2.5208E+00, 8.5083E-01, 6.0754E+00,-3.4058E-01, 6.1816E+00
"G                                                                                                                     "
  32367.000, -39632.990,-6.0669E-01, 3.5364E+00,-3.5889E-01, 2.5183E+00, 5.7983E-01, 5.8325E+00,-3.4180E-01, 6.1792E+00
"C                                                                                                                     "
  32369.550, -39630.440,-6.0791E-01, 3.5364E+00,-3.5767E-01, 2.5183E+00, 7.3364E-01, 5.9424E+00,-3.4180E-01, 6.1780E+00
"DG                                                                                                                    "
  32379.000, -39620.990,-6.1035E-01, 3.5364E+00,-3.5522E-01, 2.5195E+00, 4.9072E-01, 5.7117E+00,-3.4058E-01, 6.1780E+00
"F4                                                                                                                    "
  32382.180, -39617.810,-6.0547E-01, 3.5364E+00,-3.5889E-01, 2.5183E+00, 4.8950E-01, 5.7080E+00,-3.3936E-01, 6.1780E+00
"F2                                                                                                                    "
  32383.260, -39616.730,-6.1035E-01, 3.5364E+00,-3.5400E-01, 2.5183E+00, 6.2256E-01, 5.8411E+00,-3.4180E-01, 6.1780E+00
"B                                                                                                                     "
  32387.310, -39612.680,-6.0913E-01, 3.5364E+00,-3.5400E-01, 2.5183E+00, 3.2471E-01, 5.5505E+00,-3.3936E-01, 6.1780E+00
"D                                                                                                                     "
  33739.830, -38260.160,-6.0425E-01, 3.5400E+00,-3.5278E-01, 2.5220E+00, 4.6631E-01, 5.6726E+00,-3.3447E-01, 6.1816E+00
"D                                                                                                                     "
  33745.770, -38254.220,-6.0303E-01, 3.5388E+00,-3.5400E-01, 2.5220E+00, 8.1055E-01, 6.0327E+00,-3.3569E-01, 6.1816E+00
"C                                                                                                                     "
  33749.670, -38250.320,-6.0425E-01, 3.5400E+00,-3.5400E-01, 2.5208E+00,-2.5879E-01, 4.9731E+00,-3.3447E-01, 6.1816E+00
"CG                                                                                                                    "
  33757.410, -38242.580,-6.0303E-01, 3.5400E+00,-3.5156E-01, 2.5220E+00, 4.7119E-01, 5.6873E+00,-3.3569E-01, 6.1816E+00
"F4                                                                                                                    "
  33759.570, -38240.420,-6.0059E-01, 3.5400E+00,-3.5400E-01, 2.5220E+00, 4.1504E-01, 5.6213E+00,-3.3813E-01, 6.1816E+00
"F2                                                                                                                    "
  33761.340, -38238.650,-6.0425E-01, 3.5388E+00,-3.5278E-01, 2.5220E+00, 5.2856E-01, 5.7227E+00,-3.3691E-01, 6.1816E+00
"F4                                                                                                                    "
  33762.210, -38237.780,-6.0181E-01, 3.5400E+00,-3.5278E-01, 2.5208E+00, 7.5684E-01, 5.9570E+00,-3.3569E-01, 6.1816E+00
"B                                                                                                                     "
  33763.560, -38236.430,-6.0303E-01, 3.5388E+00,-3.5156E-01, 2.5220E+00, 3.7109E-01, 5.5957E+00,-3.3447E-01, 6.1816E+00
"G                                                                                                                     "
  34062.600, -37937.390,-6.0669E-01, 3.5364E+00,-3.5522E-01, 2.5195E+00, 5.7251E-01, 5.7874E+00,-3.4058E-01, 6.1780E+00
"C                                                                                                                     "
  34067.700, -37932.290,-6.0547E-01, 3.5364E+00,-3.5522E-01, 2.5195E+00, 9.0454E-01, 6.1182E+00,-3.4302E-01, 6.1780E+00
"DG                                                                                                                    "
  34108.920, -37891.070,-6.0913E-01, 3.5364E+00,-3.5400E-01, 2.5195E+00, 5.5786E-01, 5.8069E+00,-3.3813E-01, 6.1780E+00
"F4                                                                                                                    "
  34113.900, -37886.090,-6.1035E-01, 3.5364E+00,-3.5400E-01, 2.5195E+00, 6.0791E-01, 5.8337E+00,-3.4058E-01, 6.1780E+00
"B                                                                                                                     "
  34122.600, -37877.390,-6.0791E-01, 3.5364E+00,-3.5522E-01, 2.5195E+00, 5.6274E-01, 5.7739E+00,-3.3936E-01, 6.1780E+00
"C                                                                                                                     "
  34123.680, -37876.310,-6.1157E-01, 3.5364E+00,-3.5400E-01, 2.5195E+00, 6.2744E-01, 5.8423E+00,-3.3936E-01, 6.1768E+00
"CG                                                                                                                    "
  34140.060, -37859.930,-6.0913E-01, 3.5364E+00,-3.5400E-01, 2.5195E+00, 7.3975E-01, 5.9985E+00,-3.3813E-01, 6.1768E+00
"DG                                                                                                                    "
  34156.620, -37843.370,-6.0791E-01, 3.5364E+00,-3.5645E-01, 2.5195E+00, 6.0547E-01, 5.8215E+00,-3.4180E-01, 6.1768E+00
"F4                                                                                                                    "
  34162.710, -37837.280,-6.0791E-01, 3.5364E+00,-3.5889E-01, 2.5195E+00, 5.5298E-01, 5.8044E+00,-3.4302E-01, 6.1768E+00
"B                                                                                                                     "
  34164.360, -37835.630,-6.0669E-01, 3.5352E+00,-3.5645E-01, 2.5195E+00, 7.0679E-01, 5.8105E+00,-3.4546E-01, 6.1768E+00
"C                                                                                                                     "
  34165.440, -37834.550,-6.0913E-01, 3.5364E+00,-3.5645E-01, 2.5183E+00, 6.6162E-01, 5.8667E+00,-3.4058E-01, 6.1768E+00
"G                                                                                                                     "
  34385.760, -37614.230,-6.0669E-01, 3.5388E+00,-3.5156E-01, 2.5208E+00, 7.4829E-01, 5.9766E+00,-3.3813E-01, 6.1804E+00
"C                                                                                                                     "
  34390.770, -37609.220,-6.0669E-01, 3.5376E+00,-3.5767E-01, 2.5195E+00, 9.4971E-01, 6.1377E+00,-3.3936E-01, 6.1804E+00
"G                                                                                                                     "
  34397.760, -37602.230,-6.0303E-01, 3.5388E+00,-3.5278E-01, 2.5208E+00, 6.1401E-01, 5.8472E+00,-3.3813E-01, 6.1804E+00
"F4                                                                                                                    "
  34401.690, -37598.300,-6.0425E-01, 3.5376E+00,-3.5522E-01, 2.5195E+00, 6.9946E-01, 5.8960E+00,-3.3813E-01, 6.1792E+00
"FB                                                                                                                    "
  34408.170, -37591.820,-6.0425E-01, 3.5388E+00,-3.5278E-01, 2.5208E+00, 5.7129E-01, 5.7874E+00,-3.3569E-01, 6.1804E+00
"C                                                                                                                     "
  34409.070, -37590.920,-6.0547E-01, 3.5388E+00,-3.5278E-01, 2.5208E+00, 6.9580E-01, 5.9399E+00,-3.4058E-01, 6.1804E+00
"D                                                                                                                     "
  34426.560, -37573.430,-6.0547E-01, 3.5388E+00,-3.5278E-01, 2.5220E+00, 5.3589E-01, 5.7471E+00,-3.3691E-01, 6.1816E+00
"F4                                                                                                                    "
  34434.840, -37565.150,-6.0425E-01, 3.5400E+00,-3.5278E-01, 2.5208E+00, 5.5054E-01, 5.8484E+00,-3.3813E-01, 6.1804E+00
"B                                                                                                                     "
  34436.070, -37563.920,-6.0425E-01, 3.5400E+00,-3.5522E-01, 2.5208E+00, 7.5195E-01, 5.9631E+00,-3.3813E-01, 6.1804E+00
"C                                                                                                                     "
  34436.730, -37563.260,-6.0669E-01, 3.5388E+00,-3.5400E-01, 2.5208E+00, 9.1553E-01, 6.1682E+00,-3.3691E-01, 6.1804E+00
"G                                                                                                                     "
  34450.530, -37549.460,-6.0059E-01, 3.5400E+00,-3.5156E-01, 2.5208E+00, 7.0068E-01, 5.9766E+00,-3.3691E-01, 6.1804E+00
"F4                                                                                                                    "
  34454.640, -37545.350,-6.0425E-01, 3.5400E+00,-3.5522E-01, 2.5208E+00, 5.9082E-01, 5.8105E+00,-3.3936E-01, 6.1816E+00
"F2                                                                                                                    "
  34455.630, -37544.360,-6.0669E-01, 3.5388E+00,-3.5400E-01, 2.5208E+00, 5.9082E-01, 5.8313E+00,-3.3569E-01, 6.1804E+00
"F3                                                                                                                    "
  34456.290, -37543.700,-6.0059E-01, 3.5400E+00,-3.5400E-01, 2.5208E+00, 7.5928E-01, 5.9790E+00,-3.3813E-01, 6.1816E+00
"F4                                                                                                                    "
  34457.100, -37542.890,-6.0303E-01, 3.5400E+00,-3.5278E-01, 2.5208E+00, 6.6162E-01, 5.8960E+00,-3.3936E-01, 6.1804E+00
"G                                                                                                                     "
  35031.960, -36968.030,-6.0669E-01, 3.5376E+00,-3.5522E-01, 2.5195E+00, 4.3823E-01, 5.7080E+00,-3.3936E-01, 6.1780E+00
"C                                                                                                                     "
  35037.270, -36962.720,-6.0303E-01, 3.5388E+00,-3.5522E-01, 2.5208E+00, 1.0168E+00, 6.2244E+00,-3.3813E-01, 6.1780E+00
"G                                                                                                                     "
  35046.660, -36953.330,-6.0791E-01, 3.5376E+00,-3.5156E-01, 2.5208E+00, 5.8594E-01, 5.8044E+00,-3.3813E-01, 6.1780E+00
"B                                                                                                                     "
  35048.730, -36951.260,-6.0669E-01, 3.5364E+00,-3.5645E-01, 2.5208E+00, 6.1035E-01, 5.8667E+00,-3.4180E-01, 6.1780E+00
"F2                                                                                                                    "
  35049.810, -36950.180,-6.0669E-01, 3.5364E+00,-3.5645E-01, 2.5208E+00, 7.7637E-01, 5.9399E+00,-3.4180E-01, 6.1780E+00
"B                                                                                                                     "
  35050.860, -36949.130,-6.0425E-01, 3.5376E+00,-3.5767E-01, 2.5208E+00, 5.3223E-01, 5.7324E+00,-3.4180E-01, 6.1780E+00
"F2                                                                                                                    "
  35051.370, -36948.620,-6.0547E-01, 3.5376E+00,-3.5645E-01, 2.5208E+00, 6.8848E-01, 5.8313E+00,-3.4058E-01, 6.1780E+00
"C                                                                                                                     "
  35052.750, -36947.240,-6.0791E-01, 3.5364E+00,-3.5522E-01, 2.5195E+00, 7.4585E-01, 5.9497E+00,-3.4302E-01, 6.1780E+00
"G                                                                                                                     "
  35116.530, -36883.460,-6.0669E-01, 3.5364E+00,-3.5522E-01, 2.5195E+00, 5.4932E-01, 5.7813E+00,-3.4424E-01, 6.1780E+00
"F4                                                                                                                    "
  35124.930, -36875.060,-6.0791E-01, 3.5364E+00,-3.5645E-01, 2.5195E+00, 5.8594E-01, 5.8252E+00,-3.4302E-01, 6.1780E+00
"FB                                                                                                                    "
  35126.640, -36873.350,-6.0913E-01, 3.5364E+00,-3.5522E-01, 2.5195E+00, 6.2500E-01, 5.7629E+00,-3.4302E-01, 6.1780E+00
"C                                                                                                                     "
  35127.360, -36872.630,-6.0669E-01, 3.5364E+00,-3.5645E-01, 2.5195E+00, 7.1045E-01, 5.9058E+00,-3.4424E-01, 6.1780E+00
"G                                                                                                                     "
  36000.000, -35944.760,-6.0547E-01, 3.5376E+00,-3.5522E-01, 2.5208E+00, 4.2603E-01, 5.7166E+00,-3.4180E-01, 6.1792E+00
