"NP                                                                                                                    "
   2433.180, -69566.810,-6.0547E-01, 3.5400E+00,-3.5278E-01, 2.5208E+00, 3.7354E-01, 5.5823E+00,-3.1006E-01, 6.2085E+00
"P                                                                                                                     "
   2507.250, -69492.740,-6.0425E-01, 3.5425E+00,-3.5400E-01, 2.5220E+00,-1.7090E-02, 5.2124E+00,-2.9541E-01, 6.2231E+00
"B2                                                                                                                    "
   2511.930, -69488.060,-5.9448E-01, 3.5413E+00,-3.5400E-01, 2.5208E+00,-3.5400E-02, 5.1685E+00,-2.9297E-01, 6.2231E+00
"P                                                                                                                     "
   2538.420, -69461.570,-5.9326E-01, 3.5498E+00,-3.5767E-01, 2.5220E+00, 3.0762E-01, 5.5322E+00,-2.9419E-01, 6.2231E+00
"C                                                                                                                     "
   2546.190, -69453.800,-5.8716E-01, 3.5596E+00,-3.5522E-01, 2.5208E+00, 2.6611E-01, 5.4895E+00,-2.9297E-01, 6.2244E+00
"D                                                                                                                     "
   2570.370, -69429.620,-5.6885E-01, 3.5718E+00,-3.5400E-01, 2.5220E+00, 3.5156E-01, 5.5640E+00,-2.8931E-01, 6.2256E+00
"F2                                                                                                                    "
   2574.300, -69425.690,-5.7495E-01, 3.5693E+00,-3.5645E-01, 2.5208E+00, 2.2827E-01, 5.4443E+00,-2.9419E-01, 6.2256E+00
"B                                                                                                                     "
   2579.400, -69420.590,-5.7129E-01, 3.5693E+00,-3.5400E-01, 2.5220E+00, 1.3916E-01, 5.3662E+00,-2.9297E-01, 6.2244E+00
"FB                                                                                                                    "
   2589.330, -69410.660,-5.7373E-01, 3.5681E+00,-3.5278E-01, 2.5220E+00, 7.9102E-01, 5.9143E+00,-2.9419E-01, 6.2219E+00
"FB                                                                                                                    "
   2613.090, -69386.900,-5.7739E-01, 3.5669E+00,-3.4668E-01, 2.5293E+00, 3.9551E-01, 5.5566E+00,-2.9053E-01, 6.2231E+00
"C                                                                                                                     "
   2624.880, -69375.110,-5.7373E-01, 3.5669E+00,-3.4790E-01, 2.5256E+00, 6.0425E-01, 5.8411E+00,-2.9419E-01, 6.2231E+00
"D                                                                                                                     "
   2676.870, -69323.120,-5.8105E-01, 3.5645E+00,-3.5278E-01, 2.5232E+00, 7.8369E-01, 5.9937E+00,-3.0151E-01, 6.2183E+00
"F2                                                                                                                    "
   2679.960, -69320.030,-5.7861E-01, 3.5583E+00,-3.5034E-01, 2.5232E+00, 5.6885E-01, 5.7446E+00,-2.9907E-01, 6.2183E+00
"B                                                                                                                     "
   2683.290, -69316.700,-5.8472E-01, 3.5559E+00,-3.5400E-01, 2.5244E+00, 4.0527E-01, 5.6189E+00,-2.9907E-01, 6.2183E+00
"FB                                                                                                                    "
   2686.320, -69313.670,-5.8228E-01, 3.5535E+00,-3.5645E-01, 2.5232E+00, 7.9590E-01, 5.9949E+00,-3.0029E-01, 6.2170E+00
"D                                                                                                                     "
   2847.600, -69152.390,-5.7983E-01, 3.5620E+00,-3.5400E-01, 2.5220E+00, 1.0010E+00, 6.2183E+00,-3.1128E-01, 6.2061E+00
"F2                                                                                                                    "
   2851.440, -69148.550,-5.7983E-01, 3.5620E+00,-3.5278E-01, 2.5208E+00, 9.7290E-01, 6.2134E+00,-3.1128E-01, 6.2048E+00
"F3                                                                                                                    "
   2855.490, -69144.500,-5.8716E-01, 3.5632E+00,-3.5400E-01, 2.5208E+00, 9.7290E-01, 6.2097E+00,-3.1006E-01, 6.2048E+00
"F4                                                                                                                    "
   2856.750, -69143.240,-5.7617E-01, 3.5632E+00,-3.5522E-01, 2.5220E+00, 7.2388E-01, 5.9399E+00,-3.0884E-01, 6.2048E+00
"B                                                                                                                     "
   2861.010, -69138.980,-5.8594E-01, 3.5632E+00,-3.5767E-01, 2.5208E+00, 8.2520E-01, 6.1719E+00,-3.1494E-01, 6.2048E+00
"D                                                                                                                     "
   2905.320, -69094.670,-5.8472E-01, 3.5596E+00,-3.5889E-01, 2.5208E+00, 1.3330E+00, 6.5588E+00,-3.1372E-01, 6.2036E+00
"CG                                                                                                                    "
   3010.620, -68989.370,-5.8472E-01, 3.5535E+00,-3.5645E-01, 2.5195E+00, 7.5073E-01, 5.9460E+00,-3.1006E-01, 6.2036E+00
"C                                                                                                                     "
   3013.350, -68986.640,-5.8716E-01, 3.5559E+00,-3.5522E-01, 2.5195E+00, 1.1646E+00, 6.3733E+00,-3.1250E-01, 6.2024E+00
"D                                                                                                                     "
   3068.730, -68931.260,-5.9204E-01, 3.5571E+00,-3.5645E-01, 2.5195E+00, 1.3062E+00, 6.5454E+00,-3.1494E-01, 6.2036E+00
"CG                                                                                                                    "
   3118.470, -68881.520,-5.7739E-01, 3.5632E+00,-3.5767E-01, 2.5208E+00, 9.4482E-01, 6.1597E+00,-3.1616E-01, 6.2024E+00
"G                                                                                                                     "
   3192.180, -68807.810,-5.7983E-01, 3.5632E+00,-3.5278E-01, 2.5208E+00, 9.0698E-01, 6.1560E+00,-3.1006E-01, 6.2036E+00
"C                                                                                                                     "
   3195.780, -68804.210,-5.7739E-01, 3.5632E+00,-3.5400E-01, 2.5208E+00, 1.1182E+00, 6.3257E+00,-3.1372E-01, 6.2036E+00
"G                                                                                                                     "
   3210.150, -68789.840,-5.8228E-01, 3.5620E+00,-3.5278E-01, 2.5208E+00, 9.1309E-01, 6.1011E+00,-3.1006E-01, 6.2036E+00
"C                                                                                                                     "
   3213.240, -68786.750,-5.7983E-01, 3.5632E+00,-3.5278E-01, 2.5208E+00, 8.5571E-01, 6.0620E+00,-3.1372E-01, 6.2036E+00
"DG                                                                                                                    "
   3311.580, -68688.410,-5.8838E-01, 3.5608E+00,-3.5400E-01, 2.5220E+00, 6.4941E-01, 6.0645E+00,-2.9419E-01, 6.2207E+00
"B                                                                                                                     "
   3317.130, -68682.860,-5.7861E-01, 3.5596E+00,-3.5278E-01, 2.5220E+00, 1.0779E+00, 6.0889E+00,-3.0640E-01, 6.2085E+00
"C                                                                                                                     "
   3319.110, -68680.880,-5.8350E-01, 3.5583E+00,-3.5522E-01, 2.5220E+00, 1.0498E+00, 6.2402E+00,-3.0273E-01, 6.2122E+00
"D                                                                                                                     "
   3542.970, -68457.020,-5.8594E-01, 3.5571E+00,-3.5522E-01, 2.5208E+00, 1.0217E+00, 6.1768E+00,-3.1006E-01, 6.2048E+00
"C                                                                                                                     "
   3543.840, -68456.150,-5.8228E-01, 3.5583E+00,-3.5645E-01, 2.5208E+00, 1.1548E+00, 6.4465E+00,-3.1006E-01, 6.2048E+00
"D                                                                                                                     "
   4210.080, -67789.910,-5.8838E-01, 3.5559E+00,-3.5645E-01, 2.5208E+00, 1.0132E+00, 6.3013E+00,-3.0518E-01, 6.2073E+00
"B                                                                                                                     "
   4212.210, -67787.780,-5.8472E-01, 3.5559E+00,-3.5034E-01, 2.5208E+00, 5.6763E-01, 5.8057E+00,-3.1128E-01, 6.2073E+00
"C                                                                                                                     "
   4214.310, -67785.680,-5.8472E-01, 3.5535E+00,-3.5034E-01, 2.5220E+00, 9.9243E-01, 6.2109E+00,-3.0884E-01, 6.2073E+00
"D                                                                                                                     "
   4224.690, -67775.300,-5.9204E-01, 3.5559E+00,-3.5522E-01, 2.5220E+00, 1.0071E+00, 6.3098E+00,-3.1006E-01, 6.2073E+00
"B                                                                                                                     "
   4226.340, -67773.650,-5.8716E-01, 3.5547E+00,-3.5400E-01, 2.5208E+00, 7.9712E-01, 6.0181E+00,-3.0884E-01, 6.2085E+00
"C                                                                                                                     "
   4228.530, -67771.460,-5.9448E-01, 3.5547E+00,-3.5400E-01, 2.5220E+00, 1.0449E+00, 6.2744E+00,-3.1128E-01, 6.2085E+00
"D                                                                                                                     "
   4855.920, -67144.070,-5.8594E-01, 3.5535E+00,-3.5400E-01, 2.5208E+00, 8.6304E-01, 6.0632E+00,-3.0518E-01, 6.2061E+00
"C                                                                                                                     "
   4859.220, -67140.770,-5.8594E-01, 3.5535E+00,-3.5400E-01, 2.5208E+00, 1.5234E+00, 6.6980E+00,-3.1250E-01, 6.2061E+00
"D                                                                                                                     "
   4925.340, -67074.650,-6.1035E-01, 3.5388E+00,-3.5400E-01, 2.5208E+00, 9.5459E-01, 6.3025E+00,-2.7710E-01, 6.2256E+00
"B                                                                                                                     "
   4927.170, -67072.820,-5.9692E-01, 3.5400E+00,-3.5400E-01, 2.5208E+00, 7.7881E-01, 5.9863E+00,-3.1250E-01, 6.2036E+00
"D                                                                                                                     "
   4955.310, -67044.680,-1.1597E-01, 3.9355E+00,-3.4546E-01, 2.5342E+00, 1.0474E+00, 6.2744E+00,-3.1128E-01, 6.2048E+00
"F2                                                                                                                    "
   4957.950, -67042.040,-5.8472E-01, 3.5779E+00,-3.5645E-01, 2.5220E+00, 7.9102E-01, 6.0217E+00,-3.1372E-01, 6.2036E+00
"B                                                                                                                     "
   4962.930, -67037.060,-5.5908E-01, 3.6011E+00,-3.5278E-01, 2.5208E+00, 7.2632E-01, 5.8911E+00,-2.8442E-01, 6.2195E+00
"D                                                                                                                     "
   4989.030, -67010.960,-5.6885E-01, 3.5547E+00,-3.5767E-01, 2.5195E+00, 1.1963E+00, 6.3989E+00,-3.1250E-01, 6.2048E+00
"G                                                                                                                     "
   5042.820, -66957.170,-6.0059E-01, 3.5376E+00,-3.5645E-01, 2.5195E+00, 8.8989E-01, 6.1182E+00,-3.0884E-01, 6.2036E+00
"F2                                                                                                                    "
   5045.400, -66954.590,-6.0547E-01, 3.5376E+00,-3.5889E-01, 2.5183E+00, 8.3740E-01, 6.0547E+00,-3.1250E-01, 6.2036E+00
"G                                                                                                                     "
   5594.880, -66405.110,-5.9937E-01, 3.5400E+00,-3.5522E-01, 2.5195E+00, 7.4829E-01, 5.9546E+00,-3.1006E-01, 6.2048E+00
"Z                                                                                                                     "
   9571.620, -62428.370,-5.9937E-01, 3.5437E+00,-3.5156E-01, 2.5220E+00, 2.0386E-01, 5.4858E+00,-3.0884E-01, 6.2085E+00
"P                                                                                                                     "
   9663.990, -62336.000,-5.9692E-01, 3.5449E+00,-3.5156E-01, 2.5232E+00,-5.0415E-01, 4.7351E+00,-3.1006E-01, 6.2085E+00
"P                                                                                                                     "
   9663.990, -62336.000,-5.9692E-01, 3.5449E+00,-3.5156E-01, 2.5232E+00,-5.0415E-01, 4.7351E+00,-3.1006E-01, 6.2085E+00
"Z                                                                                                                     "
  10489.440, -61510.550,-5.9570E-01, 3.5425E+00, 7.0923E-01, 3.5535E+00,-2.3193E-02, 5.0647E+00, 4.0771E-01, 6.8359E+00
"P                                                                                                                     "
  10563.150, -61436.840,-6.0303E-01, 3.5413E+00, 8.9111E-01, 3.6987E+00,-5.6274E-01, 4.6643E+00,-7.3120E-01, 5.7910E+00
"B2                                                                                                                    "
  10567.290, -61432.700,-6.0303E-01, 3.5413E+00, 7.9956E-01, 3.6487E+00,-6.1035E-01, 4.6204E+00,-5.7495E-01, 5.9387E+00
"P                                                                                                                     "
  10629.240, -61370.750,-5.9570E-01, 3.5413E+00,-3.5034E-01, 2.5220E+00,-4.9561E-01, 4.7498E+00,-4.3091E-01, 6.0876E+00
"Z                                                                                                                     "
  10752.180, -61247.810,-6.0425E-01, 3.5425E+00,-3.5156E-01, 2.5220E+00,-5.1025E-01, 4.7241E+00,-3.5889E-01, 6.1609E+00
"P                                                                                                                     "
  10803.060, -61196.930,-6.0425E-01, 3.5449E+00,-3.5034E-01, 2.5220E+00,-5.7739E-01, 4.6558E+00,-3.4424E-01, 6.1792E+00
"Z                                                                                                                     "
  11014.980, -60985.010,-5.9937E-01, 3.5449E+00,-3.4668E-01, 2.5244E+00, 3.3813E-01, 5.4126E+00,-2.0508E-01, 6.3098E+00
"P                                                                                                                     "
  11124.030, -60875.960,-6.0059E-01, 3.5425E+00,-3.4912E-01, 2.5220E+00,-6.0547E-01, 4.6228E+00,-1.7700E-01, 6.3354E+00
"Z                                                                                                                     "
  11178.840, -60821.150,-5.9692E-01, 3.5437E+00,-3.5034E-01, 2.5220E+00,-4.9805E-01, 4.7302E+00,-2.0874E-01, 6.3025E+00
"P                                                                                                                     "
  11231.700, -60768.290,-5.9692E-01, 3.5425E+00,-3.5034E-01, 2.5220E+00,-3.9185E-01, 4.8450E+00,-2.0752E-01, 6.3049E+00
"B2                                                                                                                    "
  11236.320, -60763.670,-5.9448E-01, 3.5425E+00,-3.5156E-01, 2.5208E+00,-4.2969E-01, 4.7937E+00,-1.7578E-01, 6.3403E+00
"P                                                                                                                     "
  11283.390, -60716.600,-6.0181E-01, 3.5425E+00,-3.5278E-01, 2.5220E+00,-4.9683E-01, 4.7424E+00,-1.9043E-01, 6.3269E+00
"Z                                                                                                                     "
  11345.340, -60654.650,-6.0059E-01, 3.5437E+00,-3.5278E-01, 2.5220E+00,-4.7119E-01, 4.7522E+00,-1.6968E-01, 6.3489E+00
"P                                                                                                                     "
  11364.060, -60635.930,-6.0059E-01, 3.5437E+00,-3.5522E-01, 2.5208E+00,-5.0659E-01, 4.7046E+00,-1.3062E-01, 6.3843E+00
"Z                                                                                                                     "
  11386.800, -60613.190,-6.0303E-01, 3.5437E+00,-3.5278E-01, 2.5220E+00,-5.0293E-01, 4.7290E+00,-1.9043E-01, 6.3245E+00
"P                                                                                                                     "
  11397.030, -60602.960,-5.9082E-01, 3.5449E+00,-3.4424E-01, 2.5220E+00,-5.0049E-01, 4.7192E+00,-1.9165E-01, 6.3208E+00
"Z                                                                                                                     "
  11416.890, -60583.100,-5.9326E-01, 3.5449E+00,-3.5034E-01, 2.5220E+00,-5.2612E-01, 4.7034E+00,-1.7456E-01, 6.3354E+00
"P                                                                                                                     "
  11441.100, -60558.890,-5.9570E-01, 3.5449E+00,-3.5156E-01, 2.5208E+00,-3.4058E-01, 4.9243E+00,-1.9165E-01, 6.3208E+00
"C                                                                                                                     "
  11459.820, -60540.170,-5.9448E-01, 3.5449E+00,-3.4790E-01, 2.5232E+00,-2.8564E-01, 5.0183E+00,-2.3315E-01, 6.2830E+00
"D                                                                                                                     "
  11510.700, -60489.290,-5.9692E-01, 3.5461E+00,-3.5156E-01, 2.5232E+00,-3.7476E-01, 4.9304E+00,-2.0142E-01, 6.3147E+00
"F2                                                                                                                    "
  11513.370, -60486.620,-5.8960E-01, 3.5461E+00,-3.5034E-01, 2.5232E+00,-2.5024E-01, 4.9695E+00,-1.8066E-01, 6.3318E+00
"B                                                                                                                     "
  11515.770, -60484.220,-6.0059E-01, 3.5461E+00,-3.4790E-01, 2.5232E+00,-3.1128E-01, 4.9121E+00,-2.0996E-01, 6.3074E+00
"C                                                                                                                     "
  11525.970, -60474.020,-5.9448E-01, 3.5461E+00,-3.5034E-01, 2.5232E+00, 8.5449E-03, 5.2356E+00, 8.4229E-02, 6.4563E+00
"D                                                                                                                     "
  11581.260, -60418.730,-5.9937E-01, 3.5461E+00,-3.5278E-01, 2.5232E+00, 2.1729E-01, 5.4431E+00,-1.4160E-01, 6.3770E+00
"C                                                                                                                     "
  11596.770, -60403.220,-6.0059E-01, 3.5461E+00,-3.5400E-01, 2.5232E+00, 1.8677E-01, 5.4102E+00,-1.4648E-01, 6.3721E+00
"D                                                                                                                     "
  11695.650, -60304.340,-6.0059E-01, 3.5449E+00,-3.5156E-01, 2.5232E+00, 5.1270E-02, 5.2673E+00,-2.1240E-01, 6.3013E+00
"C                                                                                                                     "
  11705.250, -60294.740,-5.9814E-01, 3.5449E+00,-3.5034E-01, 2.5232E+00, 3.8208E-01, 5.6042E+00,-1.6479E-01, 6.3501E+00
"D                                                                                                                     "
  11768.430, -60231.560,-5.9326E-01, 3.5437E+00,-3.4790E-01, 2.5232E+00,-3.6133E-01, 4.6936E+00,-1.5991E-01, 6.3525E+00
"B                                                                                                                     "
  11771.160, -60228.830,-6.0181E-01, 3.5437E+00,-3.5156E-01, 2.5232E+00,-2.1118E-01, 4.9207E+00,-1.5991E-01, 6.3562E+00
"C                                                                                                                     "
  11776.290, -60223.700,-6.0303E-01, 3.5437E+00,-3.5278E-01, 2.5232E+00, 2.9785E-01, 5.5212E+00,-1.7212E-01, 6.3452E+00
"D                                                                                                                     "
  11797.950, -60202.040,-6.0059E-01, 3.5437E+00,-3.5522E-01, 2.5232E+00, 3.7476E-01, 5.6165E+00,-1.2695E-01, 6.3892E+00
"C                                                                                                                     "
  11805.060, -60194.930,-5.9448E-01, 3.5425E+00,-3.4668E-01, 2.5232E+00, 3.9917E-01, 5.6128E+00,-2.1973E-01, 6.2891E+00
"D                                                                                                                     "
  11855.460, -60144.530,-6.0425E-01, 3.5437E+00,-3.5156E-01, 2.5220E+00, 2.6978E-01, 5.5188E+00,-1.4648E-01, 6.3708E+00
"C                                                                                                                     "
  11858.910, -60141.080,-6.0547E-01, 3.5425E+00,-3.5400E-01, 2.5220E+00, 3.2959E-01, 5.5701E+00, 6.9214E-01, 7.1265E+00
"D                                                                                                                     "
  12056.610, -59943.380,-6.0181E-01, 3.5449E+00,-3.5278E-01, 2.5220E+00, 7.3242E-03, 5.3638E+00,-1.1230E-01, 6.4063E+00
"C                                                                                                                     "
  12060.780, -59939.210,-5.9814E-01, 3.5461E+00,-3.4790E-01, 2.5232E+00, 2.2461E-01, 5.4468E+00,-9.8877E-02, 6.4136E+00
"D                                                                                                                     "
  12159.870, -59840.120,-5.9692E-01, 3.5461E+00,-3.4790E-01, 2.5232E+00, 1.0010E-01, 5.3381E+00,-4.0283E-02, 6.4709E+00
"C                                                                                                                     "
  12163.050, -59836.940,-5.9570E-01, 3.5474E+00,-3.4790E-01, 2.5232E+00, 4.4067E-01, 5.6665E+00,-4.1504E-02, 6.4722E+00
"D                                                                                                                     "
  12357.150, -59642.840,-5.9814E-01, 3.5437E+00,-3.5034E-01, 2.5232E+00, 4.4922E-01, 5.7678E+00,-2.0630E-01, 6.3062E+00
"B                                                                                                                     "
  12361.830, -59638.160,-5.9082E-01, 3.5449E+00,-3.4912E-01, 2.5232E+00, 5.2490E-01, 5.7153E+00,-1.7334E-01, 6.3403E+00
"D                                                                                                                     "
  12426.000, -59573.990,-6.0059E-01, 3.5437E+00,-3.5156E-01, 2.5232E+00, 6.3965E-01, 5.8752E+00,-7.4463E-02, 6.4392E+00
"B                                                                                                                     "
  12428.280, -59571.710,-5.9814E-01, 3.5437E+00,-3.4790E-01, 2.5232E+00, 5.3955E-01, 5.6372E+00,-6.8359E-02, 6.4417E+00
"D                                                                                                                     "
  12779.790, -59220.200,-6.0059E-01, 3.5461E+00,-3.5278E-01, 2.5232E+00, 8.8379E-01, 6.1169E+00,-4.2725E-01, 6.0925E+00
"F2                                                                                                                    "
  12783.330, -59216.660,-5.9448E-01, 3.5461E+00,-3.5034E-01, 2.5244E+00, 4.8828E-01, 5.7019E+00,-3.5034E-01, 6.1621E+00
"B                                                                                                                     "
  12789.960, -59210.030,-5.8960E-01, 3.5461E+00,-3.4546E-01, 2.5244E+00, 8.7891E-01, 5.9290E+00,-3.3936E-01, 6.1694E+00
"C                                                                                                                     "
  12792.510, -59207.480,-6.0181E-01, 3.5461E+00,-3.4790E-01, 2.5244E+00, 5.1636E-01, 5.7703E+00,-3.4058E-01, 6.1780E+00
"D                                                                                                                     "
  12830.670, -59169.320,-5.9326E-01, 3.5461E+00,-3.4790E-01, 2.5244E+00, 1.2769E+00, 6.4709E+00,-2.9663E-01, 6.2195E+00
"C                                                                                                                     "
  12833.430, -59166.560,-5.9326E-01, 3.5449E+00,-3.4668E-01, 2.5232E+00, 5.3589E-01, 5.7996E+00,-2.8931E-01, 6.2268E+00
"D                                                                                                                     "
  12995.340, -59004.650,-5.9937E-01, 3.5437E+00,-3.4912E-01, 2.5232E+00, 4.0894E-01, 5.6995E+00,-1.0742E-01, 6.4050E+00
"B                                                                                                                     "
  13003.800, -58996.190,-5.9937E-01, 3.5437E+00,-3.5034E-01, 2.5220E+00,-3.9429E-01, 4.8279E+00,-1.0986E-01, 6.4063E+00
"C                                                                                                                     "
  13009.230, -58990.760,-5.9570E-01, 3.5437E+00,-3.5156E-01, 2.5220E+00, 8.4839E-01, 5.6506E+00,-1.0498E-01, 6.4087E+00
"D                                                                                                                     "
  13025.670, -58974.320,-5.9937E-01, 3.5425E+00,-3.5034E-01, 2.5232E+00,-4.8096E-01, 4.7729E+00,-1.0620E-01, 6.4099E+00
"Z                                                                                                                     "
  19466.310, -52533.680,-6.0059E-01, 3.5437E+00,-3.5400E-01, 2.5208E+00,-5.0903E-01, 4.7253E+00,-3.7842E-01, 6.1426E+00
"P                                                                                                                     "
  19494.960, -52505.030,-5.9937E-01, 3.5449E+00,-3.5034E-01, 2.5208E+00,-6.4575E-01, 4.5032E+00,-3.7354E-01, 6.1450E+00
"C                                                                                                                     "
  19504.020, -52495.970,-5.9448E-01, 3.5449E+00,-3.5156E-01, 2.5220E+00,-5.2734E-01, 4.7046E+00,-3.7109E-01, 6.1462E+00
"D                                                                                                                     "
  19532.400, -52467.590,-5.9937E-01, 3.5449E+00,-3.5400E-01, 2.5208E+00,-5.8838E-01, 4.6545E+00,-3.7109E-01, 6.1487E+00
"F2                                                                                                                    "
  19535.400, -52464.590,-5.9448E-01, 3.5449E+00,-3.4302E-01, 2.5220E+00,-5.1025E-01, 4.6973E+00,-3.6499E-01, 6.1487E+00
"B                                                                                                                     "
  19543.890, -52456.100,-5.9326E-01, 3.5449E+00,-3.4668E-01, 2.5208E+00,-7.4585E-01, 4.4739E+00,-3.6865E-01, 6.1450E+00
"C                                                                                                                     "
  19550.610, -52449.380,-5.9570E-01, 3.5449E+00,-3.4912E-01, 2.5220E+00,-5.7373E-01, 4.7473E+00,-4.0649E-01, 6.1133E+00
"D                                                                                                                     "
  19563.060, -52436.930,-5.9326E-01, 3.5449E+00,-3.4668E-01, 2.5220E+00,-6.1523E-01, 4.6655E+00,-4.1016E-01, 6.1035E+00
"F2                                                                                                                    "
  19564.740, -52435.250,-6.0059E-01, 3.5449E+00,-3.5156E-01, 2.5208E+00,-5.7983E-01, 4.7131E+00,-4.1016E-01, 6.1047E+00
"B                                                                                                                     "
  19574.490, -52425.500,-5.9326E-01, 3.5437E+00,-3.4668E-01, 2.5220E+00,-7.2266E-01, 4.5251E+00,-4.0771E-01, 6.1047E+00
"FB                                                                                                                    "
  19576.650, -52423.340,-5.9448E-01, 3.5449E+00,-3.5034E-01, 2.5208E+00,-6.5430E-01, 4.5679E+00,-4.1138E-01, 6.1047E+00
"D                                                                                                                     "
  19592.610, -52407.380,-5.9814E-01, 3.5449E+00,-3.5156E-01, 2.5220E+00,-7.9102E-01, 4.4312E+00,-4.1382E-01, 6.1060E+00
"C                                                                                                                     "
  19595.310, -52404.680,-5.9448E-01, 3.5449E+00,-3.4668E-01, 2.5208E+00,-6.7261E-01, 4.5459E+00,-4.1138E-01, 6.1072E+00
"D                                                                                                                     "
  19670.070, -52329.920,-6.0059E-01, 3.5437E+00,-3.4546E-01, 2.5208E+00,-5.0171E-01, 4.7083E+00,-4.0771E-01, 6.1084E+00
"F2                                                                                                                    "
  19673.010, -52326.980,-6.0181E-01, 3.5437E+00,-3.5156E-01, 2.5208E+00,-4.3091E-01, 4.7974E+00,-4.1016E-01, 6.1096E+00
"B                                                                                                                     "
  19676.580, -52323.410,-5.9814E-01, 3.5437E+00,-3.5156E-01, 2.5208E+00,-7.7881E-01, 4.4849E+00,-4.0894E-01, 6.1084E+00
"FB                                                                                                                    "
  19680.300, -52319.690,-5.9326E-01, 3.5425E+00,-3.4668E-01, 2.5208E+00,-6.0791E-01, 4.5898E+00,-4.1016E-01, 6.1072E+00
"C                                                                                                                     "
  19688.220, -52311.770,-6.0059E-01, 3.5437E+00,-3.5034E-01, 2.5208E+00,-6.1157E-01, 4.6313E+00,-4.0649E-01, 6.1096E+00
"F2                                                                                                                    "
  19690.020, -52309.970,-6.0059E-01, 3.5425E+00,-3.4790E-01, 2.5195E+00,-3.7842E-01, 4.8914E+00,-4.0649E-01, 6.1108E+00
"B                                                                                                                     "
  19716.570, -52283.420,-6.0303E-01, 3.5437E+00,-3.5156E-01, 2.5195E+00,-3.4058E-01, 4.8926E+00,-4.0161E-01, 6.1157E+00
"D                                                                                                                     "
  19977.540, -52022.450,-6.0059E-01, 3.5425E+00,-3.4790E-01, 2.5195E+00,-1.4404E-01, 5.0891E+00,-3.7476E-01, 6.1426E+00
"B                                                                                                                     "
  19978.680, -52021.310,-5.9692E-01, 3.5425E+00,-3.4912E-01, 2.5195E+00,-5.2612E-01, 4.7339E+00,-3.7598E-01, 6.1414E+00
"F2                                                                                                                    "
  19981.410, -52018.580,-6.0059E-01, 3.5437E+00,-3.4912E-01, 2.5195E+00,-5.1392E-01, 4.7131E+00,-3.7476E-01, 6.1414E+00
"FB                                                                                                                    "
  19988.010, -52011.980,-6.0181E-01, 3.5425E+00,-3.5156E-01, 2.5195E+00,-3.9795E-01, 4.8157E+00,-3.7598E-01, 6.1426E+00
"C                                                                                                                     "
  19988.850, -52011.140,-6.0303E-01, 3.5437E+00,-3.5034E-01, 2.5195E+00,-3.7476E-01, 4.8401E+00,-3.7476E-01, 6.1426E+00
"B                                                                                                                     "
  19990.200, -52009.790,-5.9570E-01, 3.5437E+00,-3.4668E-01, 2.5195E+00, 2.7344E-01, 5.2161E+00,-3.7720E-01, 6.1414E+00
"C                                                                                                                     "
  19994.340, -52005.650,-5.9204E-01, 3.5437E+00,-3.5156E-01, 2.5195E+00,-3.5400E-01, 4.9036E+00,-3.7109E-01, 6.1414E+00
"D                                                                                                                     "
  20000.100, -51999.890,-5.9814E-01, 3.5437E+00,-3.5156E-01, 2.5195E+00,-2.2583E-01, 5.0000E+00,-3.7842E-01, 6.1414E+00
"F2                                                                                                                    "
  20002.530, -51997.460,-5.9937E-01, 3.5437E+00,-3.4912E-01, 2.5195E+00,-2.1118E-01, 5.0232E+00,-3.6987E-01, 6.1426E+00
"B                                                                                                                     "
  20017.710, -51982.280,-5.9937E-01, 3.5437E+00,-3.5278E-01, 2.5208E+00,-3.5522E-01, 4.8779E+00,-3.7598E-01, 6.1414E+00
"FB                                                                                                                    "
  20021.970, -51978.020,-5.9814E-01, 3.5437E+00,-3.5278E-01, 2.5195E+00, 6.5918E-01, 5.5347E+00,-3.7720E-01, 6.1414E+00
"C                                                                                                                     "
  20023.260, -51976.730,-5.9814E-01, 3.5437E+00,-3.5034E-01, 2.5195E+00,-1.2939E-01, 5.1514E+00,-3.7598E-01, 6.1414E+00
"D                                                                                                                     "
  20092.590, -51907.400,-6.0059E-01, 3.5437E+00,-3.5278E-01, 2.5208E+00,-1.6846E-01, 5.0659E+00,-3.7842E-01, 6.1401E+00
"B                                                                                                                     "
  20094.120, -51905.870,-5.9692E-01, 3.5437E+00,-3.4790E-01, 2.5195E+00,-6.5186E-01, 4.5923E+00,-3.7476E-01, 6.1401E+00
"F2                                                                                                                    "
  20095.320, -51904.670,-5.9814E-01, 3.5425E+00,-3.5034E-01, 2.5195E+00,-4.5654E-01, 4.7229E+00,-3.7598E-01, 6.1401E+00
"FB                                                                                                                    "
  20099.160, -51900.830,-5.9570E-01, 3.5437E+00,-3.5034E-01, 2.5195E+00, 2.9419E-01, 5.1306E+00,-3.7476E-01, 6.1389E+00
"C                                                                                                                     "
  20103.990, -51896.000,-6.0059E-01, 3.5449E+00,-3.5156E-01, 2.5195E+00,-1.0864E-01, 5.1355E+00,-3.8330E-01, 6.1389E+00
"D                                                                                                                     "
  20511.480, -51488.510,-5.9570E-01, 3.5413E+00,-3.5522E-01, 2.5183E+00, 2.8687E-01, 5.5164E+00,-3.6621E-01, 6.1487E+00
"F1                                                                                                                    "
  20514.810, -51485.180,-5.9937E-01, 3.5413E+00,-3.5156E-01, 2.5183E+00, 7.2021E-02, 5.2881E+00,-3.6621E-01, 6.1487E+00
"F3                                                                                                                    "
  20524.110, -51475.880,-5.9937E-01, 3.5413E+00,-3.4912E-01, 2.5183E+00, 4.1626E-01, 5.6226E+00,-3.6987E-01, 6.1475E+00
"F4                                                                                                                    "
  20528.940, -51471.050,-5.9326E-01, 3.5425E+00,-3.5034E-01, 2.5183E+00,-1.1841E-01, 5.1233E+00,-3.6255E-01, 6.1499E+00
"B                                                                                                                     "
  20531.970, -51468.020,-5.9814E-01, 3.5425E+00,-3.5278E-01, 2.5183E+00, 1.0864E-01, 5.3198E+00,-3.6499E-01, 6.1487E+00
"C                                                                                                                     "
  20533.800, -51466.190,-6.0181E-01, 3.5425E+00,-3.5400E-01, 2.5183E+00, 1.7578E-01, 5.4712E+00,-3.7354E-01, 6.1462E+00
"D                                                                                                                     "
  20542.800, -51457.190,-6.0425E-01, 3.5413E+00,-3.5156E-01, 2.5183E+00, 2.0630E-01, 5.5212E+00,-3.7354E-01, 6.1438E+00
"C                                                                                                                     "
  20545.830, -51454.160,-6.0181E-01, 3.5425E+00,-3.4912E-01, 2.5171E+00, 2.4536E-01, 5.4688E+00,-3.6987E-01, 6.1438E+00
"D                                                                                                                     "
  20989.710, -51010.280,-6.0303E-01, 3.5400E+00,-3.5522E-01, 2.5171E+00, 5.4321E-01, 5.7874E+00,-3.6987E-01, 6.1499E+00
"C                                                                                                                     "
  20993.430, -51006.560,-5.9937E-01, 3.5413E+00,-3.5156E-01, 2.5171E+00, 7.2021E-01, 5.9363E+00,-3.6377E-01, 6.1499E+00
"D                                                                                                                     "
  21005.010, -50994.980,-5.9814E-01, 3.5400E+00,-3.5156E-01, 2.5171E+00, 4.0161E-01, 5.6360E+00,-3.6621E-01, 6.1499E+00
"F2                                                                                                                    "
  21006.810, -50993.180,-6.0181E-01, 3.5400E+00,-3.5034E-01, 2.5171E+00, 2.9785E-01, 5.5066E+00,-3.6499E-01, 6.1499E+00
"B                                                                                                                     "
  21022.410, -50977.580,-6.0425E-01, 3.5413E+00,-3.5278E-01, 2.5171E+00, 1.3428E-01, 5.3552E+00,-3.6987E-01, 6.1499E+00
"D                                                                                                                     "
  21036.000, -50963.990,-6.0303E-01, 3.5400E+00,-3.5522E-01, 2.5171E+00, 2.8931E-01, 5.5212E+00,-3.6987E-01, 6.1487E+00
"B                                                                                                                     "
  21037.800, -50962.190,-6.0425E-01, 3.5400E+00,-3.5522E-01, 2.5171E+00, 1.1096E+00, 6.2561E+00,-3.6865E-01, 6.1499E+00
"C                                                                                                                     "
  21039.810, -50960.180,-6.0425E-01, 3.5413E+00,-3.5522E-01, 2.5171E+00, 5.1147E-01, 5.7092E+00,-3.6865E-01, 6.1499E+00
"D                                                                                                                     "
  21485.340, -50514.650,-6.0547E-01, 3.5400E+00,-3.5522E-01, 2.5159E+00, 4.1138E-01, 5.6641E+00,-3.6987E-01, 6.1462E+00
"F2                                                                                                                    "
  21488.460, -50511.530,-6.0303E-01, 3.5400E+00,-3.5400E-01, 2.5159E+00, 1.5015E-01, 5.3992E+00,-3.6987E-01, 6.1475E+00
"B                                                                                                                     "
  21493.200, -50506.790,-6.0303E-01, 3.5388E+00,-3.5278E-01, 2.5159E+00, 9.1553E-02, 5.3113E+00,-3.7109E-01, 6.1475E+00
"C                                                                                                                     "
  21495.990, -50504.000,-6.0181E-01, 3.5388E+00,-3.5034E-01, 2.5159E+00, 5.1514E-01, 5.6189E+00,-3.6499E-01, 6.1475E+00
"D                                                                                                                     "
  21506.130, -50493.860,-6.0181E-01, 3.5400E+00,-3.5522E-01, 2.5159E+00, 2.2461E-01, 5.4468E+00,-3.6621E-01, 6.1487E+00
"C                                                                                                                     "
  21508.200, -50491.790,-6.0181E-01, 3.5388E+00,-3.5767E-01, 2.5159E+00, 3.6255E-01, 5.6042E+00,-3.6987E-01, 6.1487E+00
"D                                                                                                                     "
  21537.330, -50462.660,-6.0181E-01, 3.5400E+00,-3.5400E-01, 2.5159E+00, 3.8940E-01, 5.6262E+00,-3.6255E-01, 6.1499E+00
"C                                                                                                                     "
  21540.510, -50459.480,-6.0547E-01, 3.5400E+00,-3.5645E-01, 2.5171E+00, 5.3345E-01, 5.7385E+00,-3.6743E-01, 6.1487E+00
"D                                                                                                                     "
  21588.450, -50411.540,-5.9937E-01, 3.5400E+00,-3.5156E-01, 2.5171E+00, 2.5024E-01, 5.5103E+00,-3.6621E-01, 6.1511E+00
"F2                                                                                                                    "
  21590.400, -50409.590,-6.0425E-01, 3.5388E+00,-3.5645E-01, 2.5159E+00, 1.7944E-01, 5.4089E+00,-3.6377E-01, 6.1523E+00
"B                                                                                                                     "
  21594.420, -50405.570,-6.0791E-01, 3.5400E+00,-3.5522E-01, 2.5171E+00, 8.6670E-02, 5.3052E+00,-3.6743E-01, 6.1511E+00
"FB                                                                                                                    "
  21598.590, -50401.400,-6.0181E-01, 3.5400E+00,-3.5400E-01, 2.5159E+00, 1.5747E-01, 5.3931E+00,-3.6621E-01, 6.1511E+00
"B                                                                                                                     "
  21602.190, -50397.800,-5.9937E-01, 3.5400E+00,-3.5400E-01, 2.5159E+00, 2.6489E-01, 5.3772E+00,-3.6377E-01, 6.1511E+00
"C                                                                                                                     "
  21603.540, -50396.450,-6.0547E-01, 3.5400E+00,-3.5400E-01, 2.5159E+00, 2.4170E-01, 5.4810E+00,-3.6743E-01, 6.1511E+00
"D                                                                                                                     "
  21622.950, -50377.040,-5.9814E-01, 3.5400E+00,-3.5156E-01, 2.5159E+00, 3.4058E-01, 5.5566E+00,-3.6499E-01, 6.1511E+00
"B                                                                                                                     "
  21624.660, -50375.330,-6.0181E-01, 3.5400E+00,-3.5889E-01, 2.5159E+00, 4.7607E-02, 5.2869E+00,-3.6743E-01, 6.1511E+00
"F2                                                                                                                    "
  21625.920, -50374.070,-6.0547E-01, 3.5388E+00,-3.5522E-01, 2.5159E+00, 6.9580E-02, 5.2917E+00,-3.6743E-01, 6.1511E+00
"FB                                                                                                                    "
  21629.760, -50370.230,-5.9937E-01, 3.5400E+00,-3.5400E-01, 2.5159E+00, 2.1851E-01, 5.3711E+00,-3.6133E-01, 6.1511E+00
"C                                                                                                                     "
  21630.450, -50369.540,-5.9937E-01, 3.5400E+00,-3.5034E-01, 2.5159E+00, 8.9111E-02, 5.2991E+00,-3.6377E-01, 6.1523E+00
"FB                                                                                                                    "
  21645.480, -50354.510,-5.9937E-01, 3.5400E+00,-3.5156E-01, 2.5171E+00, 6.0181E-01, 5.6409E+00,-3.6499E-01, 6.1511E+00
"D                                                                                                                     "
  21713.610, -50286.380,-6.0303E-01, 3.5400E+00,-3.5522E-01, 2.5183E+00, 7.3242E-03, 5.2966E+00,-3.7109E-01, 6.1487E+00
"B                                                                                                                     "
  21717.450, -50282.540,-6.0303E-01, 3.5413E+00,-3.5522E-01, 2.5171E+00, 2.5024E-01, 5.4224E+00,-3.7109E-01, 6.1475E+00
"C                                                                                                                     "
  21718.260, -50281.730,-6.0547E-01, 3.5413E+00,-3.5767E-01, 2.5171E+00, 1.9531E-02, 5.2661E+00,-3.6987E-01, 6.1487E+00
"C                                                                                                                     "
  21720.540, -50279.450,-5.9692E-01, 3.5400E+00,-3.5156E-01, 2.5171E+00, 1.9653E-01, 5.4822E+00,-3.6621E-01, 6.1487E+00
"D                                                                                                                     "
  22763.220, -49236.770,-6.0425E-01, 3.5388E+00,-3.5400E-01, 2.5159E+00, 3.5278E-01, 5.6470E+00,-3.6621E-01, 6.1548E+00
"C                                                                                                                     "
  22765.650, -49234.340,-6.0303E-01, 3.5400E+00,-3.5400E-01, 2.5159E+00, 6.4331E-01, 5.7947E+00,-3.6255E-01, 6.1548E+00
"D                                                                                                                     "
  24123.540, -47876.450,-6.0425E-01, 3.5400E+00,-3.5522E-01, 2.5146E+00, 5.3345E-01, 5.7739E+00,-3.6133E-01, 6.1560E+00
"F2                                                                                                                    "
  24124.620, -47875.370,-6.0669E-01, 3.5388E+00,-3.5767E-01, 2.5146E+00, 3.2837E-01, 5.5627E+00,-3.6133E-01, 6.1548E+00
"B                                                                                                                     "
  24128.340, -47871.650,-6.0303E-01, 3.5400E+00,-3.5034E-01, 2.5159E+00, 3.4668E-01, 5.5640E+00,-3.6133E-01, 6.1548E+00
"C                                                                                                                     "
  24130.170, -47869.820,-6.0669E-01, 3.5388E+00,-3.5889E-01, 2.5146E+00, 4.9805E-01, 5.7397E+00,-3.6255E-01, 6.1548E+00
"D                                                                                                                     "
  24155.100, -47844.890,-6.0791E-01, 3.5376E+00,-3.5522E-01, 2.5146E+00, 4.6875E-01, 5.7312E+00,-3.6499E-01, 6.1572E+00
"C                                                                                                                     "
  24158.130, -47841.860,-5.9814E-01, 3.5388E+00,-3.5034E-01, 2.5146E+00, 7.4341E-01, 5.9717E+00,-3.5767E-01, 6.1572E+00
"D                                                                                                                     "
  24187.710, -47812.280,-6.0303E-01, 3.5376E+00,-3.5034E-01, 2.5146E+00, 7.3364E-01, 5.9326E+00,-3.5522E-01, 6.1572E+00
"C                                                                                                                     "
  24190.230, -47809.760,-6.0181E-01, 3.5388E+00,-3.5645E-01, 2.5146E+00, 5.7251E-01, 5.7141E+00,-3.5767E-01, 6.1584E+00
"D                                                                                                                     "
  24235.860, -47764.130,-6.0303E-01, 3.5376E+00,-3.5278E-01, 2.5146E+00, 7.4341E-01, 6.0107E+00,-3.5767E-01, 6.1584E+00
"C                                                                                                                     "
  24238.050, -47761.940,-6.0425E-01, 3.5376E+00,-3.5767E-01, 2.5134E+00, 5.3955E-01, 5.7715E+00,-3.5889E-01, 6.1597E+00
"B                                                                                                                     "
  24239.460, -47760.530,-6.0059E-01, 3.5388E+00,-3.5278E-01, 2.5146E+00, 8.1177E-01, 5.9851E+00,-3.5645E-01, 6.1597E+00
"D                                                                                                                     "
  26285.790, -45714.200,-5.9937E-01, 3.5400E+00,-3.5156E-01, 2.5146E+00, 7.1777E-01, 5.9241E+00,-3.4058E-01, 6.1719E+00
"C                                                                                                                     "
  26287.860, -45712.130,-5.9692E-01, 3.5388E+00,-3.5278E-01, 2.5122E+00, 5.2124E-01, 5.7410E+00,-3.4180E-01, 6.1719E+00
"B                                                                                                                     "
  26292.120, -45707.870,-6.0181E-01, 3.5400E+00,-3.5767E-01, 2.5146E+00, 5.1514E-01, 5.6909E+00,-3.4424E-01, 6.1719E+00
"C                                                                                                                     "
  26293.620, -45706.370,-6.0425E-01, 3.5388E+00,-3.5400E-01, 2.5159E+00, 6.9824E-01, 5.8557E+00,-3.4302E-01, 6.1719E+00
"D                                                                                                                     "
  26328.240, -45671.750,-6.0425E-01, 3.5388E+00,-3.5522E-01, 2.5146E+00, 6.6040E-01, 5.9448E+00,-3.4668E-01, 6.1743E+00
"B                                                                                                                     "
  26329.170, -45670.820,-6.0547E-01, 3.5400E+00,-3.6011E-01, 2.5146E+00, 4.5288E-01, 5.6494E+00,-3.4668E-01, 6.1731E+00
"C                                                                                                                     "
  26331.660, -45668.330,-6.0913E-01, 3.5388E+00,-3.5645E-01, 2.5146E+00, 5.7007E-01, 5.8325E+00,-3.4546E-01, 6.1731E+00
"D                                                                                                                     "
  28466.820, -43533.170,-5.9937E-01, 3.5388E+00,-3.5034E-01, 2.5134E+00, 5.6763E-01, 5.7751E+00,-3.2104E-01, 6.1926E+00
"F2                                                                                                                    "
  28468.050, -43531.940,-6.0425E-01, 3.5388E+00,-3.5645E-01, 2.5134E+00, 5.0781E-01, 5.7214E+00,-3.2227E-01, 6.1926E+00
"FB                                                                                                                    "
  28470.480, -43529.510,-5.9814E-01, 3.5388E+00,-3.5645E-01, 2.5134E+00, 6.2256E-01, 5.7593E+00,-3.2104E-01, 6.1926E+00
"C                                                                                                                     "
  28471.110, -43528.880,-5.9692E-01, 3.5376E+00,-3.5522E-01, 2.5134E+00, 6.7871E-01, 5.9326E+00,-3.1982E-01, 6.1926E+00
"D                                                                                                                     "
  30190.440, -41809.550,-6.0181E-01, 3.5376E+00,-3.5278E-01, 2.5110E+00, 7.0801E-01, 5.9241E+00,-3.1006E-01, 6.2048E+00
"F2                                                                                                                    "
  30191.340, -41808.650,-6.0791E-01, 3.5388E+00,-3.5889E-01, 2.5122E+00, 6.1768E-01, 5.8496E+00,-3.1250E-01, 6.2048E+00
"FB                                                                                                                    "
  30193.890, -41806.100,-6.0303E-01, 3.5376E+00,-3.5767E-01, 2.5122E+00, 5.4932E-01, 5.7532E+00,-3.1006E-01, 6.2048E+00
"C                                                                                                                     "
  30194.580, -41805.410,-5.9937E-01, 3.5400E+00,-3.5522E-01, 2.5122E+00, 7.8979E-01, 6.0608E+00,-3.0762E-01, 6.2048E+00
"D                                                                                                                     "
  30226.800, -41773.190,-6.0669E-01, 3.5376E+00,-3.5645E-01, 2.5122E+00, 8.6060E-01, 6.1218E+00,-3.1616E-01, 6.2048E+00
"C                                                                                                                     "
  30228.180, -41771.810,-6.1157E-01, 3.5376E+00,-3.5645E-01, 2.5122E+00, 7.7515E-01, 5.9949E+00,-3.1128E-01, 6.2048E+00
"d                                                                                                                     "
  30314.340, -41685.650,-6.0547E-01, 3.5352E+00,-3.5400E-01, 2.5110E+00, 8.1055E-01, 6.0437E+00,-3.0640E-01, 6.2061E+00
"c                                                                                                                     "
  30315.480, -41684.510,-6.0669E-01, 3.5364E+00,-3.5645E-01, 2.5110E+00, 8.7646E-01, 6.0913E+00,-3.1128E-01, 6.2061E+00
"d                                                                                                                     "
  31857.000, -40142.990,-6.0547E-01, 3.5376E+00,-3.5767E-01, 2.5122E+00, 8.6792E-01, 6.1035E+00,-3.1982E-01, 6.1975E+00
"c                                                                                                                     "
  31860.180, -40139.810,-6.0425E-01, 3.5376E+00,-3.4790E-01, 2.5183E+00, 9.9121E-01, 6.2195E+00,-3.1982E-01, 6.1975E+00
"d                                                                                                                     "
  32352.090, -39647.900,-5.8838E-01, 3.6084E+00,-3.5767E-01, 2.5110E+00, 6.2866E-01, 5.8350E+00,-3.1006E-01, 6.2024E+00
"f2                                                                                                                    "
  32353.710, -39646.280,-6.0547E-01, 3.5339E+00,-3.6011E-01, 2.5110E+00, 4.5166E-01, 5.6702E+00,-3.1372E-01, 6.2024E+00
"fb                                                                                                                    "
  32357.430, -39642.560,-6.1523E-01, 3.5327E+00,-3.6011E-01, 2.5110E+00, 3.6499E-01, 5.5664E+00,-3.1738E-01, 6.2024E+00
"c                                                                                                                     "
  32359.050, -39640.940,-4.9316E-01, 3.5754E+00,-3.5889E-01, 2.5110E+00, 5.2612E-01, 5.7690E+00,-3.1128E-01, 6.2024E+00
"d                                                                                                                     "
  34112.010, -37887.980,-6.0669E-01, 3.5352E+00,-3.5767E-01, 2.5110E+00, 1.0400E+00, 6.2634E+00,-2.9175E-01, 6.2244E+00
"f2                                                                                                                    "
  34113.390, -37886.600,-6.0669E-01, 3.5352E+00,-3.5767E-01, 2.5110E+00, 1.0059E+00, 6.2183E+00,-2.8931E-01, 6.2244E+00
"b                                                                                                                     "
  34117.140, -37882.850,-6.0791E-01, 3.5352E+00,-3.5767E-01, 2.5110E+00, 7.9956E-01, 6.0352E+00,-2.9175E-01, 6.2244E+00
"c                                                                                                                     "
  34117.890, -37882.100,-6.0547E-01, 3.5339E+00,-3.5400E-01, 2.5110E+00, 1.0706E+00, 6.2915E+00,-2.8564E-01, 6.2244E+00
"b                                                                                                                     "
  34580.400, -37419.590,-6.0547E-01, 3.5364E+00,-3.5767E-01, 2.5134E+00, 1.1658E+00, 6.3647E+00,-2.9175E-01, 6.2256E+00
"d                                                                                                                     "
  36000.110, -35999.880,-6.0425E-01, 3.5388E+00,-3.5400E-01, 2.5171E+00, 1.2891E+00, 6.5051E+00,-2.8809E-01, 6.2268E+00
