"NP                                                                                                                    "
    330.780, -71669.210,-6.1279E-01, 3.5388E+00,-3.7476E-01, 2.5037E+00,-5.3101E-01, 4.6997E+00, 7.1899E-01, 7.4670E+00
"P                                                                                                                     "
    349.950, -71650.040,-6.0425E-01, 3.5400E+00,-3.7109E-01, 2.5024E+00,-5.2734E-01, 4.7009E+00, 1.4868E+00, 7.9822E+00
"C                                                                                                                     "
    354.900, -71645.090,-5.9814E-01, 3.5413E+00,-3.6499E-01, 2.5024E+00,-5.2979E-01, 4.6997E+00, 1.5796E+00, 8.0920E+00
"D                                                                                                                     "
    370.440, -71629.550,-6.0303E-01, 3.5388E+00,-3.6865E-01, 2.5024E+00,-5.3101E-01, 4.6997E+00, 1.6895E+00, 8.1812E+00
"B                                                                                                                     "
    371.790, -71628.200,-6.0913E-01, 3.5400E+00,-3.7109E-01, 2.5024E+00,-5.3101E-01, 4.6985E+00, 1.6174E+00, 8.1299E+00
"C                                                                                                                     "
    386.550, -71613.440,-6.0059E-01, 3.5400E+00,-3.7231E-01, 2.5024E+00,-5.2856E-01, 4.6997E+00, 1.7651E+00, 8.2532E+00
"D                                                                                                                     "
    655.590, -71344.400,-5.9692E-01, 3.5376E+00,-3.6987E-01, 2.5012E+00,-5.0659E-01, 4.7290E+00, 1.5942E+00, 8.0859E+00
"CG                                                                                                                    "
    755.100, -71244.890,-6.1035E-01, 3.5388E+00,-3.7476E-01, 2.5012E+00,-5.3589E-01, 4.6948E+00, 1.6125E+00, 8.1531E+00
"B                                                                                                                     "
    770.190, -71229.800,-6.1157E-01, 3.5376E+00,-3.7231E-01, 2.5024E+00,-5.3589E-01, 4.6960E+00, 1.4636E+00, 7.9529E+00
"C                                                                                                                     "
    786.900, -71213.090,-6.0303E-01, 3.5376E+00,-3.6865E-01, 2.5024E+00,-5.3223E-01, 4.6960E+00, 1.4954E+00, 7.9858E+00
"CG                                                                                                                    "
    915.990, -71084.000,-6.0059E-01, 3.5400E+00,-3.6499E-01, 2.5049E+00,-5.3101E-01, 4.6997E+00, 1.4526E+00, 7.9480E+00
"G                                                                                                                     "
    962.190, -71037.800,-6.0303E-01, 3.5413E+00,-3.7354E-01, 2.5049E+00,-4.6753E-01, 4.7461E+00, 1.6296E+00, 8.1567E+00
"F2                                                                                                                    "
    964.470, -71035.520,-6.0059E-01, 3.5400E+00,-3.7231E-01, 2.5049E+00,-5.2368E-01, 4.7021E+00, 1.6516E+00, 8.1519E+00
"G                                                                                                                     "
   1410.180, -70589.810,-6.0181E-01, 3.5388E+00,-3.6743E-01, 2.5049E+00, 9.2773E-02, 5.3162E+00, 7.3853E-01, 7.4988E+00
"Z                                                                                                                     "
  11217.660, -60782.330,-5.8838E-01, 3.5498E+00,-3.6987E-01, 2.5049E+00,-9.4116E-01, 4.2993E+00, 8.0444E-01, 7.1667E+00
"P                                                                                                                     "
  11249.880, -60750.110,-5.8960E-01, 3.5486E+00,-3.6133E-01, 2.5061E+00,-6.2378E-01, 4.5886E+00, 1.0742E-01, 6.6040E+00
"B2                                                                                                                    "
  11251.860, -60748.130,-5.9204E-01, 3.5498E+00,-3.6621E-01, 2.5061E+00, 2.2278E+00, 7.4805E+00, 1.0132E-01, 6.6138E+00
"B                                                                                                                     "
  11274.060, -60725.930,-5.9082E-01, 3.5486E+00,-3.6621E-01, 2.5061E+00, 2.4573E+00, 7.7417E+00, 3.6743E-01, 6.8762E+00
"C                                                                                                                     "
  11280.300, -60719.690,-5.8594E-01, 3.5498E+00,-3.6987E-01, 2.5061E+00,-5.0781E-01, 4.7620E+00, 5.1636E-01, 7.0154E+00
"C                                                                                                                     "
  11296.320, -60703.670,-5.9204E-01, 3.5510E+00,-3.6621E-01, 2.5061E+00,-7.7026E-01, 4.4629E+00, 4.1016E-01, 6.9189E+00
"D                                                                                                                     "
  11331.330, -60668.660,-5.8594E-01, 3.5498E+00,-3.6377E-01, 2.5061E+00,-4.0527E-01, 4.8010E+00, 6.5918E-01, 7.1814E+00
"F2                                                                                                                    "
  11336.730, -60663.260,-5.9570E-01, 3.5486E+00,-3.6743E-01, 2.5073E+00,-3.3813E-01, 4.8865E+00, 5.2734E-01, 7.0251E+00
"B                                                                                                                     "
  11343.930, -60656.060,-5.9204E-01, 3.5486E+00,-3.6499E-01, 2.5061E+00,-2.7100E-01, 4.9451E+00, 5.9937E-01, 7.1057E+00
"C                                                                                                                     "
  11349.540, -60650.450,-5.8594E-01, 3.5510E+00,-3.6743E-01, 2.5061E+00,-2.1484E-01, 5.0012E+00, 7.9590E-01, 7.2913E+00
"CG                                                                                                                    "
  11418.660, -60581.330,-5.9570E-01, 3.5498E+00,-3.6987E-01, 2.5061E+00, 2.8076E-02, 5.2576E+00, 7.3853E-01, 7.2632E+00
"F2                                                                                                                    "
  11422.620, -60577.370,-5.9326E-01, 3.5498E+00,-3.6499E-01, 2.5061E+00, 2.5635E-02, 5.2515E+00, 6.5796E-01, 7.1667E+00
"B                                                                                                                     "
  11427.540, -60572.450,-5.9692E-01, 3.5486E+00,-3.6377E-01, 2.5061E+00,-9.7656E-03, 5.2588E+00, 7.2144E-01, 7.2412E+00
"C                                                                                                                     "
  11443.200, -60556.790,-5.8838E-01, 3.5486E+00,-3.6621E-01, 2.5061E+00,-2.6001E-01, 4.9707E+00, 8.3130E-01, 7.3291E+00
"B                                                                                                                     "
  11445.840, -60554.150,-5.9448E-01, 3.5486E+00,-3.6743E-01, 2.5061E+00,-3.0396E-01, 4.9231E+00, 8.2397E-01, 7.3438E+00
"C                                                                                                                     "
  11446.590, -60553.400,-5.8716E-01, 3.5498E+00,-3.6621E-01, 2.5061E+00,-3.2959E-01, 4.9146E+00, 8.4717E-01, 7.2876E+00
"D                                                                                                                     "
  11457.600, -60542.390,-5.9448E-01, 3.5486E+00,-3.6987E-01, 2.5061E+00,-3.2959E-02, 5.2014E+00, 1.0095E+00, 7.5598E+00
"C                                                                                                                     "
  11469.360, -60530.630,-5.9204E-01, 3.5486E+00,-3.6865E-01, 2.5061E+00, 1.2695E-01, 5.3479E+00, 9.6191E-01, 7.4634E+00
"D                                                                                                                     "
  11570.460, -60429.530,-5.8472E-01, 3.5474E+00,-3.6865E-01, 2.5049E+00, 3.5767E-01, 5.5774E+00, 7.8003E-01, 7.2693E+00
"F2                                                                                                                    "
  11573.340, -60426.650,-5.8838E-01, 3.5461E+00,-3.6499E-01, 2.5049E+00, 3.7842E-01, 5.5957E+00, 7.1533E-01, 7.2180E+00
"B                                                                                                                     "
  11577.150, -60422.840,-5.9326E-01, 3.5474E+00,-3.6743E-01, 2.5049E+00, 3.9185E-01, 5.6189E+00, 9.8755E-01, 7.4915E+00
"C                                                                                                                     "
  11582.850, -60417.140,-5.9570E-01, 3.5474E+00,-3.6865E-01, 2.5049E+00, 4.2847E-01, 5.6531E+00, 9.1431E-01, 7.4170E+00
"D                                                                                                                     "
  11711.010, -60288.980,-5.9326E-01, 3.5461E+00,-3.6865E-01, 2.5037E+00, 1.2976E+00, 6.4941E+00, 1.0962E+00, 7.5903E+00
"G                                                                                                                     "
  11769.570, -60230.420,-5.8960E-01, 3.5474E+00,-3.6865E-01, 2.5049E+00, 8.8867E-01, 6.1035E+00, 9.1797E-01, 7.4194E+00
"F2                                                                                                                    "
  11772.240, -60227.750,-6.0181E-01, 3.5461E+00,-3.6865E-01, 2.5049E+00, 7.8003E-01, 5.9998E+00, 7.4341E-01, 7.2461E+00
"B                                                                                                                     "
  11774.460, -60225.530,-5.9937E-01, 3.5461E+00,-3.6621E-01, 2.5049E+00, 7.6904E-01, 5.9851E+00, 7.8613E-01, 7.2986E+00
"G                                                                                                                     "
  13217.670, -58782.320,-5.9692E-01, 3.5352E+00,-3.7109E-01, 2.5049E+00,-5.2246E-01, 4.7070E+00, 4.4678E-01, 7.1082E+00
"C                                                                                                                     "
  13252.590, -58747.400,-6.0059E-01, 3.5352E+00,-3.6865E-01, 2.5049E+00,-5.2490E-01, 4.7009E+00, 5.9326E-01, 7.1558E+00
"D                                                                                                                     "
  13364.190, -58635.800, 1.8140E+00, 5.9338E+00,-3.6621E-01, 2.5061E+00,-5.3467E-01, 4.6973E+00, 9.4727E-01, 7.4536E+00
"G                                                                                                                     "
  15504.660, -56495.330, 6.4575E-01, 4.7668E+00,-3.7109E-01, 2.5024E+00, 2.3804E-01, 5.4639E+00, 4.8706E-01, 6.6833E+00
"B                                                                                                                     "
  15508.230, -56491.760, 6.4453E-01, 4.7656E+00,-3.7109E-01, 2.5037E+00, 3.1494E-01, 5.5383E+00, 3.0762E-01, 6.6321E+00
"C                                                                                                                     "
  15510.780, -56489.210, 6.4697E-01, 4.7559E+00,-3.7109E-01, 2.5024E+00, 2.6855E-01, 5.4797E+00, 7.0557E-01, 7.2034E+00
"D                                                                                                                     "
  15516.510, -56483.480, 6.6895E-01, 4.7839E+00,-3.6987E-01, 2.5024E+00, 9.9487E-01, 6.2695E+00, 8.5938E-01, 7.3523E+00
"C                                                                                                                     "
  15520.950, -56479.040, 6.6528E-01, 4.7888E+00,-3.7109E-01, 2.5024E+00, 1.1963E+00, 6.4087E+00, 1.2207E-03, 6.5137E+00
"D                                                                                                                     "
  15526.350, -56473.640, 6.6162E-01, 4.7729E+00,-3.6743E-01, 2.5024E+00, 3.1860E-01, 5.5334E+00, 8.0811E-01, 7.2998E+00
"C                                                                                                                     "
  15532.260, -56467.730, 6.6162E-01, 4.7803E+00,-3.6621E-01, 2.5037E+00, 1.7212E-01, 5.3784E+00, 2.4414E-03, 6.5112E+00
"D                                                                                                                     "
  15557.880, -56442.110, 6.3721E-01, 4.7656E+00,-3.6865E-01, 2.5024E+00, 3.4058E-01, 5.5676E+00, 1.4648E-02, 6.5417E+00
"C                                                                                                                     "
  15559.470, -56440.520, 6.6040E-01, 4.7766E+00,-3.6865E-01, 2.5024E+00, 1.4990E+00, 6.7139E+00,-3.6621E-03, 6.5063E+00
"CG                                                                                                                     "
  15567.480, -56432.510, 6.4819E-01, 4.7778E+00,-3.7109E-01, 2.5024E+00, 3.9185E-01, 5.6165E+00, 7.7393E-01, 7.2729E+00
"C                                                                                                                     "
  15596.550, -56403.440, 6.5796E-01, 4.7791E+00,-3.6865E-01, 2.5024E+00, 4.0405E-01, 5.6250E+00, 1.8066E-01, 6.8713E+00
"CG                                                                                                                     "
  15654.810, -56345.180, 6.2866E-01, 4.7498E+00,-3.6865E-01, 2.5024E+00, 4.2969E-01, 5.6445E+00, 9.5459E-01, 6.9678E+00
"G                                                                                                                     "
  15689.070, -56310.920, 6.2866E-01, 4.7400E+00,-3.6743E-01, 2.5037E+00, 6.6406E-01, 5.8752E+00,-2.9907E-01, 6.2354E+00
"Z                                                                                                                     "
  36000.090, -35999.900, 4.1113E+00,-6.0669E-01, 6.1340E+00, 2.9089E+00, 3.2446E+00,-2.3108E+00, 2.9785E+00, 7.8223E+00
