"NP                                                                                                                    "
    294.270, -71705.720,-3.9063E-02, 4.0930E+00, 1.4551E+00, 3.3301E+00,-5.2124E-01, 4.7095E+00,-2.9297E-01, 6.2231E+00
"P                                                                                                                     "
    313.530, -71686.460,-4.0283E-02, 4.0930E+00, 2.5610E+00, 5.5444E+00,-5.1758E-01, 4.7083E+00,-3.1250E-01, 6.2012E+00
"G                                                                                                                     "
    377.010, -71622.980,-3.5400E-02, 4.0930E+00, 2.8442E-01, 4.0454E+00,-5.2124E-01, 4.7083E+00,-3.0151E-01, 6.2134E+00
"Z                                                                                                                     "
   1364.040, -70635.950,-5.1880E-01, 3.6450E+00, 2.5476E+00, 4.9170E+00,-5.1636E-01, 4.7119E+00,-3.2104E-01, 6.1926E+00
"P                                                                                                                     "
   1385.190, -70614.800, 3.8171E+00, 7.8979E+00, 1.7651E+00, 4.5935E+00,-5.1392E-01, 4.7156E+00,-3.2227E-01, 6.1902E+00
"B2                                                                                                                    "
   1389.000, -70610.990, 3.8501E+00, 7.9236E+00, 1.7798E+00, 4.5984E+00,-5.1025E-01, 4.7241E+00,-3.2471E-01, 6.1902E+00
"P                                                                                                                     "
   1403.040, -70596.950, 3.8147E+00, 7.8882E+00, 1.8457E+00, 4.6460E+00,-5.1514E-01, 4.7107E+00,-3.1982E-01, 6.1914E+00
"B2                                                                                                                    "
   1408.020, -70591.970, 3.8245E+00, 7.8992E+00, 1.7847E+00, 4.6240E+00,-5.2002E-01, 4.7119E+00,-3.2471E-01, 6.1914E+00
"P                                                                                                                     "
   1417.260, -70582.730, 3.7683E+00, 7.8650E+00, 1.7761E+00, 4.6143E+00,-5.2002E-01, 4.7107E+00,-3.2349E-01, 6.1902E+00
"C                                                                                                                     "
   1419.480, -70580.510, 3.8403E+00, 7.9297E+00, 1.9507E+00, 4.8010E+00,-5.2124E-01, 4.7107E+00,-3.2471E-01, 6.1902E+00
"B                                                                                                                     "
   1421.730, -70578.260, 3.8525E+00, 7.9102E+00, 1.9727E+00, 4.8035E+00,-5.0781E-01, 4.7205E+00,-3.2227E-01, 6.1902E+00
"C                                                                                                                     "
   1425.210, -70574.780,-5.5298E-01, 3.5852E+00, 1.9031E+00, 4.6753E+00,-5.1392E-01, 4.7131E+00,-3.2227E-01, 6.1902E+00
"D                                                                                                                     "
   1443.030, -70556.960, 2.7539E+00, 6.8359E+00, 1.9446E+00, 4.7485E+00,-5.1758E-01, 4.7107E+00,-3.2227E-01, 6.1902E+00
"FB                                                                                                                    "
   1447.260, -70552.730, 3.0383E+00, 7.1094E+00, 2.3584E+00, 5.1550E+00,-5.2002E-01, 4.7107E+00,-3.2471E-01, 6.1902E+00
"B                                                                                                                     "
   1449.420, -70550.570, 3.0505E+00, 7.1411E+00, 2.0178E+00, 4.8438E+00,-5.2002E-01, 4.7119E+00,-3.2715E-01, 6.1902E+00
"C                                                                                                                     "
   1454.160, -70545.830, 3.3240E+00, 7.3950E+00, 2.3669E+00, 5.1831E+00,-5.2246E-01, 4.7095E+00,-3.2349E-01, 6.1902E+00
"DG                                                                                                                    "
   1528.320, -70471.670, 3.6926E+00, 7.7747E+00, 2.3132E+00, 5.1392E+00,-5.1880E-01, 4.7107E+00,-3.2227E-01, 6.1902E+00
"C                                                                                                                     "
   1530.540, -70469.450, 3.9038E+00, 7.9565E+00, 2.4963E+00, 5.4419E+00,-5.1392E-01, 4.7168E+00,-3.2471E-01, 6.1902E+00
"DG                                                                                                                    "
   1544.100, -70455.890, 3.7244E+00, 7.8064E+00, 2.5500E+00, 5.3979E+00,-5.0781E-01, 4.7217E+00,-3.2227E-01, 6.1890E+00
"C                                                                                                                     "
   1548.420, -70451.570, 3.7195E+00, 7.8040E+00, 2.6697E+00, 5.4883E+00,-5.0659E-01, 4.7229E+00,-3.2471E-01, 6.1890E+00
"DG                                                                                                                    "
   1573.140, -70426.850, 3.5950E+00, 7.6770E+00, 2.4438E+00, 5.2808E+00,-5.1636E-01, 4.7095E+00,-3.2471E-01, 6.1902E+00
"F2                                                                                                                    "
   1575.750, -70424.240, 3.8110E+00, 7.8796E+00, 2.4670E+00, 5.2869E+00,-5.1636E-01, 4.7119E+00,-3.2471E-01, 6.1902E+00
"B                                                                                                                     "
   1580.640, -70419.350, 4.3640E+00, 8.4216E+00, 2.4854E+00, 5.3027E+00,-5.1636E-01, 4.7168E+00,-3.2471E-01, 6.1890E+00
"C                                                                                                                     "
   1581.690, -70418.300, 3.5437E+00, 7.6477E+00, 2.7454E+00, 5.5579E+00,-5.0659E-01, 4.7131E+00,-3.2593E-01, 6.1890E+00
"DG                                                                                                                    "
   1715.340, -70284.650, 3.7512E+00, 7.8479E+00, 2.4890E+00, 5.3357E+00,-5.1880E-01, 4.7131E+00,-3.2471E-01, 6.1914E+00
"Z                                                                                                                     "
   1782.610, -70217.380, 3.6914E+00, 7.7612E+00, 4.1138E-01, 3.2544E+00,-5.1514E-01, 4.7144E+00,-3.2349E-01, 6.1938E+00
"P                                                                                                                     "
   1789.540, -70210.450, 4.0344E+00, 8.1140E+00, 3.4265E+00, 5.9131E+00,-5.1392E-01, 4.7144E+00,-3.2471E-01, 6.1938E+00
"D                                                                                                                     "
   1828.150, -70171.840, 4.0295E+00, 8.1128E+00, 2.2754E+00, 5.0952E+00,-5.1636E-01, 4.7156E+00,-3.2104E-01, 6.1938E+00
"DG                                                                                                                    "
   1828.150, -70171.840, 4.0295E+00, 8.1128E+00, 2.2754E+00, 5.0952E+00,-5.1636E-01, 4.7156E+00,-3.2104E-01, 6.1938E+00
"B                                                                                                                     "
   1831.540, -70168.450, 3.6780E+00, 7.7612E+00, 3.3740E+00, 5.9863E+00,-5.1514E-01, 4.7156E+00,-3.1738E-01, 6.1951E+00
"C                                                                                                                     "
   1832.470, -70167.520, 4.0320E+00, 8.0957E+00, 2.4866E+00, 5.3040E+00,-5.1758E-01, 4.7144E+00,-3.1982E-01, 6.1951E+00
"DG                                                                                                                    "
   1843.060, -70156.930, 3.7378E+00, 7.8088E+00, 2.3694E+00, 5.2148E+00,-5.1392E-01, 4.7144E+00,-3.1616E-01, 6.1951E+00
"CG                                                                                                                    "
   1846.780, -70153.210, 3.7354E+00, 7.8198E+00, 2.3486E+00, 5.1807E+00,-5.1636E-01, 4.7156E+00,-3.2104E-01, 6.1938E+00
"G                                                                                                                     "
   1853.860, -70146.130, 3.9990E+00, 8.0713E+00, 2.4854E+00, 5.3174E+00,-5.1514E-01, 4.7144E+00,-3.1982E-01, 6.1938E+00
"Z                                                                                                                     "
  15634.840, -56365.150, 2.2375E+00, 6.3513E+00, 1.4941E+00, 4.1125E+00,-4.9194E-01, 4.7375E+00,-2.9907E-01, 6.2122E+00
"P                                                                                                                     "
  15667.180, -56332.810, 2.2815E+00, 6.4038E+00, 7.1655E-01, 3.5510E+00,-4.8828E-01, 4.7363E+00,-2.9907E-01, 6.2122E+00
"C                                                                                                                     "
  15674.050, -56325.940, 2.4023E+00, 6.4893E+00, 1.0498E+00, 3.8660E+00,-4.8828E-01, 4.7363E+00,-3.0396E-01, 6.2122E+00
"D                                                                                                                     "
  15683.140, -56316.850, 2.3523E+00, 6.4319E+00, 1.1902E+00, 4.0320E+00,-4.9194E-01, 4.7363E+00,-3.0273E-01, 6.2122E+00
"FB                                                                                                                    "
  15687.430, -56312.560, 2.4622E+00, 6.5503E+00, 8.9478E-01, 3.7939E+00,-4.9194E-01, 4.7363E+00,-3.0151E-01, 6.2122E+00
"B                                                                                                                     "
  15694.450, -56305.540, 2.4194E+00, 6.5161E+00, 1.2061E+00, 4.0576E+00,-4.9194E-01, 4.7363E+00,-3.0029E-01, 6.2122E+00
"C                                                                                                                     "
  15698.380, -56301.610, 2.3169E+00, 6.4307E+00, 1.5796E+00, 4.2065E+00,-4.9316E-01, 4.7363E+00,-3.0029E-01, 6.2122E+00
"D                                                                                                                     "
  15701.590, -56298.400, 2.1667E+00, 6.2585E+00, 1.2927E+00, 4.2847E+00,-4.9072E-01, 4.7363E+00,-3.0029E-01, 6.2122E+00
"B                                                                                                                     "
  15702.550, -56297.440, 2.2070E+00, 6.3049E+00, 1.5613E+00, 4.2126E+00,-4.9194E-01, 4.7363E+00,-3.0151E-01, 6.2122E+00
"D                                                                                                                     "
  15703.570, -56296.420, 2.3132E+00, 6.4136E+00, 1.3965E+00, 4.3677E+00,-4.8828E-01, 4.7375E+00,-2.9663E-01, 6.2122E+00
"B                                                                                                                     "
  15704.950, -56295.040, 2.3682E+00, 6.4722E+00, 1.3269E+00, 4.1589E+00,-4.9194E-01, 4.7363E+00,-3.0029E-01, 6.2109E+00
"C                                                                                                                     "
  15706.360, -56293.630, 2.4170E+00, 6.5063E+00, 1.3574E+00, 4.2017E+00,-4.9072E-01, 4.7363E+00,-3.0029E-01, 6.2122E+00
"DG                                                                                                                    "
  15732.760, -56267.230, 2.2998E+00, 6.3806E+00, 1.4209E+00, 4.2529E+00,-4.9194E-01, 4.7363E+00,-2.9785E-01, 6.2122E+00
"B                                                                                                                     "
  15736.450, -56263.540, 2.4609E+00, 6.5430E+00, 1.5466E+00, 4.2322E+00,-4.9194E-01, 4.7375E+00,-3.0029E-01, 6.2122E+00
"C                                                                                                                     "
  15745.180, -56254.810, 2.3975E+00, 6.5063E+00, 1.5503E+00, 4.4409E+00,-4.9194E-01, 4.7363E+00,-2.9907E-01, 6.2122E+00
"D                                                                                                                     "
  15751.510, -56248.480, 2.4768E+00, 6.5686E+00, 1.4575E+00, 4.2871E+00,-4.9072E-01, 4.7363E+00,-2.9663E-01, 6.2109E+00
"C                                                                                                                     "
  15754.690, -56245.300, 2.4658E+00, 6.5491E+00, 1.5503E+00, 4.3701E+00,-4.9316E-01, 4.7351E+00,-3.0151E-01, 6.2122E+00
"D                                                                                                                     "
  15762.640, -56237.350, 2.4609E+00, 6.5381E+00, 1.5430E+00, 4.4263E+00,-4.8950E-01, 4.7363E+00,-3.0151E-01, 6.2109E+00
"F2                                                                                                                    "
  15765.340, -56234.650, 2.4329E+00, 6.5088E+00, 1.5356E+00, 4.3896E+00,-4.9316E-01, 4.7351E+00,-3.0029E-01, 6.2109E+00
"B                                                                                                                     "
  15772.780, -56227.210, 2.4036E+00, 6.4929E+00, 1.6553E+00, 4.2969E+00,-4.9072E-01, 4.7351E+00,-2.9907E-01, 6.2109E+00
"C                                                                                                                     "
  15776.020, -56223.970, 2.4756E+00, 6.5552E+00, 1.5320E+00, 4.4348E+00,-4.9438E-01, 4.7339E+00,-2.9785E-01, 6.2122E+00
"B2                                                                                                                    "
  15776.920, -56223.070, 2.3682E+00, 6.4612E+00, 1.3452E+00, 4.1809E+00,-4.9072E-01, 4.7363E+00,-3.0396E-01, 6.2109E+00
"B                                                                                                                     "
  15805.540, -56194.450, 2.4548E+00, 6.5344E+00, 1.5930E+00, 4.3262E+00,-4.9072E-01, 4.7351E+00,-3.0273E-01, 6.2109E+00
"C                                                                                                                     "
  15806.500, -56193.490, 2.4670E+00, 6.5503E+00, 1.4429E+00, 4.2786E+00,-4.9316E-01, 4.7351E+00,-3.0151E-01, 6.2109E+00
"B                                                                                                                     "
  15809.650, -56190.340, 2.4561E+00, 6.5405E+00, 1.6394E+00, 4.3811E+00,-4.9194E-01, 4.7351E+00,-3.0273E-01, 6.2097E+00
"C                                                                                                                     "
  15813.490, -56186.500, 2.5012E+00, 6.5833E+00, 1.5442E+00, 4.3701E+00,-4.9316E-01, 4.7339E+00,-3.0029E-01, 6.2109E+00
"D                                                                                                                     "
  15838.390, -56161.600, 2.4316E+00, 6.5125E+00, 1.5796E+00, 4.4495E+00,-4.9316E-01, 4.7339E+00,-3.0273E-01, 6.2109E+00
"B                                                                                                                     "
  15845.170, -56154.820, 2.4609E+00, 6.5625E+00, 1.4880E+00, 4.3335E+00,-4.9316E-01, 4.7351E+00,-2.9663E-01, 6.2109E+00
"C                                                                                                                     "
  15845.950, -56154.040, 2.4988E+00, 6.5747E+00, 1.9580E+00, 4.5850E+00,-4.9438E-01, 4.7339E+00,-3.0151E-01, 6.2109E+00
"D                                                                                                                     "
  15862.570, -56137.420, 2.4280E+00, 6.5234E+00, 1.6272E+00, 4.4507E+00,-4.9316E-01, 4.7339E+00,-2.9907E-01, 6.2109E+00
"B                                                                                                                     "
  15879.730, -56120.260, 2.3865E+00, 6.4795E+00, 1.5552E+00, 4.3835E+00,-4.9561E-01, 4.7327E+00,-3.0640E-01, 6.2109E+00
"D                                                                                                                     "
  15895.990, -56104.000, 2.2485E+00, 6.3513E+00, 1.5466E+00, 4.4385E+00,-4.9561E-01, 4.7327E+00,-3.0273E-01, 6.2097E+00
"B2                                                                                                                    "
  15898.630, -56101.360, 2.3108E+00, 6.3977E+00, 1.7358E+00, 4.5435E+00,-4.9438E-01, 4.7327E+00,-3.0273E-01, 6.2109E+00
"B                                                                                                                     "
  15906.220, -56093.770, 2.2107E+00, 6.3733E+00, 1.4600E+00, 4.2847E+00,-4.9194E-01, 4.7339E+00,-3.0151E-01, 6.2109E+00
"G                                                                                                                     "
  16385.530, -55614.460, 2.3767E+00, 6.5698E+00, 1.5881E+00, 4.4409E+00,-4.9561E-01, 4.7339E+00,-3.0518E-01, 6.2109E+00
"CG                                                                                                                    "
  16402.330, -55597.660, 2.3364E+00, 6.4148E+00, 9.4727E-01, 3.7964E+00,-4.9316E-01, 4.7339E+00,-3.0029E-01, 6.2122E+00
"D                                                                                                                     "
  16409.740, -55590.250, 2.5220E+00, 6.6138E+00, 1.5894E+00, 4.4202E+00,-4.9316E-01, 4.7339E+00,-2.9907E-01, 6.2122E+00
"B2                                                                                                                    "
  16412.110, -55587.880, 2.5232E+00, 6.6113E+00, 1.6431E+00, 4.4812E+00,-4.9072E-01, 4.7339E+00,-3.0396E-01, 6.2109E+00
"B                                                                                                                     "
  16421.620, -55578.370, 2.4707E+00, 6.5540E+00, 1.6455E+00, 4.4800E+00,-4.9438E-01, 4.7339E+00,-3.0273E-01, 6.2109E+00
"C                                                                                                                     "
  16422.610, -55577.380, 2.4854E+00, 6.5637E+00, 1.7139E+00, 4.5325E+00,-4.9438E-01, 4.7339E+00,-3.0151E-01, 6.2122E+00
"B                                                                                                                     "
  16423.960, -55576.030, 2.4414E+00, 6.5356E+00, 1.6345E+00, 4.4580E+00,-4.9316E-01, 4.7351E+00,-3.0273E-01, 6.2109E+00
"CG                                                                                                                    "
  16429.030, -55570.960, 2.5000E+00, 6.5820E+00, 1.8225E+00, 4.6387E+00,-4.9194E-01, 4.7339E+00,-3.0151E-01, 6.2122E+00
"G                                                                                                                     "
  17189.260, -54810.730, 2.5610E+00, 6.6394E+00, 1.6016E+00, 4.4153E+00,-4.9561E-01, 4.7314E+00,-3.0396E-01, 6.2085E+00
"CG                                                                                                                    "
  17206.780, -54793.210, 2.5244E+00, 6.6235E+00, 1.6882E+00, 4.5044E+00,-4.9683E-01, 4.7314E+00,-3.0518E-01, 6.2085E+00
"F2                                                                                                                    "
  17207.830, -54792.160, 2.5500E+00, 6.6272E+00, 1.8469E+00, 4.5642E+00,-4.9561E-01, 4.7314E+00,-3.0640E-01, 6.2085E+00
"B                                                                                                                     "
  17214.730, -54785.260, 2.5232E+00, 6.6162E+00, 1.2708E+00, 4.1052E+00,-4.9438E-01, 4.7314E+00,-3.0273E-01, 6.2085E+00
"DG                                                                                                                    "
  17344.480, -54655.510, 2.5732E+00, 6.6602E+00, 9.1064E-01, 3.3887E+00,-4.9561E-01, 4.7314E+00,-3.0640E-01, 6.2073E+00
"CG                                                                                                                    "
  17347.990, -54652.000, 2.4939E+00, 6.5735E+00, 1.3184E-01, 2.9968E+00,-4.9561E-01, 4.7314E+00,-3.0273E-01, 6.2085E+00
"G                                                                                                                     "
  18268.390, -53731.600, 2.4438E+00, 6.5234E+00, 1.7334E+00, 4.5435E+00,-4.9438E-01, 4.7339E+00,-3.0151E-01, 6.2097E+00
"DG                                                                                                                    "
  18282.850, -53717.140, 2.5281E+00, 6.6040E+00, 1.7700E+00, 4.5935E+00,-4.9438E-01, 4.7327E+00,-3.0029E-01, 6.2097E+00
"B                                                                                                                     "
  18290.620, -53709.370, 2.4780E+00, 6.5637E+00, 1.0669E+00, 3.9075E+00,-4.9561E-01, 4.7327E+00,-3.0151E-01, 6.2097E+00
"DG                                                                                                                    "
  18307.420, -53692.570, 2.4902E+00, 6.5625E+00, 1.8750E+00, 4.7009E+00,-4.9316E-01, 4.7327E+00,-3.0151E-01, 6.2097E+00
"G                                                                                                                     "
  21764.260, -50235.730, 2.3474E+00, 6.4307E+00, 1.5479E+00, 4.3762E+00,-4.9316E-01, 4.7351E+00,-3.1006E-01, 6.2024E+00
"CG                                                                                                                    "
  21772.390, -50227.600, 2.2900E+00, 6.3855E+00, 1.2207E+00, 4.0576E+00,-4.9194E-01, 4.7351E+00,-3.1128E-01, 6.2024E+00
"D                                                                                                                     "
  21778.240, -50221.750, 2.3083E+00, 6.4050E+00, 1.5869E+00, 4.4263E+00,-4.9316E-01, 4.7351E+00,-3.0762E-01, 6.2036E+00
"B                                                                                                                     "
  21787.390, -50212.600, 2.2961E+00, 6.3818E+00, 1.6895E+00, 4.5203E+00,-4.9316E-01, 4.7339E+00,-3.1128E-01, 6.2024E+00
"C                                                                                                                     "
  21788.380, -50211.610, 2.3022E+00, 6.3879E+00, 1.7444E+00, 4.5715E+00,-4.9438E-01, 4.7339E+00,-3.0762E-01, 6.2024E+00
"DG                                                                                                                    "
  21807.700, -50192.290, 2.3206E+00, 6.4075E+00, 1.5320E+00, 4.3689E+00,-4.9438E-01, 4.7339E+00,-3.0884E-01, 6.2024E+00
"B                                                                                                                     "
  21816.550, -50183.440, 2.3535E+00, 6.4368E+00, 1.6675E+00, 4.4922E+00,-4.9316E-01, 4.7339E+00,-3.0640E-01, 6.2024E+00
"G                                                                                                                     "
  21843.460, -50156.530, 2.3010E+00, 6.3977E+00, 1.7810E+00, 4.6460E+00,-4.9316E-01, 4.7339E+00,-3.1128E-01, 6.2024E+00
"B                                                                                                                     "
  21852.580, -50147.410, 2.3071E+00, 6.4087E+00, 1.6736E+00, 4.5056E+00,-4.9561E-01, 4.7339E+00,-3.1128E-01, 6.2024E+00
"CG                                                                                                                    "
  21875.140, -50124.850, 2.3132E+00, 6.4001E+00, 1.7798E+00, 4.4507E+00,-4.9561E-01, 4.7339E+00,-3.1128E-01, 6.2024E+00
"G                                                                                                                     "
  22035.190, -49964.800, 2.3547E+00, 6.4514E+00, 1.7346E+00, 4.6167E+00,-4.9561E-01, 4.7327E+00,-3.0640E-01, 6.2024E+00
"B                                                                                                                     "
  22042.000, -49957.990, 2.3718E+00, 6.4734E+00, 1.6956E+00, 4.5300E+00,-4.9316E-01, 4.7327E+00,-3.1006E-01, 6.2012E+00
"C                                                                                                                     "
  22045.180, -49954.810, 2.2998E+00, 6.3806E+00, 1.6418E+00, 4.4861E+00,-4.9316E-01, 4.7327E+00,-3.0762E-01, 6.2024E+00
"G                                                                                                                     "
  22667.740, -49332.250, 2.2668E+00, 6.3660E+00, 1.4966E+00, 4.3127E+00,-4.9561E-01, 4.7314E+00,-3.0396E-01, 6.2097E+00
"DG                                                                                                                    "
  22684.270, -49315.720, 2.2668E+00, 6.3611E+00, 1.4978E+00, 4.3054E+00,-4.9805E-01, 4.7314E+00,-3.1616E-01, 6.1975E+00
"CG                                                                                                                    "
  22696.810, -49303.180, 2.2913E+00, 6.3745E+00, 1.7444E+00, 4.5691E+00,-4.9683E-01, 4.7314E+00,-3.1372E-01, 6.1987E+00
"DG                                                                                                                    "
  22714.630, -49285.360, 2.2803E+00, 6.3708E+00, 1.6199E+00, 4.4678E+00,-4.9683E-01, 4.7302E+00,-3.1250E-01, 6.2036E+00
"B                                                                                                                     "
  22722.940, -49277.050, 2.2876E+00, 6.3733E+00, 1.6162E+00, 4.4385E+00,-4.9316E-01, 4.7314E+00,-3.1128E-01, 6.2012E+00
"C                                                                                                                     "
  22723.900, -49276.090, 2.2900E+00, 6.3757E+00, 1.6760E+00, 4.5032E+00,-4.9683E-01, 4.7302E+00,-3.1372E-01, 6.2012E+00
"G                                                                                                                     "
  24804.610, -47195.380, 2.2253E+00, 6.3232E+00, 1.5820E+00, 3.9233E+00,-4.9438E-01, 4.7314E+00,-3.0640E-01, 6.2024E+00
"CG                                                                                                                    "
  24816.760, -47183.230, 2.2437E+00, 6.3477E+00, 1.7505E+00, 4.6033E+00,-4.9805E-01, 4.7314E+00,-3.1250E-01, 6.2012E+00
"D                                                                                                                     "
  24822.460, -47177.530, 2.2876E+00, 6.3672E+00, 1.8738E+00, 4.6851E+00,-4.9561E-01, 4.7302E+00,-3.0884E-01, 6.2024E+00
"B                                                                                                                     "
  24828.430, -47171.560, 2.3071E+00, 6.3940E+00, 1.8787E+00, 4.6252E+00,-4.9683E-01, 4.7314E+00,-3.0640E-01, 6.2012E+00
"DG                                                                                                                    "
  24851.950, -47148.040, 2.2278E+00, 6.3110E+00, 1.8372E+00, 4.6497E+00,-4.9683E-01, 4.7314E+00,-3.1250E-01, 6.2012E+00
"B                                                                                                                     "
  24858.550, -47141.440, 2.2375E+00, 6.3281E+00, 1.6711E+00, 4.5227E+00,-4.9561E-01, 4.7314E+00,-3.0884E-01, 6.2024E+00
"G                                                                                                                     "
  24925.030, -47074.960, 2.2864E+00, 6.3696E+00, 1.8384E+00, 4.6594E+00,-4.9561E-01, 4.7302E+00,-3.0640E-01, 6.2012E+00
"CG                                                                                                                    "
  24930.940, -47069.050, 2.2937E+00, 6.3855E+00, 1.7041E+00, 4.5398E+00,-4.9683E-01, 4.7302E+00,-3.0884E-01, 6.2012E+00
"DG                                                                                                                    "
  24933.760, -47066.230, 2.2961E+00, 6.3953E+00, 1.2500E+00, 4.3323E+00,-4.9805E-01, 4.7302E+00,-3.0884E-01, 6.2012E+00
"G                                                                                                                     "
  24942.310, -47057.680, 2.3315E+00, 6.4282E+00, 1.9275E+00, 4.8315E+00,-4.9561E-01, 4.7302E+00,-3.1250E-01, 6.2012E+00
"B                                                                                                                     "
  24952.510, -47047.480, 2.1887E+00, 6.2805E+00, 1.9177E+00, 4.7498E+00,-4.9683E-01, 4.7314E+00,-3.1006E-01, 6.2012E+00
"C                                                                                                                     "
  24956.260, -47043.730, 2.2351E+00, 6.3208E+00, 1.8665E+00, 4.6826E+00,-4.9805E-01, 4.7302E+00,-3.1128E-01, 6.2012E+00
"G                                                                                                                     "
  26164.090, -45835.900, 2.2449E+00, 6.3306E+00, 1.3757E+00, 4.4275E+00,-4.9683E-01, 4.7327E+00,-3.3447E-01, 6.1926E+00
"CG                                                                                                                    "
  26178.580, -45821.410, 2.2974E+00, 6.3806E+00, 1.6907E+00, 4.4580E+00,-4.9438E-01, 4.7314E+00,-2.9663E-01, 6.2097E+00
"B                                                                                                                     "
  26187.700, -45812.290, 2.3157E+00, 6.4136E+00, 1.6650E+00, 4.4910E+00,-4.9561E-01, 4.7314E+00,-3.1250E-01, 6.1975E+00
"CG                                                                                                                    "
  26194.300, -45805.690, 2.3376E+00, 6.4380E+00, 1.8054E+00, 4.6436E+00,-4.9561E-01, 4.7314E+00,-3.1250E-01, 6.2012E+00
"D                                                                                                                     "
  26199.580, -45800.410, 2.2473E+00, 6.3440E+00, 1.9678E+00, 4.7949E+00,-4.9683E-01, 4.7327E+00,-3.1250E-01, 6.2024E+00
"DG                                                                                                                    "
  26219.020, -45780.970, 2.1423E+00, 6.2415E+00, 1.9373E+00, 4.7595E+00,-4.9561E-01, 4.7314E+00,-3.6987E-01, 6.1377E+00
"B                                                                                                                     "
  26224.600, -45775.390, 2.2046E+00, 6.3000E+00, 1.6602E+00, 4.5068E+00,-4.9683E-01, 4.7314E+00,-2.8809E-01, 6.2305E+00
"G                                                                                                                     "
  29232.130, -42767.860, 2.2913E+00, 6.3696E+00, 1.7114E+00, 4.4263E+00,-4.9194E-01, 4.7339E+00,-3.0762E-01, 6.2036E+00
"CG                                                                                                                    "
  29250.490, -42749.500, 2.3572E+00, 6.4404E+00, 1.8103E+00, 4.6362E+00,-4.9316E-01, 4.7339E+00,-3.1006E-01, 6.2036E+00
"B                                                                                                                     "
  29254.720, -42745.270, 2.2302E+00, 6.3135E+00, 1.7017E+00, 4.5715E+00,-4.9194E-01, 4.7351E+00,-3.0762E-01, 6.2048E+00
"G                                                                                                                     "
  29257.000, -42742.990, 2.2437E+00, 6.3245E+00, 7.2510E-01, 3.8501E+00,-4.9072E-01, 4.7351E+00,-3.0884E-01, 6.2048E+00
"CG                                                                                                                    "
  29293.690, -42706.300, 2.3340E+00, 6.4258E+00, 1.9592E+00, 4.8633E+00,-4.9316E-01, 4.7351E+00,-3.1006E-01, 6.2048E+00
"B                                                                                                                     "
  29296.480, -42703.510, 2.3450E+00, 6.4355E+00, 1.8628E+00, 4.6436E+00,-4.9072E-01, 4.7351E+00,-3.0884E-01, 6.2036E+00
"G                                                                                                                     "
  29328.640, -42671.350, 2.2046E+00, 6.3013E+00, 2.1216E+00, 4.7839E+00,-4.9072E-01, 4.7363E+00,-3.0518E-01, 6.2036E+00
"B                                                                                                                     "
  29335.600, -42664.390, 2.2290E+00, 6.3281E+00, 1.8958E+00, 4.7266E+00,-4.9072E-01, 4.7363E+00,-3.0640E-01, 6.2048E+00
"G                                                                                                                     "
  32700.250, -39299.740, 2.1753E+00, 6.2793E+00,-3.1494E-01, 2.5842E+00,-4.9438E-01, 4.7351E+00,-3.0762E-01, 6.2036E+00
"Z                                                                                                                     "
  36000.040, -35999.950, 1.9543E+00, 6.0522E+00,-3.4058E-01, 2.5317E+00,-4.9194E-01, 4.7339E+00,-3.0762E-01, 6.2073E+00
