"NP                                                                                                                    "
    133.050, -71866.940,-5.3711E-01, 3.6023E+00, 1.4514E+00, 4.1846E+00, 7.2021E-02, 5.3064E+00, 5.0049E-02, 6.5674E+00
"P                                                                                                                     "
    220.620, -71779.370,-5.5420E-01, 3.5913E+00,-3.1982E-01, 2.5830E+00,-4.9072E-01, 4.7437E+00,-2.9419E-01, 6.2219E+00
"Z                                                                                                                     "
    271.950, -71728.040,-5.6885E-01, 3.5925E+00, 4.3945E-02, 2.6135E+00,-4.9072E-01, 4.7437E+00, 9.6436E-01, 7.4866E+00
"P                                                                                                                     "
    297.120, -71702.870,-8.8623E-01, 3.2813E+00, 9.0820E-01, 3.7671E+00,-4.8950E-01, 4.7424E+00, 1.2524E+00, 7.7466E+00
"C                                                                                                                     "
    300.510, -71699.480,-9.4116E-01, 3.2141E+00, 8.6426E-01, 3.7244E+00,-4.9072E-01, 4.7437E+00,-2.6978E-01, 6.2451E+00
"DG                                                                                                                    "
    341.610, -71658.380,-6.1646E-01, 3.5059E+00, 9.6069E-01, 3.8196E+00,-4.8828E-01, 4.7424E+00, 1.0815E+00, 7.5793E+00
"F2                                                                                                                    "
    343.560, -71656.430,-7.3853E-01, 3.4033E+00, 1.0840E+00, 3.9453E+00,-4.8828E-01, 4.7424E+00, 5.9326E-01, 7.1143E+00
"B                                                                                                                     "
    352.710, -71647.280,-3.0029E-01, 3.8489E+00, 1.1292E+00, 4.1357E+00,-4.9316E-01, 4.7424E+00,-2.6611E-01, 6.2561E+00
"C                                                                                                                     "
    356.940, -71643.050,-5.3223E-01, 3.6084E+00, 1.1340E+00, 3.9905E+00,-4.8462E-01, 4.7437E+00,-3.0518E-01, 6.2146E+00
"D                                                                                                                     "
    366.330, -71633.660,-5.2612E-01, 3.6292E+00, 1.0242E+00, 3.9160E+00,-4.8828E-01, 4.7424E+00, 8.3374E-01, 7.3462E+00
"FB                                                                                                                    "
    367.920, -71632.070,-5.4688E-01, 3.6035E+00, 1.3611E+00, 4.0039E+00,-4.9561E-01, 4.7412E+00, 8.2520E-01, 7.3645E+00
"C                                                                                                                     "
    370.560, -71629.430,-5.4077E-01, 3.6194E+00, 1.1450E+00, 3.9929E+00,-4.9194E-01, 4.7437E+00, 8.8989E-01, 7.3926E+00
"DG                                                                                                                    "
    536.250, -71463.740, 5.7983E-01, 4.8706E+00, 1.1353E+00, 4.0161E+00,-4.7363E-01, 4.7620E+00, 1.1804E+00, 7.6904E+00
"B                                                                                                                     "
    537.960, -71462.030, 4.6509E-01, 4.5886E+00, 9.9243E-01, 3.8464E+00,-4.2358E-01, 4.7925E+00, 1.2598E+00, 7.7576E+00
"F2                                                                                                                    "
    539.670, -71460.320, 9.8145E-01, 5.1160E+00, 9.0332E-01, 3.7561E+00,-3.6499E-01, 4.9011E+00, 1.4526E+00, 7.8247E+00
"B                                                                                                                     "
    554.910, -71445.080, 3.0396E-01, 4.4495E+00, 1.3232E+00, 4.1699E+00,-4.2847E-01, 4.7961E+00, 1.3562E+00, 7.8528E+00
"DG                                                                                                                    "
    658.290, -71341.700,-5.0293E-01, 3.6340E+00, 1.1255E+00, 3.9709E+00,-4.8462E-01, 4.7461E+00, 1.4636E+00, 7.9602E+00
"G                                                                                                                     "
    840.000, -71159.990,-5.3711E-01, 3.6072E+00, 1.0596E+00, 3.9880E+00,-4.5532E-01, 4.7729E+00,-2.9663E-01, 6.2183E+00
"C                                                                                                                     "
    847.380, -71152.610,-5.3589E-01, 3.6096E+00, 1.0876E+00, 3.9404E+00,-4.5776E-01, 4.7766E+00,-3.0029E-01, 6.2170E+00
"DG                                                                                                                    "
    937.560, -71062.430,-5.3833E-01, 3.5986E+00, 1.1108E+00, 3.9587E+00,-4.7363E-01, 4.7559E+00, 1.2317E+00, 7.7295E+00
"G                                                                                                                     "
   1177.740, -70822.250,-5.8228E-01, 3.5669E+00, 2.6245E-01, 3.1604E+00,-4.8950E-01, 4.7461E+00,-3.1250E-01, 6.2061E+00
"Z                                                                                                                     "
   1202.610, -70797.380,-5.7739E-01, 3.5669E+00, 3.2593E-01, 2.8308E+00,-4.8462E-01, 4.7461E+00,-3.1006E-01, 6.2061E+00
"P                                                                                                                     "
   1208.940, -70791.050,-5.8105E-01, 3.5669E+00,-2.4414E-03, 3.1592E+00,-4.9194E-01, 4.7449E+00,-3.1372E-01, 6.2061E+00"
"Z                                                                                                                     "
   8471.340, -63528.650,-5.7983E-01, 3.5706E+00,-2.8687E-01, 2.5574E+00,-3.8452E-01, 4.8474E+00,-8.1787E-02, 6.4294E+00
"P                                                                                                                     "
   8547.690, -63452.300,-5.7495E-01, 3.5706E+00,-2.2705E-01, 2.5305E+00,-3.8574E-01, 4.8486E+00,-3.0273E-01, 6.2146E+00
"C                                                                                                                     "
   8553.780, -63446.210,-5.7129E-01, 3.5706E+00,-2.1973E-01, 2.6697E+00,-3.8330E-01, 4.8486E+00,-3.0396E-01, 6.2134E+00"
"D                                                                                                                     "
   8600.520, -63399.470,-5.7617E-01, 3.5706E+00,-1.7090E-02, 2.8540E+00,-3.8818E-01, 4.8474E+00,-3.0518E-01, 6.2122E+00
"F1                                                                                                                    "
   8602.380, -63397.610,-5.6885E-01, 3.5742E+00,-2.3193E-02, 2.8430E+00,-3.8818E-01, 4.8474E+00,-3.0518E-01, 6.2134E+00
"F2                                                                                                                    "
   8605.920, -63394.070,-5.6763E-01, 3.5706E+00,-8.5449E-02, 2.7869E+00,-3.8452E-01, 4.8486E+00,-2.9907E-01, 6.2195E+00
"B                                                                                                                     "
   8610.270, -63389.720,-5.6030E-01, 3.5876E+00,-9.0332E-02, 2.7747E+00,-3.7720E-01, 4.8474E+00,-3.0029E-01, 6.2134E+00
"C                                                                                                                     "
   8612.610, -63387.380,-5.7373E-01, 3.5706E+00, 2.4414E-02, 2.8845E+00,-3.8696E-01, 4.8474E+00,-3.0273E-01, 6.2134E+00
"D                                                                                                                     "
   8618.250, -63381.740,-5.7007E-01, 3.5693E+00, 1.2695E-01, 3.0090E+00,-3.7964E-01, 4.8474E+00,-3.0151E-01, 6.2134E+00
"B                                                                                                                     "
   8628.450, -63371.540,-5.7373E-01, 3.5706E+00, 1.0864E-01, 2.9883E+00,-3.8452E-01, 4.8474E+00,-3.0640E-01, 6.2146E+00
"C                                                                                                                     "
   8635.440, -63364.550,-5.6641E-01, 3.5706E+00, 3.0151E-01, 3.1641E+00,-3.7720E-01, 4.8486E+00,-3.0029E-01, 6.2146E+00
"D                                                                                                                     "
   8725.590, -63274.400,-5.7129E-01, 3.5706E+00, 2.5757E-01, 3.1226E+00,-3.7964E-01, 4.8474E+00,-2.9907E-01, 6.2146E+00
"C                                                                                                                     "
   8726.760, -63273.230,-5.5908E-01, 3.5767E+00, 3.1250E-01, 3.1824E+00,-3.7842E-01, 4.8474E+00,-2.9785E-01, 6.2146E+00
"F2                                                                                                                    "
   8730.540, -63269.450,-5.7617E-01, 3.5718E+00, 1.3428E-01, 3.0103E+00,-3.8452E-01, 4.8474E+00,-3.0273E-01, 6.2134E+00
"B                                                                                                                     "
   8739.090, -63260.900,-5.6885E-01, 3.5706E+00, 1.7212E-01, 3.0444E+00,-3.8452E-01, 4.8462E+00,-3.0396E-01, 6.2146E+00
"C                                                                                                                     "
   8742.720, -63257.270,-5.7617E-01, 3.5730E+00, 3.1128E-01, 3.1763E+00,-3.8086E-01, 4.8474E+00,-3.0151E-01, 6.2134E+00
"D                                                                                                                     "
   8757.180, -63242.810,-5.6885E-01, 3.5706E+00, 2.4902E-01, 3.0884E+00,-3.8086E-01, 4.8474E+00,-3.0273E-01, 6.2134E+00
"DG                                                                                                                    "
   8842.680, -63157.310,-5.7983E-01, 3.5693E+00, 3.6987E-01, 3.2361E+00,-3.8208E-01, 4.8499E+00,-3.0396E-01, 6.2146E+00
"B                                                                                                                     "
   8847.540, -63152.450,-5.6641E-01, 3.5706E+00, 4.9316E-01, 3.3459E+00,-3.7720E-01, 4.8499E+00,-2.9907E-01, 6.2146E+00
"D                                                                                                                     "
   9154.890, -62845.100,-5.4199E-01, 3.5913E+00, 3.8452E-01, 3.2886E+00,-3.7720E-01, 4.8486E+00,-2.9907E-01, 6.2146E+00
"B                                                                                                                     "
   9156.750, -62843.240,-5.4688E-01, 3.5938E+00, 2.1729E-01, 3.0505E+00,-3.7354E-01, 4.8486E+00,-2.9907E-01, 6.2146E+00
"F2                                                                                                                    "
   9162.660, -62837.330,-5.6152E-01, 3.5876E+00, 3.4424E-01, 3.2068E+00,-3.8452E-01, 4.8499E+00,-3.0396E-01, 6.2146E+00
"F3                                                                                                                    "
   9163.680, -62836.310,-5.4810E-01, 3.5913E+00, 1.7822E-01, 3.0444E+00,-3.8330E-01, 4.8486E+00,-3.0518E-01, 6.2146E+00
"B4                                                                                                                    "
   9167.730, -62832.260,-5.4810E-01, 3.5889E+00, 7.8125E-02, 2.9797E+00,-3.7354E-01, 4.8511E+00,-3.0029E-01, 6.2146E+00
"B                                                                                                                     "
   9172.230, -62827.760,-5.5176E-01, 3.5986E+00, 4.9316E-01, 3.3533E+00,-3.8086E-01, 4.8486E+00,-3.0151E-01, 6.2146E+00
"D                                                                                                                     "
   9468.060, -62531.930,-1.4404E+00, 2.7234E+00, 8.2397E-01, 3.6780E+00,-3.8574E-01, 4.8474E+00,-3.0151E-01, 6.2158E+00
"C                                                                                                                     "
   9471.960, -62528.030,-1.5100E+00, 2.6794E+00, 6.4209E-01, 3.4985E+00,-3.8208E-01, 4.8486E+00,-3.0029E-01, 6.2170E+00
"D                                                                                                                     "
   9540.420, -62459.570,-1.8005E+00, 2.3511E+00, 5.8960E-01, 3.4949E+00,-3.7354E-01, 4.8474E+00,-2.9785E-01, 6.2158E+00
"C                                                                                                                     "
   9543.240, -62456.750,-1.7505E+00, 2.4280E+00, 7.2388E-01, 3.4985E+00,-3.8452E-01, 4.8474E+00,-3.0273E-01, 6.2158E+00
"D                                                                                                                     "
   9631.830, -62368.160,-1.5039E+00, 2.6624E+00, 5.6274E-01, 3.4827E+00,-3.8940E-01, 4.8474E+00,-3.0396E-01, 6.2146E+00
"P                                                                                                                     "
   9633.480, -62366.510,-1.4978E+00, 2.6672E+00, 2.5635E-02, 2.9871E+00,-3.7720E-01, 4.8474E+00,-2.9907E-01, 6.2146E+00
"Z                                                                                                                     "
   9760.590, -62239.400,-1.1975E+00, 2.9590E+00,-6.9580E-02, 2.6025E+00,-3.8818E-01, 4.8474E+00,-3.0273E-01, 6.2158E+00
"P                                                                                                                     "
   9785.280, -62214.710,-1.1487E+00, 3.0151E+00,-7.3608E-01, 2.1423E+00,-3.8086E-01, 4.8474E+00,-3.0029E-01, 6.2146E+00
"B2                                                                                                                    "
   9786.930, -62213.060,-1.1121E+00, 3.0310E+00,-7.1777E-01, 2.1704E+00,-3.8208E-01, 4.8486E+00,-3.0273E-01, 6.2146E+00
"P                                                                                                                     "
   9817.170, -62182.820,-8.6548E-01, 3.2764E+00,-3.6621E-02, 2.8320E+00,-3.8208E-01, 4.8474E+00,-3.0273E-01, 6.2146E+00
"C                                                                                                                     "
   9823.080, -62176.910,-8.4106E-01, 3.3081E+00,-1.3794E-01, 2.7454E+00,-3.8696E-01, 4.8474E+00,-3.0518E-01, 6.2146E+00
"D                                                                                                                     "
   9870.690, -62129.300,-6.8237E-01, 3.4668E+00, 7.3242E-02, 3.0334E+00,-3.8696E-01, 4.8474E+00,-3.0273E-01, 6.2146E+00
"F1                                                                                                                    "
   9871.590, -62128.400,-6.7749E-01, 3.4680E+00, 1.0986E-02, 2.8967E+00,-3.8696E-01, 4.8474E+00,-3.0518E-01, 6.2146E+00
"F2                                                                                                                    "
   9874.500, -62125.490,-6.6895E-01, 3.4741E+00,-9.8877E-02, 2.7869E+00,-3.8574E-01, 4.8474E+00,-3.0396E-01, 6.2146E+00
"B                                                                                                                     "
   9877.740, -62122.250,-6.5063E-01, 3.4912E+00, 4.3579E-01, 3.1189E+00,-3.8574E-01, 4.8474E+00,-3.0273E-01, 6.2170E+00
"C                                                                                                                     "
   9879.750, -62120.240,-6.5063E-01, 3.4961E+00, 3.1128E-01, 3.3789E+00,-3.8452E-01, 4.8474E+00,-3.0396E-01, 6.2146E+00
"D                                                                                                                     "
   9926.460, -62073.530,-6.4087E-01, 3.4985E+00, 1.7578E-01, 3.1091E+00,-3.8696E-01, 4.8474E+00,-3.0396E-01, 6.2158E+00
"F2                                                                                                                    "
   9928.980, -62071.010,-6.3965E-01, 3.4973E+00,-2.4536E-01, 2.6404E+00,-3.8452E-01, 4.8474E+00,-3.0518E-01, 6.2134E+00
"B                                                                                                                     "
   9935.880, -62064.110,-6.5308E-01, 3.4998E+00, 1.5015E-01, 2.9114E+00,-3.8208E-01, 4.8462E+00,-3.0151E-01, 6.2146E+00
"C                                                                                                                     "
   9938.370, -62061.620,-6.1157E-01, 3.5217E+00, 7.8979E-01, 3.5522E+00,-3.8086E-01, 4.8474E+00,-3.0273E-01, 6.2146E+00
"D                                                                                                                     "
  10005.570, -61994.420,-4.8584E-01, 3.6462E+00, 2.6245E-01, 3.2935E+00,-3.8086E-01, 4.8474E+00,-3.0029E-01, 6.2134E+00
"F1                                                                                                                    "
  10009.770, -61990.220,-4.8584E-01, 3.6548E+00, 4.7363E-01, 3.3875E+00,-3.7964E-01, 4.8474E+00,-3.0029E-01, 6.2146E+00
"F2                                                                                                                    "
  10013.190, -61986.800,-4.9561E-01, 3.6560E+00, 3.2837E-01, 3.1226E+00,-3.8574E-01, 4.8474E+00,-3.0273E-01, 6.2146E+00
"F3                                                                                                                    "
  10015.770, -61984.220,-4.7729E-01, 3.6621E+00, 3.6865E-01, 3.2434E+00,-3.8696E-01, 4.8474E+00,-3.0640E-01, 6.2146E+00
"F4                                                                                                                    "
  10020.390, -61979.600,-5.6763E-01, 3.5864E+00,-6.9580E-02, 2.8174E+00,-3.8452E-01, 4.8474E+00,-3.0029E-01, 6.2146E+00
"P                                                                                                                     "
  10027.230, -61972.760,-5.5664E-01, 3.5730E+00, 2.7954E-01, 3.1689E+00,-3.8330E-01, 4.8474E+00,-3.0273E-01, 6.2146E+00
"C                                                                                                                     "
  10029.750, -61970.240,-5.5054E-01, 3.5828E+00, 6.0303E-01, 3.3276E+00,-3.7842E-01, 4.8474E+00,-3.0151E-01, 6.2146E+00
"D                                                                                                                     "
  10185.600, -61814.390,-6.5308E-01, 3.4912E+00, 4.0894E-01, 3.3240E+00,-3.8696E-01, 4.8474E+00,-3.0518E-01, 6.2134E+00
"C                                                                                                                     "
  10187.610, -61812.380,-6.4819E-01, 3.4924E+00, 7.2632E-01, 3.4644E+00,-3.8330E-01, 4.8474E+00,-3.0640E-01, 6.2146E+00
"D                                                                                                                     "
  10259.610, -61740.380,-6.3599E-01, 3.5010E+00, 6.7871E-01, 3.5486E+00,-3.8086E-01, 4.8486E+00,-3.0273E-01, 6.2146E+00
"C                                                                                                                     "
  10260.780, -61739.210,-6.3843E-01, 3.4998E+00, 3.8940E-01, 3.2446E+00,-3.8086E-01, 4.8486E+00,-3.0518E-01, 6.2146E+00
"D                                                                                                                     "
  10267.710, -61732.280,-6.3477E-01, 3.5010E+00, 3.3936E-01, 3.2385E+00,-3.7476E-01, 4.8499E+00,-3.0029E-01, 6.2146E+00
"F2                                                                                                                    "
  10270.770, -61729.220,-6.3965E-01, 3.5034E+00,-1.0986E-02, 2.8809E+00,-3.8086E-01, 4.8486E+00,-3.0518E-01, 6.2146E+00
"B                                                                                                                     "
  10277.760, -61722.230,-6.4087E-01, 3.5046E+00, 3.9307E-01, 3.3142E+00,-3.7598E-01, 4.8486E+00,-3.0029E-01, 6.2146E+00
"C                                                                                                                     "
  10278.480, -61721.510,-6.3721E-01, 3.5034E+00, 3.2227E-01, 3.1860E+00,-3.7598E-01, 4.8486E+00,-3.0151E-01, 6.2146E+00
"B                                                                                                                     "
  10279.080, -61720.910,-6.3965E-01, 3.5034E+00, 2.4658E-01, 3.1116E+00,-3.8452E-01, 4.8486E+00,-3.0396E-01, 6.2134E+00
"C                                                                                                                     "
  10279.740, -61720.250,-6.4209E-01, 3.5034E+00, 3.3569E-01, 3.2080E+00,-3.8574E-01, 4.8499E+00,-3.0396E-01, 6.2146E+00
"B                                                                                                                     "
  10282.950, -61717.040,-6.4331E-01, 3.5034E+00, 4.8706E-01, 3.3594E+00,-3.7842E-01, 4.8486E+00,-2.9907E-01, 6.2146E+00
"C                                                                                                                     "
  10285.110, -61714.880,-6.3599E-01, 3.5046E+00, 7.9834E-01, 3.6072E+00,-3.7842E-01, 4.8486E+00,-3.0396E-01, 6.2146E+00
"D                                                                                                                     "
  12190.530, -59809.460,-2.0264E-01, 3.9343E+00, 4.1260E-01, 3.2947E+00,-3.7476E-01, 4.8596E+00,-3.0518E-01, 6.2134E+00
"P                                                                                                                     "
  12192.720, -59807.270, 1.4893E-01, 4.2749E+00,-1.9409E-01, 2.8149E+00,-3.7231E-01, 4.8584E+00,-3.0640E-01, 6.2122E+00
"Z                                                                                                                     "
  12291.570, -59708.420,-1.3379E+00, 2.8345E+00,-1.7090E-02, 2.7563E+00,-3.7109E-01, 4.8596E+00, 4.3335E-01, 6.9458E+00
"P                                                                                                                     "
  12297.120, -59702.870,-1.3538E+00, 2.8223E+00, 1.3074E+00, 3.8489E+00,-3.7231E-01, 4.8596E+00, 1.6370E+00, 7.9858E+00
"C                                                                                                                     "
  12303.060, -59696.930,-1.3086E+00, 2.8687E+00, 7.9468E-01, 3.7915E+00,-3.7231E-01, 4.8596E+00,-1.1597E-01, 6.3965E+00
"D                                                                                                                     "
  12339.330, -59660.660,-9.8511E-01, 3.1543E+00, 3.6743E-01, 3.2092E+00,-3.7354E-01, 4.8572E+00,-1.1719E-01, 6.4038E+00
"P                                                                                                                     "
  12341.970, -59658.020,-9.5703E-01, 3.1836E+00, 1.9409E-01, 3.0566E+00,-3.6865E-01, 4.8572E+00,-1.5625E-01, 6.3684E+00
"Z                                                                                                                     "
  13678.140, -58321.850,-1.6455E+00, 2.5183E+00, 2.6733E-01, 3.1226E+00,-4.4189E-01, 4.7839E+00,-3.0396E-01, 6.2097E+00
"P                                                                                                                     "
  13687.710, -58312.280,-1.6309E+00, 2.5513E+00, 2.9907E-01, 3.1519E+00,-4.3701E-01, 4.7876E+00,-3.0518E-01, 6.2097E+00
"C                                                                                                                     "
  13694.580, -58305.410,-1.6284E+00, 2.5415E+00, 2.4292E-01, 3.1006E+00,-4.3579E-01, 4.7888E+00,-3.0762E-01, 6.2097E+00
"D                                                                                                                     "
  13699.680, -58300.310,-1.6028E+00, 2.5647E+00, 2.0508E-01, 3.0518E+00,-4.3945E-01, 4.7925E+00,-3.0884E-01, 6.2097E+00
"C                                                                                                                     "
  13701.540, -58298.450,-1.5955E+00, 2.5732E+00, 4.5532E-01, 3.3093E+00,-4.4067E-01, 4.7937E+00,-3.1006E-01, 6.2097E+00
"B                                                                                                                     "
  13703.430, -58296.560,-1.6052E+00, 2.5745E+00, 1.1365E+00, 3.8220E+00,-4.3823E-01, 4.7925E+00,-3.0518E-01, 6.2097E+00
"C                                                                                                                     "
  13707.420, -58292.570,-1.5735E+00, 2.5940E+00, 2.9175E-01, 3.2458E+00,-4.3579E-01, 4.7949E+00,-3.0396E-01, 6.2097E+00
"D                                                                                                                     "
  13837.740, -58162.250,-9.5825E-01, 3.2019E+00, 6.9580E-01, 3.6218E+00,-4.4922E-01, 4.7852E+00,-3.0273E-01, 6.2170E+00
"C                                                                                                                     "
  13840.770, -58159.220,-9.2773E-01, 3.2214E+00, 9.4971E-01, 3.7268E+00,-4.4800E-01, 4.7815E+00,-1.7090E-01, 6.3428E+00
"D                                                                                                                     "
  14033.880, -57966.110,-4.7607E-01, 3.6719E+00, 9.3384E-01, 3.7439E+00,-4.4312E-01, 4.7888E+00,-3.0762E-01, 6.2097E+00
"C                                                                                                                     "
  14036.010, -57963.980,-4.5532E-01, 3.6853E+00, 7.5928E-01, 3.5669E+00,-4.4189E-01, 4.7864E+00,-3.0518E-01, 6.2097E+00
"D                                                                                                                     "
  14129.970, -57870.020,-5.1636E-01, 3.6243E+00, 6.3110E-01, 3.5803E+00,-4.1992E-01, 4.8120E+00,-3.1128E-01, 6.2097E+00
"C                                                                                                                     "
  14131.800, -57868.190,-5.1025E-01, 3.6279E+00, 7.1777E-01, 3.6609E+00,-4.1138E-01, 4.8132E+00,-3.0762E-01, 6.2085E+00
"D                                                                                                                     "
  14505.300, -57494.690,-5.7861E-01, 3.5693E+00, 9.5337E-01, 3.8098E+00,-4.2114E-01, 4.8096E+00,-3.0640E-01, 6.2085E+00
"C                                                                                                                     "
  14507.430, -57492.560,-5.7251E-01, 3.5706E+00, 7.1899E-01, 3.6121E+00,-4.1870E-01, 4.8096E+00,-3.0396E-01, 6.2085E+00
"D                                                                                                                     "
  14694.240, -57305.750,-5.8594E-01, 3.5547E+00, 7.1777E-01, 3.6804E+00,-4.1260E-01, 4.8157E+00,-3.0762E-01, 6.2085E+00
"C                                                                                                                     "
  14695.680, -57304.310,-5.8472E-01, 3.5571E+00, 9.2651E-01, 3.6755E+00,-4.1382E-01, 4.8169E+00,-3.1250E-01, 6.2085E+00
"D                                                                                                                     "
  14745.420, -57254.570,-5.9448E-01, 3.5547E+00, 9.2163E-01, 3.7659E+00,-4.1016E-01, 4.8218E+00,-3.0762E-01, 6.2085E+00
"C                                                                                                                     "
  14746.860, -57253.130,-5.8105E-01, 3.5547E+00, 9.0942E-01, 3.7256E+00,-4.0894E-01, 4.8206E+00,-3.1006E-01, 6.2085E+00
"B                                                                                                                     "
  14784.810, -57215.180,-5.9448E-01, 3.5559E+00, 7.8979E-01, 3.5767E+00,-4.1138E-01, 4.8206E+00,-3.0762E-01, 6.2085E+00
"D                                                                                                                     "
  14786.520, -57213.470,-5.8105E-01, 3.5559E+00, 5.0659E-01, 3.4680E+00,-4.0649E-01, 4.8218E+00,-3.0762E-01, 6.2085E+00
"P                                                                                                                     "
  14788.380, -57211.610,-5.8716E-01, 3.5547E+00,-2.9297E-02, 3.0566E+00,-4.1138E-01, 4.8218E+00,-3.1128E-01, 6.2085E+00
"Z                                                                                                                     "
  28541.460, -43458.530,-5.9814E-01, 3.5400E+00,-3.4180E-01, 2.5281E+00,-4.9316E-01, 4.7363E+00,-3.1494E-01, 6.2000E+00
"P                                                                                                                     "
  28573.260, -43426.730,-6.0791E-01, 3.5388E+00,-5.8228E-01, 2.2998E+00,-4.9805E-01, 4.7363E+00,-3.2104E-01, 6.1987E+00
"B2                                                                                                                    "
  28575.180, -43424.810,-6.0303E-01, 3.5388E+00,-5.6885E-01, 2.3120E+00,-4.9438E-01, 4.7363E+00,-3.1982E-01, 6.2000E+00
"P                                                                                                                     "
  28622.070, -43377.920,-6.0425E-01, 3.5388E+00,-4.0649E-01, 2.4768E+00,-4.9927E-01, 4.7363E+00,-3.1982E-01, 6.2000E+00
"B2                                                                                                                    "
  28627.260, -43372.730,-6.0547E-01, 3.5388E+00,-4.1626E-01, 2.4597E+00,-4.9805E-01, 4.7363E+00,-3.1860E-01, 6.2000E+00
"P                                                                                                                     "
  28657.260, -43342.730,-5.2368E-01, 3.6133E+00,-3.1982E-01, 2.5513E+00,-4.9072E-01, 4.7363E+00,-3.1738E-01, 6.2000E+00
"Z                                                                                                                     "
  30165.690, -41834.300,-6.0547E-01, 3.5400E+00, 4.5288E-01, 3.2996E+00,-4.9561E-01, 4.7363E+00,-3.1616E-01, 6.2000E+00
"P                                                                                                                     "
  30187.770, -41812.220,-6.0181E-01, 3.5413E+00,-1.1353E-01, 2.7612E+00,-4.9194E-01, 4.7375E+00,-3.1250E-01, 6.2000E+00
"B2                                                                                                                    "
  30193.320, -41806.670,-5.9326E-01, 3.5413E+00,-6.8359E-02, 2.7808E+00,-4.9316E-01, 4.7375E+00,-3.1616E-01, 6.2012E+00
"P                                                                                                                     "
  30211.860, -41788.130,-5.9814E-01, 3.5413E+00, 5.8594E-02, 2.9260E+00,-4.9316E-01, 4.7375E+00,-3.1616E-01, 6.2000E+00
"B2                                                                                                                    "
  30216.120, -41783.870,-6.0791E-01, 3.5413E+00,-7.3242E-03, 2.8735E+00,-4.9561E-01, 4.7375E+00,-3.1616E-01, 6.2000E+00
"P                                                                                                                     "
  30288.570, -41711.420,-5.9204E-01, 3.5437E+00,-6.8604E-01, 2.1936E+00,-4.9072E-01, 4.7388E+00,-3.1616E-01, 6.2024E+00
"B2                                                                                                                    "
  30294.810, -41705.180,-5.9692E-01, 3.5449E+00,-8.5327E-01, 2.0276E+00,-4.9194E-01, 4.7400E+00,-3.1738E-01, 6.2012E+00
"P                                                                                                                     "
  30320.130, -41679.860,-6.0791E-01, 3.5437E+00,-7.1167E-01, 2.1985E+00,-4.9438E-01, 4.7388E+00,-3.1494E-01, 6.2024E+00
"B2                                                                                                                    "
  30323.130, -41676.860,-6.0791E-01, 3.5425E+00,-5.9814E-01, 2.2937E+00,-4.9438E-01, 4.7388E+00,-3.1494E-01, 6.2012E+00
"P                                                                                                                     "
  30334.080, -41665.910,-6.0059E-01, 3.5461E+00,-6.7017E-01, 2.2021E+00,-4.9316E-01, 4.7400E+00,-3.1982E-01, 6.2024E+00
"Z                                                                                                                     "
  30916.860, -41083.130,-5.0171E-01, 3.6499E+00, 3.0029E-01, 2.9810E+00,-4.9561E-01, 4.7388E+00,-3.1738E-01, 6.2000E+00
"P                                                                                                                     "
  30941.070, -41058.920,-6.1279E-01, 3.5376E+00,-6.0669E-01, 2.2791E+00,-4.8950E-01, 4.7388E+00,-3.1616E-01, 6.2012E+00
"B2                                                                                                                    "
  30944.820, -41055.170,-5.9814E-01, 3.5376E+00,-5.1025E-01, 2.3657E+00,-4.8828E-01, 4.7388E+00,-3.1372E-01, 6.2012E+00
"P                                                                                                                     "
  30970.080, -41029.910,-6.0181E-01, 3.5400E+00,-3.3813E-01, 2.5415E+00,-4.9072E-01, 4.7388E+00,-3.1250E-01, 6.2012E+00
"Z                                                                                                                     "
  32196.870, -39803.120,-5.9570E-01, 3.5425E+00,-3.3813E-01, 2.5366E+00,-4.9194E-01, 4.7363E+00,-3.1494E-01, 6.2000E+00
"P                                                                                                                     "
  32241.870, -39758.120,-6.0181E-01, 3.5461E+00,-5.8350E-01, 2.2510E+00,-4.9683E-01, 4.7363E+00,-3.1860E-01, 6.2000E+00
"C                                                                                                                     "
  32246.700, -39753.290,-6.0181E-01, 3.5449E+00,-4.6021E-01, 2.4341E+00,-4.9805E-01, 4.7363E+00,-3.1982E-01, 6.2000E+00
"C                                                                                                                     "
  32251.980, -39748.010,-6.0059E-01, 3.5449E+00,-4.3945E-01, 2.4475E+00,-4.9805E-01, 4.7363E+00,-3.1860E-01, 6.2000E+00
"B                                                                                                                     "
  32253.450, -39746.540,-5.9082E-01, 3.5474E+00,-3.3569E-01, 2.4414E+00,-4.9316E-01, 4.7363E+00,-3.1616E-01, 6.2000E+00
"D                                                                                                                     "
  32256.840, -39743.150,-6.0547E-01, 3.5461E+00,-3.1372E-01, 2.4963E+00,-4.9683E-01, 4.7363E+00,-3.1738E-01, 6.2000E+00
"B                                                                                                                     "
  32257.200, -39742.790,-6.0303E-01, 3.5461E+00,-4.6265E-01, 2.4133E+00,-4.9927E-01, 4.7375E+00,-3.2104E-01, 6.2000E+00
"F2                                                                                                                    "
  32259.120, -39740.870,-5.9570E-01, 3.5461E+00,-4.8706E-01, 2.4158E+00,-4.9927E-01, 4.7363E+00,-3.2104E-01, 6.2000E+00
"B                                                                                                                     "
  32260.530, -39739.460,-5.8838E-01, 3.5461E+00,-3.2227E-01, 2.5500E+00,-4.9316E-01, 4.7363E+00,-3.1738E-01, 6.2000E+00
"C                                                                                                                     "
  32265.990, -39734.000,-5.9204E-01, 3.5449E+00,-3.4302E-01, 2.5439E+00,-4.9316E-01, 4.7363E+00,-3.1372E-01, 6.1987E+00
"D                                                                                                                     "
  32330.700, -39669.290,-6.0181E-01, 3.5474E+00, 5.3711E-02, 2.9163E+00,-4.9561E-01, 4.7363E+00,-3.2104E-01, 6.2000E+00
"F2                                                                                                                    "
  32333.610, -39666.380,-5.8472E-01, 3.5486E+00,-2.4536E-01, 2.6123E+00,-4.9316E-01, 4.7375E+00,-3.1494E-01, 6.2000E+00
"B                                                                                                                     "
  32338.800, -39661.190,-5.4688E-01, 3.6072E+00,-2.0264E-01, 2.6855E+00,-4.9683E-01, 4.7375E+00,-3.1738E-01, 6.2000E+00
"C                                                                                                                     "
  32340.030, -39659.960,-4.9316E-01, 3.6511E+00,-1.9531E-02, 2.8491E+00,-4.9683E-01, 4.7375E+00,-3.2349E-01, 6.1975E+00
"D                                                                                                                     "
  32419.050, -39580.940,-5.9204E-01, 3.5461E+00, 4.9316E-01, 3.2788E+00,-4.9194E-01, 4.7388E+00,-3.1494E-01, 6.2024E+00
"F1                                                                                                                    "
  32423.820, -39576.170,-5.9814E-01, 3.5474E+00, 4.4678E-01, 3.3594E+00,-4.9316E-01, 4.7388E+00,-3.1372E-01, 6.2012E+00
"F2                                                                                                                    "
  32428.980, -39571.010,-6.0425E-01, 3.5474E+00, 5.4321E-01, 3.4241E+00,-4.9194E-01, 4.7375E+00,-3.1494E-01, 6.2036E+00
"F3                                                                                                                    "
  32429.790, -39570.200,-5.9937E-01, 3.5474E+00, 2.8687E-01, 3.1628E+00,-4.9316E-01, 4.7388E+00,-3.1494E-01, 6.2012E+00
"F4                                                                                                                    "
  32433.240, -39566.750,-5.8594E-01, 3.5474E+00, 9.0332E-02, 2.9395E+00,-4.9316E-01, 4.7375E+00,-3.1494E-01, 6.2012E+00
"B                                                                                                                     "
  32439.510, -39560.480,-5.9937E-01, 3.5474E+00, 3.2593E-01, 3.1885E+00,-4.9316E-01, 4.7400E+00,-3.1616E-01, 6.2012E+00
"C                                                                                                                     "
  32440.410, -39559.580,-5.8838E-01, 3.5474E+00, 4.5654E-01, 3.2239E+00,-4.9072E-01, 4.7388E+00,-3.1616E-01, 6.2012E+00
"D                                                                                                                     "
  32441.220, -39558.770,-5.9326E-01, 3.5474E+00, 3.3081E-01, 3.1799E+00,-4.9072E-01, 4.7388E+00,-3.1494E-01, 6.2012E+00
"B                                                                                                                     "
  32442.420, -39557.570,-5.9937E-01, 3.5474E+00, 3.6255E-01, 3.2227E+00,-4.9683E-01, 4.7388E+00,-3.1860E-01, 6.2012E+00
"C                                                                                                                     "
  32443.800, -39556.190,-6.0547E-01, 3.5461E+00, 3.9429E-01, 3.2544E+00,-4.9683E-01, 4.7388E+00,-3.1860E-01, 6.2012E+00
"B                                                                                                                     "
  32445.990, -39554.000,-6.0425E-01, 3.5474E+00, 6.4697E-01, 3.4106E+00,-4.9194E-01, 4.7388E+00,-3.1738E-01, 6.2000E+00
"C                                                                                                                     "
  32447.550, -39552.440,-6.0303E-01, 3.5486E+00, 4.7363E-01, 3.3740E+00,-4.9438E-01, 4.7400E+00,-3.1494E-01, 6.2012E+00
"D                                                                                                                     "
  32472.120, -39527.870,-4.4556E-01, 3.6853E+00, 4.8096E-01, 3.3850E+00,-4.8706E-01, 4.7388E+00,-3.1616E-01, 6.1987E+00
"B                                                                                                                     "
  32473.140, -39526.850,-6.0059E-01, 3.5449E+00, 4.8340E-01, 3.2825E+00,-4.9438E-01, 4.7388E+00,-3.2104E-01, 6.2012E+00
"C                                                                                                                     "
  32473.740, -39526.250,-5.9082E-01, 3.5461E+00, 4.9927E-01, 3.3411E+00,-4.8828E-01, 4.7400E+00,-3.1128E-01, 6.2012E+00
"D                                                                                                                     "
  32489.820, -39510.170,-5.9204E-01, 3.5486E+00, 4.4067E-01, 3.3228E+00,-4.8950E-01, 4.7388E+00,-3.1128E-01, 6.2024E+00
"F2                                                                                                                    "
  32492.700, -39507.290,-5.8838E-01, 3.5486E+00, 3.2715E-01, 3.1885E+00,-4.9072E-01, 4.7412E+00,-3.1860E-01, 6.2000E+00
"B                                                                                                                     "
  32494.140, -39505.850,-5.9082E-01, 3.5498E+00, 3.9063E-01, 3.2385E+00,-4.9561E-01, 4.7400E+00,-3.1738E-01, 6.2012E+00
"C                                                                                                                     "
  32495.640, -39504.350,-5.8716E-01, 3.5486E+00, 4.9805E-01, 3.4131E+00,-4.9438E-01, 4.7400E+00,-3.1860E-01, 6.2012E+00"D                                                                                                                     
"B                                                                                                                     "
  32628.600, -39371.390,-4.7607E-01, 3.6560E+00, 6.1768E-01, 3.4729E+00,-4.8950E-01, 4.7400E+00,-3.1494E-01, 6.2024E+00
"F2                                                                                                                    "
  32631.840, -39368.150,-5.8838E-01, 3.5461E+00, 4.0649E-01, 3.2495E+00,-4.9072E-01, 4.7400E+00,-3.1494E-01, 6.2024E+00
"B                                                                                                                     "
  32632.740, -39367.250,-5.9937E-01, 3.5522E+00, 5.7983E-01, 3.4375E+00,-4.9683E-01, 4.7400E+00,-3.1738E-01, 6.2024E+00
"C                                                                                                                     "
  32635.530, -39364.460,-5.8350E-01, 3.5486E+00, 8.8013E-01, 3.6365E+00,-4.9316E-01, 4.7388E+00,-3.1616E-01, 6.2024E+00
"D                                                                                                                     "
  32792.090,     -6.340,-6.0059E-01, 3.5486E+00, 9.4849E-01, 3.8025E+00,-4.9927E-01, 4.7375E+00,-3.1982E-01, 6.2000E+00
"B                                                                                                                     "
  32792.870,     -5.560,-5.8716E-01, 3.5498E+00, 8.4717E-01, 3.6047E+00,-4.9072E-01, 4.7375E+00,-3.1494E-01, 6.2000E+00
"F1                                                                                                                    "
  32793.470,     -4.960,-6.0669E-01, 3.5498E+00, 8.0322E-01, 3.7634E+00,-4.9561E-01, 4.7375E+00,-3.1616E-01, 6.2000E+00
"B                                                                                                                     "
  32794.280,     -4.150,-6.0303E-01, 3.5498E+00, 6.4575E-01, 3.5193E+00,-4.9683E-01, 4.7375E+00,-3.1860E-01, 6.1987E+00
"F1                                                                                                                    "
  32795.030,     -3.400,-5.9814E-01, 3.5486E+00, 6.9092E-01, 3.5437E+00,-4.9683E-01, 4.7375E+00,-3.1738E-01, 6.2000E+00
"B                                                                                                                     "
  32795.480,     -2.950,-5.9082E-01, 3.5486E+00, 6.9214E-01, 3.6414E+00,-4.8950E-01, 4.7363E+00,-3.1494E-01, 6.2000E+00
"F2                                                                                                                    "
  32798.420,      -.010,-5.8472E-01, 3.5486E+00, 9.4727E-01, 3.8037E+00,-4.9194E-01, 4.7375E+00,-3.1738E-01, 6.2000E+00
"F3                                                                                                                    "
  32801.090,      2.660,-5.8716E-01, 3.5498E+00, 8.3618E-01, 3.6829E+00,-4.9438E-01, 4.7375E+00,-3.1494E-01, 6.2012E+00
"F4                                                                                                                    "
  32805.770,      7.340,-5.9814E-01, 3.5486E+00, 5.4199E-01, 3.4167E+00,-4.9683E-01, 4.7375E+00,-3.1860E-01, 6.1987E+00
"B                                                                                                                     "
  32816.540,     18.110,-6.0547E-01, 3.5474E+00, 9.1675E-01, 3.6841E+00,-4.9683E-01, 4.7375E+00,-3.1860E-01, 6.1975E+00
"C                                                                                                                     "
  32819.240,     20.810,-5.8594E-01, 3.5486E+00, 8.2642E-01, 3.6621E+00,-4.9194E-01, 4.7375E+00,-3.1616E-01, 6.2000E+00
"D                                                                                                                     "
  32832.350,     33.920,-5.8716E-01, 3.5486E+00, 8.5205E-01, 3.6792E+00,-4.9316E-01, 4.7375E+00,-3.1616E-01, 6.1987E+00
"C                                                                                                                     "
  32833.400,     34.970,-5.8838E-01, 3.5498E+00, 7.9102E-01, 3.6511E+00,-4.9194E-01, 4.7375E+00,-3.1372E-01, 6.2000E+00
"D                                                                                                                     "
  33273.920,    475.490,-5.5176E-01, 3.5876E+00, 1.2317E+00, 4.0698E+00,-4.8462E-01, 4.7400E+00,-3.1372E-01, 6.2024E+00
"F2                                                                                                                    "
  33276.470,    478.040,-5.4199E-01, 3.6011E+00, 8.0322E-01, 3.6719E+00,-4.9072E-01, 4.7400E+00,-3.1372E-01, 6.2036E+00
"B                                                                                                                     "
  33277.880,    479.450,-5.8960E-01, 3.5535E+00, 1.0315E+00, 3.8611E+00,-4.9683E-01, 4.7400E+00,-3.1738E-01, 6.2024E+00
"C                                                                                                                     "
  33278.540,    480.110,-5.8960E-01, 3.5547E+00, 1.0364E+00, 3.9050E+00,-4.8950E-01, 4.7388E+00,-3.1372E-01, 6.2024E+00
"D                                                                                                                     "
  33989.600,   1191.170,-5.0293E-01, 3.6365E+00, 7.1045E-01, 3.5889E+00,-4.9194E-01, 4.7412E+00,-3.1494E-01, 6.2036E+00
"F2                                                                                                                    "
  33992.210,   1193.780,-5.0903E-01, 3.6292E+00, 3.0884E-01, 3.1714E+00,-4.8828E-01, 4.7400E+00,-3.1372E-01, 6.2012E+00
"B                                                                                                                     "
  33994.280,   1195.850,-6.2622E-01, 3.5205E+00, 5.6396E-01, 3.4009E+00,-4.9194E-01, 4.7412E+00,-3.1494E-01, 6.2036E+00
"C                                                                                                                     "
  33995.810,   1197.380,-6.4453E-01, 3.5010E+00, 9.4604E-01, 3.7683E+00,-4.8950E-01, 4.7412E+00,-3.1128E-01, 6.2036E+00
"D                                                                                                                     "
  34014.200,   1215.770,-5.0049E-01, 3.6438E+00, 6.6040E-01, 3.5461E+00,-4.8828E-01, 4.7412E+00,-3.1128E-01, 6.2024E+00
"C                                                                                                                     "
  34017.500,   1219.070,-5.0781E-01, 3.6389E+00, 6.8115E-01, 3.5547E+00,-4.9194E-01, 4.7412E+00,-3.1372E-01, 6.2024E+00
"D                                                                                                                     "
  35412.140,   2613.710,-5.6274E-01, 3.5779E+00, 6.0669E-01, 3.5327E+00,-4.8340E-01, 4.7424E+00, 5.6641E-01, 7.0764E+00
"F2                                                                                                                    "
  35415.440,   2617.010,-5.6396E-01, 3.5791E+00, 3.6743E-01, 3.2007E+00,-4.8828E-01, 4.7424E+00, 7.8491E-01, 7.3206E+00
"B                                                                                                                     "
  35415.950,   2617.520,-5.5786E-01, 3.5791E+00, 6.5063E-01, 3.4827E+00,-4.8706E-01, 4.7412E+00, 7.5928E-01, 7.2839E+00
"C                                                                                                                     "
  35416.460,   2618.030,-5.5420E-01, 3.5791E+00, 5.8594E-01, 3.4265E+00,-4.8462E-01, 4.7424E+00, 6.3477E-01, 7.1167E+00
"D                                                                                                                     "
  36000.790,      -.040,-1.8359E+00, 2.3413E+00, 7.1777E-01, 3.5535E+00,-4.9438E-01, 4.7412E+00, 8.9355E-01, 7.4023E+00
