"NP                                                                                                                    "
    191.130, -71808.860,-5.6030E-01, 3.5803E+00, 8.9355E-01, 3.7476E+00,-4.4556E-01, 4.7864E+00,-2.4292E-01, 6.2817E+00
"P                                                                                                                     "
    227.520, -71772.470,-5.6030E-01, 3.5815E+00,-2.2705E-01, 2.6489E+00, 3.4753E+00, 8.6719E+00,-2.8687E-01, 6.2317E+00
"B2                                                                                                                    "
    232.050, -71767.940,-5.6519E-01, 3.5815E+00,-2.7100E-01, 2.6208E+00, 3.4961E+00, 8.7061E+00,-2.8564E-01, 6.2341E+00
"P                                                                                                                     "
    246.810, -71753.180,-5.5542E-01, 3.5852E+00, 6.6895E-01, 3.5095E+00, 4.8596E+00, 9.8108E+00,-2.9297E-01, 6.2268E+00
"C                                                                                                                     "
    252.690, -71747.300,-5.6152E-01, 3.5803E+00, 2.6294E+00, 5.4663E+00, 3.7512E+00, 8.9807E+00,-2.9297E-01, 6.2268E+00
"D                                                                                                                     "
    254.550, -71745.440,-5.6885E-01, 3.5754E+00, 1.1804E+00, 4.0271E+00, 3.6438E+00, 8.8306E+00,-2.3804E-01, 6.2451E+00
"C                                                                                                                     "
    275.100, -71724.890,-5.6519E-01, 3.5767E+00, 1.1719E+00, 4.0369E+00, 3.9075E+00, 9.0979E+00, 4.4067E-01, 6.9495E+00
"D                                                                                                                     "
    279.690, -71720.300,-5.6763E-01, 3.5779E+00, 1.4038E+00, 4.2456E+00, 3.9307E+00, 9.1321E+00, 4.8828E-01, 6.9995E+00
"C                                                                                                                     "
    291.330, -71708.660,-5.6030E-01, 3.5803E+00, 1.5454E+00, 4.3933E+00, 3.9502E+00, 9.1479E+00, 5.6274E-01, 7.0715E+00
"D                                                                                                                     "
    337.260, -71662.730,-5.6030E-01, 3.5840E+00, 2.2473E+00, 5.0818E+00, 3.8000E+00, 9.0100E+00, 7.7637E-01, 7.2803E+00
"F2                                                                                                                    "
    338.760, -71661.230,-5.5664E-01, 3.5828E+00, 1.7725E+00, 4.5752E+00, 3.9392E+00, 9.1223E+00, 7.6904E-01, 7.2742E+00
"P                                                                                                                     "
   2960.460, -69039.530, 2.8882E+00, 6.9800E+00,-3.2715E-01, 2.5537E+00, 1.7944E+00, 7.0178E+00,-2.1851E-01, 6.2988E+00
"B                                                                                                                     "
   2964.480, -69035.510, 2.9065E+00, 6.9983E+00,-3.3203E-01, 2.5537E+00, 1.9226E+00, 7.1204E+00,-2.1484E-01, 6.3025E+00
"P                                                                                                                     "
   2986.560, -69013.430, 2.8967E+00, 6.9739E+00,-3.2959E-01, 2.5525E+00, 1.7798E+00, 6.9788E+00,-2.0874E-01, 6.3049E+00
"B2                                                                                                                    "
   2993.190, -69006.800, 2.9541E+00, 7.0398E+00,-3.2959E-01, 2.5537E+00, 2.0728E+00, 7.2961E+00,-2.1851E-01, 6.3025E+00
"P                                                                                                                     "
   3014.520, -68985.470, 2.9517E+00, 7.0447E+00,-3.2837E-01, 2.5549E+00, 2.3352E+00, 7.5635E+00,-2.8198E-01, 6.2598E+00
"C                                                                                                                     "
   3019.170, -68980.820, 2.9236E+00, 7.0154E+00,-3.2715E-01, 2.5574E+00, 2.2058E+00, 7.4329E+00,-2.9907E-01, 6.2427E+00
"D                                                                                                                     "
   3021.390, -68978.600, 2.9700E+00, 7.0654E+00,-3.2227E-01, 2.5623E+00, 2.0874E+00, 7.2961E+00,-2.5269E-01, 6.3000E+00
"C                                                                                                                     "
   3033.900, -68966.090, 2.9370E+00, 7.0349E+00,-2.9907E-01, 2.5964E+00, 2.3267E+00, 7.5330E+00,-2.9297E-01, 6.2244E+00
"D                                                                                                                     "
   3043.650, -68956.340, 2.9822E+00, 7.0776E+00,-3.1982E-01, 2.5635E+00, 2.3560E+00, 7.5964E+00,-2.9663E-01, 6.2231E+00
"F2                                                                                                                    "
   3046.290, -68953.700, 3.0103E+00, 7.1057E+00,-3.2471E-01, 2.5635E+00, 2.3804E+00, 7.5977E+00,-2.9419E-01, 6.2219E+00
"B                                                                                                                     "
   3049.650, -68950.340, 2.9138E+00, 7.0020E+00,-3.2349E-01, 2.5610E+00, 2.4377E+00, 7.6343E+00,-2.9297E-01, 6.2219E+00
"C                                                                                                                     "
   3052.110, -68947.880, 2.9468E+00, 7.0313E+00,-3.1738E-01, 2.5598E+00, 2.4097E+00, 7.6013E+00,-2.9175E-01, 6.2219E+00
"D                                                                                                                     "
   3081.180, -68918.810, 2.9956E+00, 7.0874E+00,-3.2104E-01, 2.5586E+00, 2.3560E+00, 7.6074E+00,-2.9663E-01, 6.2195E+00
"F2                                                                                                                    "
   3083.460, -68916.530, 2.8174E+00, 6.8933E+00,-3.1860E-01, 2.5574E+00, 2.3584E+00, 7.5793E+00,-2.9541E-01, 6.2207E+00
"B                                                                                                                     "
   3084.900, -68915.090, 2.9199E+00, 7.0044E+00,-3.1860E-01, 2.5586E+00, 2.4609E+00, 7.6221E+00,-2.9297E-01, 6.2207E+00
"C                                                                                                                     "
   3086.850, -68913.140, 2.9456E+00, 7.0374E+00,-3.1006E-01, 2.5647E+00, 2.5977E+00, 7.8625E+00,-2.9541E-01, 6.2207E+00
"D                                                                                                                     "
   3202.620, -68797.370, 2.7405E+00, 6.8799E+00,-3.2227E-01, 2.5610E+00, 2.7466E+00, 7.9785E+00,-2.9419E-01, 6.2231E+00
"F2                                                                                                                    "
   3205.500, -68794.490, 2.8552E+00, 6.9360E+00,-3.2104E-01, 2.5610E+00, 2.6550E+00, 7.8870E+00,-2.9541E-01, 6.2231E+00
"B                                                                                                                     "
   3211.020, -68788.970, 2.9211E+00, 7.0020E+00,-3.1860E-01, 2.5562E+00, 2.6050E+00, 7.8369E+00,-2.9297E-01, 6.2231E+00
"C                                                                                                                     "
   3214.500, -68785.490, 2.8796E+00, 6.9543E+00,-3.2227E-01, 2.5586E+00, 2.5391E+00, 7.7600E+00,-2.9419E-01, 6.2231E+00
"D                                                                                                                     "
   3215.730, -68784.260, 2.8711E+00, 6.9678E+00,-3.1860E-01, 2.5586E+00, 2.7429E+00, 7.9236E+00,-2.9175E-01, 6.2231E+00
"B                                                                                                                     "
   3219.750, -68780.240, 2.8723E+00, 6.9678E+00,-3.2715E-01, 2.5562E+00, 2.8247E+00, 8.0969E+00,-3.0151E-01, 6.2415E+00
"D                                                                                                                     "
   3287.850, -68712.140, 2.7551E+00, 6.8481E+00,-3.1860E-01, 2.5610E+00, 3.0237E+00, 8.2275E+00,-2.9175E-01, 6.2219E+00
"DG                                                                                                                    "
   3391.110, -68608.880, 2.7734E+00, 6.8640E+00,-3.3081E-01, 2.5549E+00, 3.0762E+00, 8.2849E+00,-3.0029E-01, 6.2195E+00
"F2                                                                                                                    "
   3394.470, -68605.520, 2.7002E+00, 6.7920E+00,-3.2227E-01, 2.5537E+00, 2.5342E+00, 7.7625E+00,-2.9663E-01, 6.2183E+00
"G                                                                                                                     "
   3670.830, -68329.160, 2.6660E+00, 6.7896E+00,-3.1738E-01, 2.5659E+00, 2.6123E+00, 7.8662E+00,-2.9785E-01, 6.2219E+00
"C                                                                                                                     "
   3675.990, -68324.000, 2.7368E+00, 6.8359E+00,-3.1982E-01, 2.5635E+00, 2.9944E+00, 8.2056E+00,-2.9663E-01, 6.2195E+00
"DG                                                                                                                    "
   3849.540, -68150.450,-5.5664E-01, 3.5889E+00,-3.1982E-01, 2.5586E+00, 2.8748E+00, 8.1396E+00,-2.9053E-01, 6.2219E+00
"P                                                                                                                     "
   3855.150, -68144.840,-5.6885E-01, 3.5742E+00,-3.2593E-01, 2.5562E+00, 2.8406E+00, 8.0225E+00,-2.9297E-01, 6.2231E+00
"Z                                                                                                                     "
   7663.590, -64336.400, 2.0520E+00, 6.1475E+00,-3.2715E-01, 2.5525E+00,-4.6875E-01, 4.7583E+00,-2.9541E-01, 6.2207E+00
"B                                                                                                                     "
   7684.620, -64315.370, 1.9958E+00, 6.1157E+00,-3.2593E-01, 2.5525E+00, 1.6797E+00, 6.9604E+00,-2.9541E-01, 6.2219E+00
"C                                                                                                                     "
   7689.930, -64310.060, 2.0081E+00, 6.0974E+00,-3.2593E-01, 2.5513E+00, 2.0325E+00, 7.2339E+00,-2.9541E-01, 6.2207E+00
"D                                                                                                                     "
   7717.890, -64282.100, 2.0984E+00, 6.2036E+00,-3.2715E-01, 2.5513E+00, 1.9348E+00, 7.1521E+00,-2.9541E-01, 6.2207E+00
"B                                                                                                                     "
   7723.230, -64276.760, 2.1191E+00, 6.2256E+00,-3.2959E-01, 2.5513E+00, 1.8408E+00, 7.0190E+00,-2.9907E-01, 6.2207E+00
"D                                                                                                                     "
   7733.070, -64266.920, 1.9702E+00, 6.0815E+00,-3.2837E-01, 2.5513E+00, 1.8958E+00, 7.1643E+00,-2.9541E-01, 6.2219E+00
"P                                                                                                                     "
   7773.870, -64226.120, 1.9836E+00, 6.0889E+00,-3.2715E-01, 2.5525E+00, 2.6172E+00, 7.8027E+00,-2.9175E-01, 6.2219E+00
"C                                                                                                                     "
   7776.540, -64223.450, 2.4915E+00, 6.5027E+00,-3.2959E-01, 2.5513E+00, 1.8970E+00, 7.0642E+00,-2.9541E-01, 6.2207E+00
"B                                                                                                                     "
   7779.270, -64220.720, 2.0178E+00, 6.1389E+00,-3.2715E-01, 2.5513E+00, 2.0056E+00, 7.2058E+00,-2.9785E-01, 6.2219E+00
"D                                                                                                                     "
   7884.180, -64115.810, 2.0166E+00, 6.1243E+00,-3.2471E-01, 2.5610E+00, 2.1179E+00, 7.3669E+00,-2.9663E-01, 6.2231E+00
"F1                                                                                                                    "
   7887.240, -64112.750, 4.9316E-01, 4.6118E+00,-3.1494E-01, 2.5598E+00, 2.1521E+00, 7.3645E+00,-2.9175E-01, 6.2231E+00
"F2                                                                                                                    "
   7893.450, -64106.540, 5.1147E-01, 4.6387E+00,-3.2227E-01, 2.5574E+00, 2.1973E+00, 7.4121E+00,-2.9541E-01, 6.2231E+00
"F3                                                                                                                    "
   7901.820, -64098.170, 2.0251E+00, 6.1206E+00,-3.2227E-01, 2.5562E+00, 2.2180E+00, 7.4744E+00,-2.9297E-01, 6.2219E+00
"F4                                                                                                                    "
   7907.820, -64092.170, 1.8884E+00, 5.9814E+00,-3.1860E-01, 2.5574E+00, 2.1082E+00, 7.4951E+00,-2.1606E-01, 6.2390E+00
"B                                                                                                                     "
   7915.830, -64084.160, 1.9275E+00, 6.0229E+00,-3.1982E-01, 2.5562E+00, 2.2693E+00, 7.4463E+00,-2.9541E-01, 6.2146E+00
"C                                                                                                                     "
   7918.380, -64081.610, 1.9385E+00, 6.0376E+00,-3.2593E-01, 2.5562E+00, 1.9849E+00, 7.1973E+00,-2.9419E-01, 6.2219E+00
"D                                                                                                                     "
   7923.780, -64076.210, 1.9629E+00, 6.0632E+00,-3.2227E-01, 2.5549E+00, 1.9092E+00, 7.1326E+00,-2.9297E-01, 6.2219E+00
"B                                                                                                                     "
   7933.830, -64066.160, 2.0203E+00, 6.1084E+00,-3.0029E-01, 2.5745E+00, 1.8408E+00, 7.0557E+00,-2.9541E-01, 6.2219E+00
"C                                                                                                                     "
   7934.940, -64065.050, 2.0129E+00, 6.1230E+00,-3.2349E-01, 2.5720E+00, 1.9714E+00, 7.1606E+00,-2.9785E-01, 6.2219E+00
"B                                                                                                                     "
   7938.000, -64061.990, 2.0459E+00, 6.1328E+00,-3.0151E-01, 2.5720E+00, 2.0154E+00, 7.2339E+00,-2.9419E-01, 6.2219E+00
"C                                                                                                                     "
   7939.470, -64060.520, 2.0349E+00, 6.1316E+00,-3.1738E-01, 2.5659E+00, 1.9263E+00, 7.1216E+00,-2.9663E-01, 6.2219E+00
"B                                                                                                                     "
   7950.900, -64049.090, 2.0435E+00, 6.1499E+00,-3.2959E-01, 2.5549E+00, 2.0020E+00, 7.2327E+00,-2.9541E-01, 6.2219E+00
"C                                                                                                                     "
   7954.170, -64045.820, 2.0679E+00, 6.1548E+00,-3.2593E-01, 2.5537E+00, 2.0581E+00, 7.2778E+00,-2.9663E-01, 6.2219E+00
"D                                                                                                                     "
   8054.310, -63945.680, 1.9531E+00, 6.0486E+00,-3.2349E-01, 2.5525E+00, 2.1082E+00, 7.4597E+00,-2.9053E-01, 6.2231E+00
"F2                                                                                                                    "
   8057.760, -63942.230, 1.9653E+00, 6.0754E+00,-3.2837E-01, 2.5537E+00, 2.1423E+00, 7.3633E+00,-2.9663E-01, 6.2231E+00
"B                                                                                                                     "
   8060.760, -63939.230, 2.0007E+00, 6.0901E+00,-3.2227E-01, 2.5537E+00, 2.5854E+00, 7.6721E+00,-2.9297E-01, 6.2231E+00
"C                                                                                                                     "
   8061.570, -63938.420, 1.9934E+00, 6.0950E+00,-3.2471E-01, 2.5537E+00, 2.8308E+00, 7.9065E+00,-2.9053E-01, 6.2231E+00
"D                                                                                                                     "
   8063.970, -63936.020, 2.0020E+00, 6.1060E+00,-3.2715E-01, 2.5537E+00, 2.1313E+00, 7.4341E+00,-2.9541E-01, 6.2231E+00
"F2                                                                                                                    "
   8066.190, -63933.800, 2.0190E+00, 6.1194E+00,-3.2593E-01, 2.5537E+00, 1.7798E+00, 6.9824E+00,-2.9419E-01, 6.2231E+00
"B                                                                                                                     "
   8071.260, -63928.730, 2.0483E+00, 6.1401E+00,-3.2349E-01, 2.5537E+00, 1.7114E+00, 6.9275E+00,-2.9297E-01, 6.2231E+00
"F2                                                                                                                    "
   8072.400, -63927.590, 2.0544E+00, 6.1426E+00,-3.2349E-01, 2.5537E+00, 1.7529E+00, 6.9592E+00,-2.9419E-01, 6.2231E+00
"B                                                                                                                     "
   8085.480, -63914.510, 2.0605E+00, 6.1572E+00,-3.2593E-01, 2.5537E+00, 2.0801E+00, 7.2791E+00,-2.9419E-01, 6.2231E+00
"C                                                                                                                     "
   8086.440, -63913.550, 2.0691E+00, 6.1597E+00,-3.2471E-01, 2.5537E+00, 1.7126E+00, 6.9910E+00,-2.9419E-01, 6.2231E+00
"B                                                                                                                     "
   8096.370, -63903.620, 2.0740E+00, 6.1670E+00,-3.2349E-01, 2.5537E+00, 2.1924E+00, 7.3853E+00,-2.9419E-01, 6.2231E+00
"D                                                                                                                     "
   8349.150, -63650.840, 5.7739E-01, 4.6973E+00,-3.2715E-01, 2.5549E+00, 2.1704E+00, 7.4304E+00,-2.9419E-01, 6.2244E+00
"P                                                                                                                     "
   8350.710, -63649.280, 5.8350E-01, 4.7021E+00,-3.2227E-01, 2.5549E+00, 4.3823E-01, 6.4697E+00,-2.9297E-01, 6.2231E+00
"Z                                                                                                                     "
   8368.590, -63631.400, 5.9937E-01, 4.7144E+00,-3.1372E-01, 2.5598E+00, 1.3855E+00, 6.5234E+00,-2.9175E-01, 6.2219E+00
"P                                                                                                                     "
   8420.340, -63579.650, 6.1157E-01, 4.7388E+00,-3.2715E-01, 2.5537E+00, 9.2163E-01, 6.1462E+00,-2.9053E-01, 6.2244E+00
"B2                                                                                                                    "
   8425.650, -63574.340, 5.6885E-01, 4.6924E+00,-3.2471E-01, 2.5549E+00, 1.1414E+00, 6.3477E+00,-2.3315E-01, 6.3171E+00
"B                                                                                                                     "
   8448.990, -63551.000, 6.3965E-01, 4.7522E+00,-3.2349E-01, 2.5562E+00, 1.5918E+00, 6.8115E+00,-1.9775E-01, 6.3196E+00
"C                                                                                                                     "
   8453.700, -63546.290, 1.6333E+00, 5.7385E+00,-3.2715E-01, 2.5562E+00, 1.1121E+00, 6.3428E+00,-2.3682E-01, 6.2830E+00
"D                                                                                                                     "
   8455.380, -63544.610, 5.8228E-01, 4.6997E+00,-3.1982E-01, 2.5562E+00, 1.0938E+00, 6.3062E+00,-2.0142E-01, 6.3135E+00
"B                                                                                                                     "
   8457.270, -63542.720, 5.8960E-01, 4.7156E+00,-3.2227E-01, 2.5562E+00, 1.1621E+00, 6.3831E+00,-2.3926E-01, 6.2769E+00
"C                                                                                                                     "
   8458.350, -63541.640, 5.9692E-01, 4.7205E+00,-3.2227E-01, 2.5562E+00, 1.1743E+00, 6.3953E+00,-2.3804E-01, 6.2756E+00
"D                                                                                                                     "
   8464.410, -63535.580, 8.8867E-01, 4.9963E+00,-3.2349E-01, 2.5562E+00, 1.1511E+00, 6.3525E+00,-2.4414E-01, 6.2732E+00
"C                                                                                                                     "
   8465.670, -63534.320, 1.1377E+00, 5.3113E+00,-3.1982E-01, 2.5562E+00, 1.4307E+00, 6.6187E+00,-2.4292E-01, 6.2732E+00
"D                                                                                                                     "
   8499.540, -63500.450, 6.1768E-01, 4.7327E+00,-3.1982E-01, 2.5574E+00, 1.7603E+00, 6.8164E+00,-2.9541E-01, 6.2219E+00
"F1                                                                                                                    "
   8502.930, -63497.060, 5.9692E-01, 4.7205E+00,-3.1860E-01, 2.5671E+00, 1.2988E+00, 6.6345E+00,-2.9541E-01, 6.2231E+00
"F2                                                                                                                    "
   8507.400, -63492.590, 6.4209E-01, 4.7595E+00,-3.1128E-01, 2.5671E+00, 1.6687E+00, 6.8127E+00,-2.9297E-01, 6.2231E+00
"P                                                                                                                     "
   8528.610, -63471.380, 7.1289E-01, 5.1233E+00,-3.2715E-01, 2.5562E+00, 1.5979E+00, 6.8323E+00,-2.9907E-01, 6.2207E+00
"D                                                                                                                     "
   8533.410, -63466.580, 6.6284E-01, 4.7742E+00,-3.1982E-01, 2.5562E+00, 1.6089E+00, 6.8152E+00,-2.9785E-01, 6.2195E+00
"B                                                                                                                     "
   8536.110, -63463.880, 6.5308E-01, 4.7778E+00,-3.2349E-01, 2.5586E+00, 1.7896E+00, 7.0215E+00,-2.9663E-01, 6.2219E+00
"C                                                                                                                     "
   8538.660, -63461.330, 6.6406E-01, 4.7815E+00,-3.1616E-01, 2.5574E+00, 1.9861E+00, 7.1729E+00,-2.6733E-01, 6.2732E+00
"D                                                                                                                     "
   8543.760, -63456.230, 6.6406E-01, 4.7815E+00,-3.2227E-01, 2.5562E+00, 1.7993E+00, 7.0386E+00,-3.1250E-01, 6.2170E+00
"F1                                                                                                                    "
   8547.480, -63452.510, 1.6809E+00, 5.7751E+00,-3.1860E-01, 2.5562E+00, 1.7188E+00, 6.9275E+00,-2.9053E-01, 6.2207E+00
"B                                                                                                                     "
   8548.620, -63451.370, 1.7969E+00, 5.9534E+00,-3.1738E-01, 2.5562E+00, 1.6321E+00, 6.8262E+00,-3.0273E-01, 6.2158E+00
"C                                                                                                                     "
   8549.520, -63450.470, 2.0129E+00, 5.9888E+00,-3.2471E-01, 2.5562E+00, 1.7578E+00, 6.9800E+00,-3.0273E-01, 6.2170E+00
"D                                                                                                                     "
   8551.860, -63448.130, 1.9189E+00, 6.0315E+00,-3.1982E-01, 2.5549E+00, 1.6125E+00, 6.9031E+00,-2.9785E-01, 6.2183E+00
"FB                                                                                                                    "
   8553.180, -63446.810, 2.1069E+00, 6.2000E+00,-3.1982E-01, 2.5562E+00, 1.9873E+00, 6.9910E+00,-2.9663E-01, 6.2183E+00
"C                                                                                                                     "
   8556.330, -63443.660, 1.7603E+00, 5.8655E+00,-3.2227E-01, 2.5562E+00, 2.1545E+00, 7.1509E+00,-2.9663E-01, 6.2195E+00
"D                                                                                                                     "
   8629.590, -63370.400, 1.9641E+00, 6.0315E+00,-3.2471E-01, 2.5610E+00, 1.9006E+00, 7.2302E+00,-2.9785E-01, 6.2219E+00
"B                                                                                                                     "
   8630.580, -63369.410, 1.9177E+00, 6.0083E+00,-3.1738E-01, 2.5586E+00, 1.8701E+00, 6.9678E+00,-2.9297E-01, 6.2219E+00
"C                                                                                                                     "
   8632.950, -63367.040, 2.1643E+00, 6.2585E+00,-3.2104E-01, 2.5586E+00, 2.3511E+00, 7.3706E+00,-2.9541E-01, 6.2231E+00
"D                                                                                                                     "
   8674.470, -63325.520, 2.1265E+00, 6.2244E+00,-3.1860E-01, 2.5598E+00, 1.8250E+00, 7.1252E+00,-2.9419E-01, 6.2219E+00
"F1                                                                                                                    "
   8675.070, -63324.920, 2.1411E+00, 6.2390E+00,-3.1860E-01, 2.5586E+00, 1.5881E+00, 6.8396E+00,-2.9785E-01, 6.2219E+00
"F2                                                                                                                    "
   8676.930, -63323.060, 2.1704E+00, 6.2695E+00,-3.1982E-01, 2.5586E+00, 1.4600E+00, 6.6968E+00,-2.9297E-01, 6.2219E+00
"FB                                                                                                                    "
   8680.380, -63319.610, 2.0508E+00, 6.1438E+00,-3.2227E-01, 2.5574E+00, 1.7529E+00, 6.9373E+00,-2.9785E-01, 6.2219E+00
"C                                                                                                                     "
   8682.450, -63317.540, 2.1692E+00, 6.2561E+00,-3.1982E-01, 2.5574E+00, 1.7981E+00, 6.9934E+00,-2.9419E-01, 6.2219E+00
"B                                                                                                                     "
   8685.870, -63314.120, 1.9275E+00, 6.0193E+00,-3.2715E-01, 2.5549E+00, 2.3267E+00, 7.3828E+00,-2.9907E-01, 6.2219E+00
"C                                                                                                                     "
   8689.140, -63310.850, 2.1265E+00, 6.2244E+00,-3.1616E-01, 2.5574E+00, 1.8042E+00, 7.0142E+00,-2.9297E-01, 6.2219E+00
"F2                                                                                                                    "
   8691.780, -63308.210, 1.9312E+00, 6.0291E+00,-3.2349E-01, 2.5549E+00, 1.5784E+00, 6.7322E+00,-2.9419E-01, 6.2219E+00
"B                                                                                                                     "
   8695.710, -63304.280, 2.3096E+00, 6.4001E+00,-3.2227E-01, 2.5549E+00, 1.8213E+00, 7.0117E+00,-2.9419E-01, 6.2207E+00
"C                                                                                                                     "
   8698.080, -63301.910, 2.3462E+00, 6.4404E+00,-3.2715E-01, 2.5562E+00, 1.7615E+00, 7.1143E+00,-2.9907E-01, 6.2207E+00
"F2                                                                                                                    "
   8700.510, -63299.480, 2.3682E+00, 6.4648E+00,-3.2227E-01, 2.5549E+00, 1.6174E+00, 6.8701E+00,-2.9175E-01, 6.2219E+00
"B                                                                                                                     "
   8704.980, -63295.010, 2.3950E+00, 6.4954E+00,-3.2227E-01, 2.5549E+00, 2.0642E+00, 7.1765E+00,-2.9663E-01, 6.2207E+00
"C                                                                                                                     "
   8706.990, -63293.000, 2.4194E+00, 6.5112E+00,-3.2837E-01, 2.5549E+00, 1.9128E+00, 7.1448E+00,-2.9663E-01, 6.2207E+00
"D                                                                                                                     "
   8855.850, -63144.140, 2.4341E+00, 6.5283E+00,-3.2715E-01, 2.5525E+00, 2.2839E+00, 7.6147E+00,-2.9419E-01, 6.2195E+00
"F1                                                                                                                    "
   8856.330, -63143.660, 2.4377E+00, 6.5332E+00,-3.2837E-01, 2.5537E+00, 1.9958E+00, 7.3547E+00,-2.9785E-01, 6.2207E+00
"F2                                                                                                                    "
   8859.090, -63140.900, 2.4561E+00, 6.5515E+00,-3.3325E-01, 2.5537E+00, 1.6882E+00, 6.8494E+00,-3.0029E-01, 6.2195E+00
"B                                                                                                                     "
   8861.220, -63138.770, 2.4548E+00, 6.5393E+00,-3.2104E-01, 2.5525E+00, 1.9214E+00, 7.1228E+00,-2.9785E-01, 6.2207E+00
"C                                                                                                                     "
   8862.390, -63137.600, 2.4536E+00, 6.5552E+00,-3.2837E-01, 2.5525E+00, 1.8250E+00, 7.0483E+00,-2.9663E-01, 6.2207E+00
"FB                                                                                                                    "
   8863.500, -63136.490, 2.4719E+00, 6.5625E+00,-3.3203E-01, 2.5537E+00, 1.9165E+00, 7.1362E+00,-2.9907E-01, 6.2207E+00
"C                                                                                                                     "
   8864.790, -63135.200, 2.4658E+00, 6.5637E+00,-3.2471E-01, 2.5525E+00, 2.0520E+00, 7.2839E+00,-2.9541E-01, 6.2195E+00
"D                                                                                                                     "
   8869.050, -63130.940, 2.2009E+00, 6.2927E+00,-3.2837E-01, 2.5525E+00, 2.6147E+00, 7.7563E+00,-3.0029E-01, 6.2195E+00
"B                                                                                                                     "
   8870.250, -63129.740, 2.1887E+00, 6.2866E+00,-3.2837E-01, 2.5525E+00, 2.0740E+00, 7.2742E+00,-2.9785E-01, 6.2207E+00
"C                                                                                                                     "
   8872.500, -63127.490, 2.1814E+00, 6.2646E+00,-3.2471E-01, 2.5525E+00, 2.0032E+00, 7.2131E+00,-2.9785E-01, 6.2195E+00
"D                                                                                                                     "
   8984.340, -63015.650, 2.1558E+00, 6.2476E+00,-3.2959E-01, 2.5513E+00, 1.9092E+00, 7.1985E+00,-2.9785E-01, 6.2207E+00
"F1                                                                                                                    "
   8985.060, -63014.930, 2.1448E+00, 6.2500E+00,-3.2959E-01, 2.5513E+00, 1.9348E+00, 7.1472E+00,-2.9541E-01, 6.2195E+00
"B                                                                                                                     "
   8985.450, -63014.540, 2.1497E+00, 6.2488E+00,-3.2349E-01, 2.5513E+00, 1.9739E+00, 7.1899E+00,-2.9297E-01, 6.2195E+00
"F2                                                                                                                    "
   8985.960, -63014.030, 2.1606E+00, 6.2500E+00,-3.2959E-01, 2.5513E+00, 1.9910E+00, 7.1924E+00,-2.9419E-01, 6.2195E+00
"F3                                                                                                                    "
   8989.050, -63010.940, 2.1704E+00, 6.2598E+00,-3.2715E-01, 2.5513E+00, 2.1252E+00, 7.3364E+00,-2.9785E-01, 6.2207E+00
"F4                                                                                                                    "
   8994.690, -63005.300, 2.1545E+00, 6.2598E+00,-3.2837E-01, 2.5513E+00, 2.0068E+00, 7.2168E+00,-2.9541E-01, 6.2195E+00
"B                                                                                                                     "
   8996.310, -63003.680, 2.1545E+00, 6.2561E+00,-3.3569E-01, 2.5513E+00, 1.7529E+00, 7.0081E+00,-3.0029E-01, 6.2195E+00
"FB                                                                                                                    "
   9004.050, -62995.940, 2.1643E+00, 6.2634E+00,-3.2959E-01, 2.5525E+00, 1.8970E+00, 7.1155E+00,-2.9785E-01, 6.2207E+00
"C                                                                                                                     "
   9005.250, -62994.740, 2.1594E+00, 6.2659E+00,-3.2959E-01, 2.5525E+00, 1.9849E+00, 7.2034E+00,-2.9785E-01, 6.2207E+00
"D                                                                                                                     "
   9075.210, -62924.780, 2.0764E+00, 6.1865E+00,-3.2959E-01, 2.5513E+00, 1.9800E+00, 7.2083E+00,-2.9541E-01, 6.2207E+00
"F2                                                                                                                    "
   9077.040, -62922.950, 2.0837E+00, 6.1938E+00,-3.3081E-01, 2.5513E+00, 1.8787E+00, 7.0850E+00,-2.9663E-01, 6.2207E+00
"B                                                                                                                     "
   9078.210, -62921.780, 2.0984E+00, 6.1975E+00,-3.3081E-01, 2.5513E+00, 2.0544E+00, 7.2302E+00,-3.0029E-01, 6.2195E+00
"C                                                                                                                     "
   9078.990, -62921.000, 2.0935E+00, 6.1975E+00,-3.2593E-01, 2.5525E+00, 2.0825E+00, 7.2949E+00,-2.9663E-01, 6.2207E+00
"D                                                                                                                     "
   9193.980, -62806.010, 4.0161E-01, 4.5178E+00,-3.2959E-01, 2.5513E+00, 2.0386E+00, 7.2632E+00,-2.9785E-01, 6.2195E+00
"F2                                                                                                                    "
   9197.610, -62802.380, 3.9795E-01, 4.5203E+00,-3.2959E-01, 2.5513E+00, 2.2900E+00, 7.5488E+00,-2.9419E-01, 6.2195E+00
"B                                                                                                                     "
   9199.020, -62800.970, 3.9429E-01, 4.5203E+00,-3.3325E-01, 2.5513E+00, 2.1558E+00, 7.2827E+00,-3.0151E-01, 6.2183E+00
"D                                                                                                                     "
   9222.210, -62777.780, 4.0649E-01, 4.5251E+00,-3.2227E-01, 2.5513E+00, 2.0422E+00, 7.2461E+00,-2.9785E-01, 6.2195E+00
"C                                                                                                                     "
   9223.770, -62776.220, 4.0894E-01, 4.5288E+00,-3.2593E-01, 2.5513E+00, 1.9373E+00, 7.1436E+00,-2.9663E-01, 6.2183E+00
"B                                                                                                                     "
   9228.390, -62771.600, 4.0649E-01, 4.5288E+00,-3.3081E-01, 2.5525E+00, 1.9604E+00, 7.1680E+00,-3.0273E-01, 6.2183E+00
"C                                                                                                                     "
   9230.490, -62769.500, 3.9795E-01, 4.5239E+00,-3.2959E-01, 2.5513E+00, 2.1973E+00, 7.4878E+00,-2.9663E-01, 6.2183E+00
"DG                                                                                                                    "
   9241.530, -62758.460, 4.1016E-01, 4.5337E+00,-3.3081E-01, 2.5513E+00, 1.8262E+00, 7.0288E+00,-3.0151E-01, 6.2183E+00
"B                                                                                                                     "
   9246.270, -62753.720, 4.0283E-01, 4.5337E+00,-3.3081E-01, 2.5513E+00, 1.9958E+00, 7.2095E+00,-2.9907E-01, 6.2183E+00
"C                                                                                                                     "
   9249.210, -62750.780, 4.1626E-01, 4.5422E+00,-3.3203E-01, 2.5513E+00, 2.3132E+00, 7.5244E+00,-3.0273E-01, 6.2183E+00
"P                                                                                                                     "
   9260.730, -62739.260, 4.0527E-01, 4.5349E+00,-3.3081E-01, 2.5513E+00, 1.3892E+00, 6.9189E+00,-3.0151E-01, 6.2183E+00
"Z                                                                                                                     "
  36000.000, -35999.990,-5.8960E-01, 3.5535E+00,-3.3447E-01, 2.5403E+00,-5.0171E-01, 4.7327E+00,-3.0151E-01, 6.2146E+00
