"NP                                                                                                                    "
    201.960, -71798.030, 1.0400E+00, 5.1404E+00, 1.8030E+00, 4.2480E+00, 7.0801E-02, 5.3052E+00, 5.1270E-02, 6.5662E+00
"P                                                                                                                     "
    261.120, -71738.870, 3.3081E+00, 7.3267E+00, 1.1877E+00, 3.9673E+00,-4.7607E-01, 4.7522E+00, 6.1035E-03, 6.5198E+00
"D                                                                                                                     "
    290.880, -71709.110, 4.2993E+00, 8.3655E+00, 1.4575E+00, 4.3127E+00,-4.8096E-01, 4.7522E+00,-2.7588E-01, 6.2427E+00
"F2                                                                                                                    "
    293.610, -71706.380, 4.2847E+00, 8.3691E+00, 1.6113E+00, 4.4238E+00,-4.8828E-01, 4.7485E+00, 1.1841E+00, 7.7185E+00
"B                                                                                                                     "
    298.080, -71701.910, 4.2896E+00, 8.3655E+00, 1.5051E+00, 4.3347E+00,-4.7729E-01, 4.7485E+00, 9.2896E-01, 7.4182E+00
"C                                                                                                                     "
    300.210, -71699.780, 4.2932E+00, 8.3679E+00, 1.6589E+00, 4.4873E+00,-4.8584E-01, 4.7485E+00, 8.3740E-01, 7.3413E+00
"D                                                                                                                     "
    329.520, -71670.470,-5.7617E-01, 3.5669E+00, 2.2485E+00, 4.8816E+00,-4.9072E-01, 4.7449E+00, 1.4233E+00, 7.9187E+00
"B                                                                                                                     "
    331.800, -71668.190,-5.7739E-01, 3.5706E+00, 1.6943E+00, 4.5471E+00,-4.8706E-01, 4.7449E+00, 1.4661E+00, 7.9675E+00
"C                                                                                                                     "
    334.410, -71665.580,-4.8950E-01, 3.6536E+00, 1.8237E+00, 4.7217E+00,-4.8340E-01, 4.7437E+00, 1.6675E+00, 8.1641E+00
"D                                                                                                                     "
    363.000, -71636.990,-5.6763E-01, 3.5718E+00, 2.0813E+00, 4.8999E+00,-4.8706E-01, 4.7424E+00, 1.1938E+00, 7.7112E+00
"F2                                                                                                                    "
    366.270, -71633.720,-5.7495E-01, 3.5706E+00, 1.8591E+00, 4.6777E+00,-4.8584E-01, 4.7437E+00, 1.1548E+00, 7.6501E+00
"B                                                                                                                     "
    381.750, -71618.240,-5.8472E-01, 3.5657E+00, 1.7725E+00, 4.5996E+00,-4.8828E-01, 4.7424E+00, 1.1133E+00, 7.5989E+00
"C                                                                                                                     "
    385.470, -71614.520,-5.7129E-01, 3.5669E+00, 1.9421E+00, 4.7620E+00,-4.8950E-01, 4.7424E+00, 1.1816E+00, 7.7844E+00
"D                                                                                                                     "
    704.460, -71295.530,-5.7617E-01, 3.5681E+00, 2.3047E+00, 5.1538E+00,-4.9438E-01, 4.7400E+00,-2.9907E-01, 6.2195E+00
"F2                                                                                                                    "
    707.010, -71292.980,-5.6641E-01, 3.5681E+00, 2.2656E+00, 5.1135E+00,-4.8950E-01, 4.7400E+00,-2.9785E-01, 6.2195E+00
"B                                                                                                                     "
    709.590, -71290.400,-5.7007E-01, 3.5681E+00, 2.2083E+00, 5.0110E+00,-4.9683E-01, 4.7388E+00,-2.9663E-01, 6.2195E+00
"C                                                                                                                     "
    710.370, -71289.620,-5.8228E-01, 3.5669E+00, 2.3291E+00, 5.1099E+00,-4.9438E-01, 4.7400E+00,-2.9663E-01, 6.2219E+00
"D                                                                                                                     "
    733.650, -71266.340,-5.7495E-01, 3.5693E+00, 2.3730E+00, 5.2600E+00,-4.9316E-01, 4.7400E+00,-2.6489E-01, 6.2439E+00
"C                                                                                                                     "
    734.940, -71265.050,-5.8594E-01, 3.5681E+00, 2.3779E+00, 5.2039E+00,-4.9316E-01, 4.7388E+00,-2.6489E-01, 6.2537E+00
"P                                                                                                                     "
    736.650, -71263.340,-5.6885E-01, 3.5693E+00, 1.7822E-01, 3.6621E+00,-4.9316E-01, 4.7388E+00,-2.8931E-01, 6.2292E+00
"Z                                                                                                                     "
    868.530, -71131.460,-5.6763E-01, 3.5681E+00, 1.9177E+00, 4.0552E+00,-4.9072E-01, 4.7375E+00,-2.9419E-01, 6.2219E+00
"P                                                                                                                     "
    902.010, -71097.980,-5.6885E-01, 3.5706E+00, 1.0779E+00, 3.9258E+00,-4.9561E-01, 4.7375E+00,-2.9419E-01, 6.2244E+00
"B2                                                                                                                    "
    905.970, -71094.020,-5.7495E-01, 3.5693E+00, 1.1389E+00, 3.9856E+00,-4.9316E-01, 4.7388E+00,-2.9541E-01, 6.2244E+00
"P                                                                                                                     "
    925.560, -71074.430,-5.7617E-01, 3.5706E+00, 1.1035E+00, 3.9136E+00,-4.9683E-01, 4.7388E+00,-2.9785E-01, 6.2231E+00
"B                                                                                                                     "
    927.750, -71072.240,-5.7983E-01, 3.5718E+00, 1.2244E+00, 4.0894E+00,-4.9438E-01, 4.7388E+00,-2.9419E-01, 6.2244E+00
"C                                                                                                                     "
    934.530, -71065.460,-5.7251E-01, 3.5706E+00, 1.3831E+00, 4.2505E+00,-4.9316E-01, 4.7388E+00,-2.8931E-01, 6.2244E+00
"D                                                                                                                     "
    936.360, -71063.630,-5.7617E-01, 3.5706E+00, 1.2622E+00, 4.0967E+00,-4.9561E-01, 4.7388E+00,-2.9053E-01, 6.2280E+00
"FB                                                                                                                    "
    939.360, -71060.630,-5.6885E-01, 3.5718E+00, 1.3232E+00, 4.1711E+00,-4.9438E-01, 4.7388E+00,-2.9663E-01, 6.2231E+00
"P                                                                                                                     "
    942.660, -71057.330,-5.7861E-01, 3.5730E+00, 1.1353E+00, 3.9819E+00,-4.9316E-01, 4.7388E+00,-2.8931E-01, 6.2256E+00
"B2                                                                                                                    "
    946.350, -71053.640,-5.6519E-01, 3.5718E+00, 1.2329E+00, 4.0686E+00,-4.9072E-01, 4.7400E+00,-2.9419E-01, 6.2231E+00
"P                                                                                                                     "
    985.770, -71014.220,-5.6519E-01, 3.5767E+00, 1.2134E+00, 4.1602E+00,-4.9072E-01, 4.7400E+00,-2.9297E-01, 6.2244E+00
"Z                                                                                                                     "
    996.600, -71003.390,-5.6396E-01, 3.5754E+00,-3.1006E-01, 2.5598E+00,-2.4048E-01, 4.9744E+00,-2.9053E-01, 6.2244E+00
"P                                                                                                                     "
   1011.780, -70988.210,-5.6030E-01, 3.5730E+00, 8.9966E-01, 3.7451E+00, 8.3618E-01, 6.0547E+00,-2.8931E-01, 6.2244E+00
"B2                                                                                                                    "
   1014.720, -70985.270,-5.7007E-01, 3.5754E+00, 8.5327E-01, 3.7109E+00, 7.5195E-01, 5.9778E+00,-2.8809E-01, 6.2256E+00
"P                                                                                                                     "
   1023.810, -70976.180,-5.6274E-01, 3.5718E+00, 8.6670E-01, 3.7061E+00, 7.7515E-01, 5.9900E+00,-2.8809E-01, 6.2268E+00
"B                                                                                                                     "
   1032.750, -70967.240,-5.6885E-01, 3.5742E+00, 1.0510E+00, 3.8916E+00, 7.5317E-01, 5.9705E+00,-2.9541E-01, 6.2256E+00
"C                                                                                                                     "
   1033.290, -70966.700,-5.7251E-01, 3.5718E+00, 1.1121E+00, 4.0027E+00, 7.6294E-01, 5.9924E+00,-2.9541E-01, 6.2256E+00
"B                                                                                                                     "
   1040.190, -70959.800,-5.6763E-01, 3.5779E+00, 1.1169E+00, 3.9819E+00, 7.5439E-01, 5.9875E+00,-2.9175E-01, 6.2244E+00
"D                                                                                                                     "
   1050.870, -70949.120,-5.6641E-01, 3.5767E+00, 1.2183E+00, 4.0515E+00, 7.8491E-01, 6.0010E+00,-2.8687E-01, 6.2280E+00
"C                                                                                                                     "
   1055.100, -70944.890,-5.7495E-01, 3.5754E+00, 1.3623E+00, 4.1980E+00, 7.3608E-01, 5.9595E+00,-2.8809E-01, 6.2305E+00
"D                                                                                                                     "
   1090.380, -70909.610,-5.7129E-01, 3.5718E+00, 1.5076E+00, 4.3347E+00, 6.1157E-01, 5.8325E+00,-2.7588E-01, 6.2280E+00
"B                                                                                                                     "
   1096.290, -70903.700,-5.6396E-01, 3.5803E+00, 1.4307E+00, 4.2871E+00, 5.9814E-01, 5.8167E+00,-2.6611E-01, 6.2390E+00
"C                                                                                                                     "
   1097.730, -70902.260,-5.7129E-01, 3.5754E+00, 1.5723E+00, 4.4031E+00, 6.1279E-01, 5.8276E+00,-2.4658E-01, 6.2903E+00
"D                                                                                                                     "
   1110.630, -70889.360, 2.5635E-02, 4.1516E+00, 1.5198E+00, 4.3774E+00, 5.8838E-01, 5.8057E+00,-2.7954E-01, 6.2366E+00
"B                                                                                                                     "
   1124.550, -70875.440,-1.3184E-01, 4.0039E+00, 1.5051E+00, 4.3665E+00, 5.9082E-01, 5.8081E+00,-2.9175E-01, 6.2268E+00
"D                                                                                                                     "
   1128.000, -70871.990,-1.4282E-01, 3.9941E+00, 1.5186E+00, 4.3677E+00, 5.1636E-01, 5.7312E+00,-2.9053E-01, 6.2256E+00
"B                                                                                                                     "
   1135.350, -70864.640,-1.3672E-01, 3.9880E+00, 1.5784E+00, 4.3970E+00, 5.0537E-01, 5.7275E+00,-2.8442E-01, 6.2256E+00
"C                                                                                                                     "
   1138.620, -70861.370,-1.5381E-01, 3.9795E+00, 1.5198E+00, 4.3774E+00, 4.8950E-01, 5.7104E+00,-2.8809E-01, 6.2268E+00
"B                                                                                                                     "
   1148.040, -70851.950,-1.4893E-01, 3.9758E+00, 1.5527E+00, 4.3921E+00, 4.7241E-01, 5.6909E+00,-2.9175E-01, 6.2207E+00
"C                                                                                                                     "
   1149.660, -70850.330,-1.6235E-01, 3.9746E+00, 1.6040E+00, 4.4263E+00, 5.1636E-01, 5.7263E+00,-2.9297E-01, 6.2219E+00
"P                                                                                                                     "
   1161.810, -70838.180,-1.6479E-01, 3.9661E+00, 1.0205E+00, 4.1577E+00, 5.7129E-01, 5.7825E+00,-2.9297E-01, 6.2207E+00
"Z                                                                                                                     "
  34123.620, -37876.370,-5.9204E-01, 3.5535E+00, 1.3794E-01, 2.8198E+00,-5.0415E-01, 4.7290E+00,-2.6123E-01, 6.2537E+00
"P                                                                                                                     "
  34139.550, -37860.440,-5.8350E-01, 3.5535E+00,-7.5684E-01, 2.1191E+00,-5.0049E-01, 4.7290E+00,-2.5879E-01, 6.2537E+00
"B2                                                                                                                    "
  34144.290, -37855.700,-5.9692E-01, 3.5535E+00,-7.7026E-01, 2.1155E+00,-5.0171E-01, 4.7290E+00,-2.6367E-01, 6.2537E+00
"P                                                                                                                     "
  34145.880, -37854.110,-5.8350E-01, 3.5535E+00,-7.1777E-01, 2.1558E+00,-4.9683E-01, 4.7290E+00,-2.6123E-01, 6.2537E+00
"B2                                                                                                                    "
  34148.490, -37851.500,-5.9326E-01, 3.5535E+00,-6.4453E-01, 2.2266E+00,-5.0415E-01, 4.7290E+00,-2.6611E-01, 6.2524E+00
"P                                                                                                                     "
  34162.620, -37837.370,-5.8716E-01, 3.5535E+00,-6.3965E-01, 2.2400E+00,-5.0049E-01, 4.7302E+00,-2.6489E-01, 6.2524E+00
"B2                                                                                                                    "
  34167.120, -37832.870,-5.8472E-01, 3.5522E+00,-7.4341E-01, 2.1411E+00,-5.0293E-01, 4.7266E+00,-2.6245E-01, 6.2524E+00
"P                                                                                                                     "
  34192.920, -37807.070,-5.9448E-01, 3.5535E+00,-6.8237E-01, 2.2095E+00,-5.0293E-01, 4.7290E+00,-2.6367E-01, 6.2537E+00
"B2                                                                                                                    "
  34198.200, -37801.790,-5.8350E-01, 3.5547E+00,-6.1401E-01, 2.2522E+00,-4.9805E-01, 4.7290E+00,-2.5879E-01, 6.2537E+00
"P                                                                                                                     "
  34233.300, -37766.690,-5.8838E-01, 3.5535E+00,-5.3101E-01, 2.3547E+00,-4.9927E-01, 4.7302E+00,-2.5879E-01, 6.2537E+00
"C                                                                                                                     "
  34245.510, -37754.480,-5.9448E-01, 3.5535E+00,-1.2573E-01, 2.7271E+00,-5.0415E-01, 4.7290E+00,-2.6245E-01, 6.2537E+00
"D                                                                                                                     "
  34284.960, -37715.030,-5.9204E-01, 3.5547E+00,-7.3242E-02, 2.8040E+00,-5.0293E-01, 4.7290E+00,-2.6367E-01, 6.2549E+00
"F2                                                                                                                    "
  34288.560, -37711.430,-5.8716E-01, 3.5547E+00, 8.9111E-02, 3.0054E+00,-4.9927E-01, 4.7302E+00,-2.5879E-01, 6.2549E+00
"B                                                                                                                     "
  34292.040, -37707.950,-5.8838E-01, 3.5547E+00,-1.7578E-01, 2.6831E+00,-5.0171E-01, 4.7302E+00,-2.6245E-01, 6.2549E+00
"C                                                                                                                     "
  34295.490, -37704.500,-5.8716E-01, 3.5547E+00, 2.1973E-02, 2.8894E+00,-5.0293E-01, 4.7302E+00,-2.6367E-01, 6.2561E+00
"D                                                                                                                     "
  34307.520, -37692.470,-5.8838E-01, 3.5547E+00, 1.2085E-01, 2.9736E+00,-4.9927E-01, 4.7302E+00,-2.5879E-01, 6.2561E+00
"B                                                                                                                     "
  34322.370, -37677.620,-5.9082E-01, 3.5547E+00, 1.4160E-01, 3.0139E+00,-5.0293E-01, 4.7302E+00,-2.6123E-01, 6.2561E+00
"C                                                                                                                     "
  34327.740, -37672.250,-5.8228E-01, 3.5547E+00, 2.4414E-01, 3.1433E+00,-4.9438E-01, 4.7314E+00,-2.5757E-01, 6.2561E+00
"D                                                                                                                     "
  34370.730, -37629.260,-5.8716E-01, 3.5559E+00, 3.9063E-01, 3.2788E+00,-5.0415E-01, 4.7302E+00,-2.6001E-01, 6.2573E+00
"F2                                                                                                                    "
  34375.110, -37624.880,-5.8105E-01, 3.5559E+00, 2.7466E-01, 3.1689E+00,-5.0049E-01, 4.7302E+00,-2.5635E-01, 6.2573E+00
"B                                                                                                                     "
  34379.370, -37620.620,-5.8838E-01, 3.5559E+00, 2.6611E-01, 3.1226E+00,-4.9927E-01, 4.7314E+00,-2.5757E-01, 6.2573E+00
"C                                                                                                                     "
  34381.770, -37618.220,-5.8472E-01, 3.5559E+00, 2.6855E-01, 3.1335E+00,-4.9561E-01, 4.7314E+00,-2.5757E-01, 6.2573E+00
"D                                                                                                                     "
  34382.790, -37617.200,-5.8960E-01, 3.5559E+00, 2.5879E-01, 3.1091E+00,-4.9927E-01, 4.7314E+00,-2.6001E-01, 6.2573E+00
"C                                                                                                                     "
  34385.160, -37614.830,-5.8350E-01, 3.5559E+00, 3.4424E-01, 3.1775E+00,-4.9561E-01, 4.7327E+00,-2.5757E-01, 6.2573E+00
"D                                                                                                                     "
  34405.950, -37594.040,-5.9204E-01, 3.5559E+00, 2.6001E-01, 3.1384E+00,-4.9927E-01, 4.7314E+00,-2.5757E-01, 6.2585E+00
"F2                                                                                                                    "
  34409.280, -37590.710,-5.8960E-01, 3.5559E+00, 4.0039E-01, 3.2141E+00,-4.9927E-01, 4.7314E+00,-2.6001E-01, 6.2573E+00
"B                                                                                                                     "
  34411.920, -37588.070,-5.9082E-01, 3.5559E+00, 2.6001E-01, 3.1299E+00,-5.0171E-01, 4.7314E+00,-2.5757E-01, 6.2573E+00
"C                                                                                                                     "
  34412.520, -37587.470,-5.8716E-01, 3.5571E+00, 3.6133E-01, 3.2397E+00,-5.0171E-01, 4.7314E+00,-2.6001E-01, 6.2573E+00
"B                                                                                                                     "
  34413.780, -37586.210,-5.8350E-01, 3.5559E+00, 2.9541E-01, 3.1519E+00,-4.9927E-01, 4.7314E+00,-2.5879E-01, 6.2573E+00
"C                                                                                                                     "
  34415.910, -37584.080,-5.8350E-01, 3.5559E+00, 4.6509E-01, 3.5583E+00,-4.9805E-01, 4.7314E+00,-2.5757E-01, 6.2573E+00
"D                                                                                                                     "
  34446.900, -37553.090,-5.7983E-01, 3.5559E+00, 4.5898E-01, 3.2813E+00,-5.0049E-01, 4.7314E+00,-2.5757E-01, 6.2585E+00
"F2                                                                                                                    "
  34449.570, -37550.420,-5.9448E-01, 3.5559E+00, 5.2246E-01, 3.3154E+00,-4.9927E-01, 4.7327E+00,-2.5757E-01, 6.2585E+00
"B                                                                                                                     "
  34452.420, -37547.570,-5.7983E-01, 3.5559E+00, 1.9043E-01, 3.0603E+00,-4.9561E-01, 4.7302E+00,-2.5513E-01, 6.2573E+00
"C                                                                                                                     "
  34454.670, -37545.320,-5.9204E-01, 3.5559E+00, 4.6631E-01, 3.3142E+00,-5.0171E-01, 4.7314E+00,-2.5879E-01, 6.2573E+00
"D                                                                                                                     "
  34457.640, -37542.350,-5.8350E-01, 3.5559E+00, 5.2490E-01, 3.3850E+00,-4.9805E-01, 4.7314E+00,-2.5391E-01, 6.2585E+00
"C                                                                                                                     "
  34459.140, -37540.850,-5.8472E-01, 3.5559E+00, 5.5908E-01, 3.4045E+00,-4.9683E-01, 4.7327E+00,-2.5879E-01, 6.2573E+00
"D                                                                                                                     "
  34501.380, -37498.610,-5.9692E-01, 3.5559E+00, 5.4199E-01, 3.4448E+00,-5.0171E-01, 4.7314E+00,-2.6001E-01, 6.2585E+00
"F2                                                                                                                    "
  34504.980, -37495.010,-5.8228E-01, 3.5559E+00, 4.9561E-01, 3.3691E+00,-4.9805E-01, 4.7314E+00,-2.5757E-01, 6.2573E+00
"B                                                                                                                     "
  34507.230, -37492.760,-5.9448E-01, 3.5559E+00, 4.9316E-01, 3.3643E+00,-5.0049E-01, 4.7314E+00,-2.5757E-01, 6.2585E+00
"C                                                                                                                     "
  34507.980, -37492.010,-5.9326E-01, 3.5559E+00, 5.4565E-01, 3.4009E+00,-4.9927E-01, 4.7314E+00,-2.5757E-01, 6.2585E+00
"D                                                                                                                     "
  34549.170, -37450.820,-5.8105E-01, 3.5559E+00, 5.3711E-01, 3.3838E+00,-4.9683E-01, 4.7314E+00,-2.5513E-01, 6.2585E+00
"B                                                                                                                     "
  34550.040, -37449.950,-5.8838E-01, 3.5559E+00, 4.5288E-01, 3.3179E+00,-4.9683E-01, 4.7314E+00,-2.5635E-01, 6.2598E+00
"F2                                                                                                                    "
  34551.810, -37448.180,-5.8105E-01, 3.5571E+00, 5.5298E-01, 3.4302E+00,-4.9683E-01, 4.7314E+00,-2.5635E-01, 6.2585E+00
"B                                                                                                                     "
  34553.730, -37446.260,-5.9326E-01, 3.5547E+00, 6.8481E-01, 3.5156E+00,-5.0049E-01, 4.7314E+00,-2.5879E-01, 6.2585E+00
"C                                                                                                                     "
  34555.050, -37444.940,-5.9448E-01, 3.5559E+00, 8.5815E-01, 3.6938E+00,-5.0049E-01, 4.7314E+00,-2.6001E-01, 6.2585E+00
"D                                                                                                                     "
  34600.830, -37399.160,-5.9448E-01, 3.5547E+00, 7.8735E-01, 3.6340E+00,-4.9927E-01, 4.7302E+00,-2.5635E-01, 6.2561E+00
"C                                                                                                                     "
  34603.920, -37396.070,-5.8838E-01, 3.5559E+00, 8.3740E-01, 3.6731E+00,-4.9805E-01, 4.7314E+00,-2.5879E-01, 6.2573E+00
"D                                                                                                                     "
  34635.480, -37364.510,-5.8716E-01, 3.5547E+00, 7.7881E-01, 3.6475E+00,-4.9805E-01, 4.7314E+00,-2.6001E-01, 6.2561E+00
"F1                                                                                                                    "
  34636.530, -37363.460,-5.9326E-01, 3.5547E+00, 8.3862E-01, 3.6829E+00,-5.0171E-01, 4.7302E+00,-2.6001E-01, 6.2561E+00
"F2                                                                                                                    "
  34644.720, -37355.270,-5.8716E-01, 3.5547E+00, 1.0461E+00, 3.8672E+00,-5.0293E-01, 4.7314E+00,-2.6001E-01, 6.2561E+00
"P                                                                                                                     "
  34662.180, -37337.810,-5.9326E-01, 3.5547E+00, 5.9082E-01, 3.4509E+00,-5.0049E-01, 4.7314E+00,-2.6245E-01, 6.2549E+00
"C                                                                                                                     "
  34663.710, -37336.280,-5.8228E-01, 3.5547E+00, 9.2285E-01, 3.7561E+00,-5.0049E-01, 4.7302E+00,-2.6123E-01, 6.2549E+00
"D                                                                                                                     "
  34701.990, -37298.000,-5.8960E-01, 3.5535E+00, 7.0923E-01, 3.5632E+00,-5.0171E-01, 4.7302E+00,-2.6245E-01, 6.2549E+00
"F2                                                                                                                    "
  34703.580, -37296.410,-5.9082E-01, 3.5535E+00, 7.7393E-01, 3.6389E+00,-5.0293E-01, 4.7302E+00,-2.6123E-01, 6.2549E+00
"C                                                                                                                     "
  34708.680, -37291.310,-5.9692E-01, 3.5547E+00, 1.0107E+00, 3.8525E+00,-5.0171E-01, 4.7302E+00,-2.6367E-01, 6.2549E+00
"D                                                                                                                     "
  34758.780, -37241.210,-5.9448E-01, 3.5535E+00, 1.0303E+00, 3.8770E+00,-5.0415E-01, 4.7302E+00,-2.6611E-01, 6.2549E+00
"F2                                                                                                                    "
  34762.500, -37237.490,-5.8716E-01, 3.5535E+00, 9.4116E-01, 3.8135E+00,-4.9927E-01, 4.7290E+00,-2.6001E-01, 6.2549E+00
"B                                                                                                                     "
  34764.720, -37235.270,-5.8594E-01, 3.5547E+00, 1.1145E+00, 3.9563E+00,-5.0537E-01, 4.7290E+00,-2.6367E-01, 6.2549E+00
"C                                                                                                                     "
  34768.260, -37231.730,-5.8838E-01, 3.5535E+00, 1.1548E+00, 3.9832E+00,-5.0049E-01, 4.7302E+00,-2.6001E-01, 6.2549E+00
"D                                                                                                                     "
  34809.120, -37190.870,-5.9448E-01, 3.5535E+00, 9.7046E-01, 3.8318E+00,-5.0415E-01, 4.7290E+00,-2.6611E-01, 6.2537E+00
"C                                                                                                                     "
  34810.830, -37189.160,-5.9692E-01, 3.5535E+00, 9.8755E-01, 3.8318E+00,-5.0293E-01, 4.7302E+00,-2.6245E-01, 6.2537E+00
"F2                                                                                                                    "
  34813.170, -37186.820,-5.8350E-01, 3.5535E+00, 1.0803E+00, 3.9868E+00,-4.9805E-01, 4.7290E+00,-2.6245E-01, 6.2537E+00
"B                                                                                                                     "
  34815.660, -37184.330,-5.8960E-01, 3.5535E+00, 1.2903E+00, 4.1736E+00,-4.9805E-01, 4.7302E+00,-2.6001E-01, 6.2537E+00
"C                                                                                                                     "
  34816.410, -37183.580,-5.9326E-01, 3.5547E+00, 1.1584E+00, 4.0161E+00,-5.0049E-01, 4.7290E+00,-2.6123E-01, 6.2537E+00
"D                                                                                                                     "
  34842.450, -37157.540,-5.9814E-01, 3.5535E+00, 9.5459E-01, 3.7939E+00,-5.0293E-01, 4.7302E+00,-2.6245E-01, 6.2537E+00
"C                                                                                                                     "
  34845.030, -37154.960,-5.8716E-01, 3.5547E+00, 1.2415E+00, 4.0674E+00,-5.0049E-01, 4.7290E+00,-2.6123E-01, 6.2537E+00
"D                                                                                                                     "
  34868.700, -37131.290,-5.9204E-01, 3.5535E+00, 1.0071E+00, 3.9246E+00,-5.0049E-01, 4.7302E+00,-2.6123E-01, 6.2549E+00
"B                                                                                                                     "
  34874.010, -37125.980,-5.9326E-01, 3.5547E+00, 1.1816E+00, 4.0308E+00,-5.0537E-01, 4.7290E+00,-2.6123E-01, 6.2549E+00
"C                                                                                                                     "
  34875.420, -37124.570,-5.8716E-01, 3.5547E+00, 1.1951E+00, 4.0454E+00,-4.9805E-01, 4.7290E+00,-2.5879E-01, 6.2537E+00
"D                                                                                                                     "
  34901.220, -37098.770,-5.8838E-01, 3.5535E+00, 1.0107E+00, 3.8538E+00,-4.9927E-01, 4.7290E+00,-2.5757E-01, 6.2549E+00
"C                                                                                                                     "
  34909.410, -37090.580,-5.9448E-01, 3.5547E+00, 1.1414E+00, 3.9807E+00,-5.0293E-01, 4.7302E+00,-2.6245E-01, 6.2549E+00
"D                                                                                                                     "
  34915.200, -37084.790,-5.8716E-01, 3.5547E+00, 1.1572E+00, 3.9844E+00,-4.9927E-01, 4.7302E+00,-2.5879E-01, 6.2549E+00
"C                                                                                                                     "
  34918.890, -37081.100,-5.8716E-01, 3.5547E+00, 1.0950E+00, 3.9282E+00,-4.9927E-01, 4.7290E+00,-2.5757E-01, 6.2549E+00
"DG                                                                                                                    "
  34946.100, -37053.890,-5.8350E-01, 3.5547E+00, 1.0864E+00, 3.9417E+00,-4.9683E-01, 4.7314E+00,-2.5757E-01, 6.2561E+00
"C                                                                                                                     "
  34949.130, -37050.860,-5.8960E-01, 3.5547E+00, 1.1804E+00, 4.0088E+00,-4.9927E-01, 4.7314E+00,-2.6001E-01, 6.2561E+00
"D                                                                                                                     "
  34955.880, -37044.110,-5.8350E-01, 3.5547E+00, 1.1292E+00, 3.9893E+00,-4.9561E-01, 4.7302E+00,-2.5879E-01, 6.2561E+00
"DG                                                                                                                    "
  35334.720, -36665.270,-5.8838E-01, 3.5547E+00, 1.1389E+00, 3.9746E+00,-5.0537E-01, 4.7302E+00,-2.6245E-01, 6.2561E+00
"G                                                                                                                     "
  36000.030, -35999.960,-5.8472E-01, 3.5547E+00, 1.0547E+00, 3.8867E+00,-4.9805E-01, 4.7314E+00,-2.5269E-01, 6.2585E+00
