"NP                                                                                                                    "
     92.390, -71907.600, 2.5146E-01, 4.3909E+00,-3.2227E-01, 2.5562E+00, 7.3242E-02, 5.3064E+00, 5.2490E-02, 6.5674E+00
"P                                                                                                                     "
    113.660, -71886.330,-5.3955E-01, 3.6011E+00, 5.2881E+00, 8.0725E+00, 7.3242E-02, 5.3064E+00, 5.2490E-02, 6.5674E+00
"G                                                                                                                     "
    120.080, -71879.910,-5.4443E-01, 3.6023E+00, 5.2905E+00, 8.1042E+00, 3.2788E+00, 8.4827E+00, 5.3711E-02, 6.5674E+00
"P                                                                                                                     "
    124.670, -71875.320,-5.4565E-01, 3.5999E+00, 5.2893E+00, 8.0920E+00, 3.6621E-03, 5.2283E+00, 5.2490E-02, 6.5674E+00
"G                                                                                                                     "
    457.160, -71542.830,-5.7861E-01, 3.5681E+00, 4.1809E+00, 6.4075E+00,-4.9683E-01, 4.7339E+00,-3.1494E-01, 6.2036E+00
"P                                                                                                                     "
    480.860, -71519.130,-5.8105E-01, 3.5669E+00, 9.5703E-01, 5.0977E+00,-5.0293E-01, 4.7339E+00,-3.1494E-01, 6.2024E+00
"Z                                                                                                                     "
    490.490, -71509.500,-5.7495E-01, 3.5657E+00, 3.9429E+00, 6.3818E+00,-4.9927E-01, 4.7339E+00,-3.1616E-01, 6.2024E+00
"P                                                                                                                     "
    514.130, -71485.860,-5.7617E-01, 3.5657E+00, 3.4192E+00, 6.2085E+00,-4.9927E-01, 4.7339E+00,-3.1738E-01, 6.2024E+00
"B2                                                                                                                    "
    518.150, -71481.840,-5.7739E-01, 3.5669E+00, 3.5071E+00, 6.3074E+00,-4.9927E-01, 4.7351E+00,-3.1494E-01, 6.2024E+00
"P                                                                                                                     "
    539.330, -71460.660,-5.3711E-01, 3.6011E+00, 3.4619E+00, 6.2793E+00,-4.9438E-01, 4.7375E+00,-3.1494E-01, 6.2024E+00
"B2                                                                                                                    "
    544.700, -71455.290,-4.9561E-01, 3.6487E+00, 3.4900E+00, 6.3062E+00,-4.9805E-01, 4.7363E+00,-3.1616E-01, 6.2024E+00
"p                                                                                                                     "
    566.690, -71433.300,-5.6641E-01, 3.5742E+00, 3.6292E+00, 6.3965E+00,-4.9316E-01, 4.7375E+00,-3.1250E-01, 6.2036E+00
"c                                                                                                                     "
    572.120, -71427.870,-5.7251E-01, 3.5754E+00, 3.4753E+00, 6.2939E+00,-4.9683E-01, 4.7351E+00,-3.1616E-01, 6.2036E+00
"d                                                                                                                     "
    649.850, -71350.140,-5.7007E-01, 3.5754E+00, 3.4912E+00, 6.3098E+00,-4.8706E-01, 4.7437E+00, 1.5710E+00, 8.0652E+00
"f1                                                                                                                    "
    657.230, -71342.760,-5.6396E-01, 3.5767E+00, 3.3667E+00, 6.1731E+00,-4.8950E-01, 4.7473E+00, 1.5918E+00, 8.0823E+00
"b                                                                                                                     "
    665.330, -71334.660,-5.7129E-01, 3.5767E+00, 3.4924E+00, 6.3049E+00,-4.7974E-01, 4.7534E+00, 9.1064E-01, 7.4048E+00
"d                                                                                                                     "
    671.900, -71328.090,-5.6274E-01, 3.5767E+00, 3.5352E+00, 6.3391E+00,-4.9561E-01, 4.7388E+00, 3.2520E+00, 9.6985E+00
"b                                                                                                                     "
    674.030, -71325.960,-5.6519E-01, 3.5767E+00, 3.5132E+00, 6.3171E+00,-4.9438E-01, 4.7388E+00, 1.3635E+00, 8.3008E+00
"d                                                                                                                     "
    680.360, -71319.630,-5.6274E-01, 3.5767E+00, 3.4058E+00, 6.2195E+00,-4.9438E-01, 4.7363E+00, 1.0730E+00, 7.5696E+00
"b                                                                                                                     "
    687.470, -71312.520,-5.5908E-01, 3.5791E+00, 3.5291E+00, 6.3391E+00,-4.9316E-01, 4.7388E+00, 1.2292E+00, 7.7258E+00
"c                                                                                                                     "
    689.510, -71310.480,-5.6885E-01, 3.5791E+00, 3.4314E+00, 6.2573E+00,-4.9561E-01, 4.7388E+00, 1.2085E+00, 7.6184E+00
"d                                                                                                                     "
    735.470, -71264.520,-5.6763E-01, 3.5803E+00, 3.3484E+00, 6.1707E+00,-4.9316E-01, 4.7400E+00, 1.7871E+00, 8.0908E+00
"b                                                                                                                     "
    738.320, -71261.670,-5.6274E-01, 3.5803E+00, 3.3801E+00, 6.1877E+00,-4.8706E-01, 4.7412E+00, 1.7346E+00, 8.2031E+00
"c                                                                                                                     "
    741.140, -71258.850,-5.6641E-01, 3.5803E+00, 3.4412E+00, 6.3525E+00,-4.9316E-01, 4.7400E+00, 1.3074E+00, 7.8235E+00
"d                                                                                                                     "
    808.820, -71191.170,-5.5298E-01, 3.5876E+00, 3.3594E+00, 6.1609E+00,-4.8828E-01, 4.7437E+00, 1.3806E+00, 7.8772E+00
"b                                                                                                                     "
    811.340, -71188.650,-5.5420E-01, 3.5876E+00, 3.2483E+00, 6.0596E+00,-4.8828E-01, 4.7424E+00, 1.3965E+00, 7.8979E+00
"c                                                                                                                     "
    814.490, -71185.500,-5.5542E-01, 3.5889E+00, 3.4595E+00, 6.2695E+00,-4.9194E-01, 4.7412E+00, 1.4282E+00, 7.9297E+00
"d                                                                                                                     "
    911.120, -71088.870,-5.6274E-01, 3.5852E+00, 3.1860E+00, 6.1023E+00,-4.9194E-01, 4.7424E+00, 1.4465E+00, 7.9968E+00
"b                                                                                                                     "
    912.350, -71087.640,-5.5542E-01, 3.5840E+00, 3.0688E+00, 5.9082E+00,-4.8950E-01, 4.7412E+00, 1.5613E+00, 8.0554E+00
"f2                                                                                                                    "
    913.610, -71086.380,-5.5542E-01, 3.5840E+00, 2.9846E+00, 5.7959E+00,-4.9194E-01, 4.7412E+00, 1.4893E+00, 7.9846E+00
"b                                                                                                                     "
    916.850, -71083.140,-5.6152E-01, 3.5828E+00, 3.3862E+00, 6.1841E+00,-4.9438E-01, 4.7388E+00, 1.5210E+00, 8.0200E+00
"c                                                                                                                     "
    917.600, -71082.390,-5.6274E-01, 3.5828E+00, 3.1470E+00, 5.9753E+00,-4.9438E-01, 4.7400E+00, 1.5259E+00, 8.0261E+00
"d                                                                                                                     "
    948.920, -71051.070,-5.6152E-01, 3.5791E+00, 3.3313E+00, 6.1755E+00,-4.9316E-01, 4.7388E+00, 1.6394E+00, 8.1384E+00
"f1                                                                                                                    "
    952.340, -71047.650,-5.6641E-01, 3.5791E+00, 3.0359E+00, 5.8997E+00,-4.9316E-01, 4.7400E+00, 1.5686E+00, 8.0664E+00
"f2                                                                                                                    "
    956.570, -71043.420,-4.4067E-01, 3.7134E+00, 3.3374E+00, 6.1365E+00,-4.9072E-01, 4.7388E+00, 1.8518E+00, 8.3594E+00
"f3                                                                                                                    "
    967.850, -71032.140,-5.5908E-01, 3.5864E+00, 3.2971E+00, 6.1121E+00,-4.9316E-01, 4.7400E+00, 1.6199E+00, 8.1189E+00
"f4                                                                                                                    "
    969.590, -71030.400,-5.5908E-01, 3.5852E+00, 3.3545E+00, 6.1719E+00,-4.9438E-01, 4.7400E+00, 1.6309E+00, 8.1311E+00
"b                                                                                                                     "
    976.730, -71023.260,-5.5908E-01, 3.5803E+00, 3.2251E+00, 6.0339E+00,-4.9194E-01, 4.7388E+00, 1.6370E+00, 8.1323E+00
"d                                                                                                                     "
    993.890, -71006.100,-5.7129E-01, 3.5742E+00, 3.2898E+00, 6.2378E+00,-4.9683E-01, 4.7375E+00, 1.6467E+00, 8.1445E+00
"cg                                                                                                                    "
    996.980, -71003.010,-5.7129E-01, 3.5742E+00, 3.1836E+00, 6.0071E+00,-4.9561E-01, 4.7375E+00, 1.6443E+00, 8.1458E+00
"d                                                                                                                     "
   1384.760, -70615.230,-5.6763E-01, 3.5742E+00, 3.0127E+00, 5.8350E+00,-4.8828E-01, 4.7412E+00, 1.6003E+00, 8.0908E+00
"f2                                                                                                                    "
   1386.920, -70613.070,-5.7129E-01, 3.5730E+00, 2.8455E+00, 5.6726E+00,-4.9194E-01, 4.7412E+00, 1.5979E+00, 8.0945E+00
"b                                                                                                                     "
   1388.330, -70611.660,-5.7251E-01, 3.5742E+00, 3.0371E+00, 5.8618E+00,-4.8828E-01, 4.7424E+00, 1.5979E+00, 8.0957E+00
"d                                                                                                                     "
   1583.120, -70416.870,-5.5786E-01, 3.5828E+00, 2.7747E+00, 5.6421E+00,-4.8950E-01, 4.7437E+00, 1.6077E+00, 8.1030E+00
"b                                                                                                                     "
   1583.810, -70416.180,-5.5908E-01, 3.5815E+00, 3.0017E+00, 5.8179E+00,-4.8828E-01, 4.7449E+00, 1.6016E+00, 8.1006E+00
"c                                                                                                                     "
   1585.520, -70414.470,-5.6030E-01, 3.5828E+00, 3.3594E+00, 6.1768E+00,-4.9072E-01, 4.7449E+00, 1.5991E+00, 8.1018E+00
"d                                                                                                                     "
   1595.630, -70404.360,-5.5542E-01, 3.5828E+00, 3.1909E+00, 6.0144E+00,-4.8828E-01, 4.7437E+00, 1.6211E+00, 8.1091E+00
"c                                                                                                                     "
   1597.670, -70402.320,-5.6152E-01, 3.5828E+00, 3.1787E+00, 6.0596E+00,-4.8950E-01, 4.7437E+00, 1.5735E+00, 8.0774E+00
"d                                                                                                                     "
   1747.460, -70252.530,-5.7007E-01, 3.5718E+00, 2.7454E+00, 5.6421E+00,-4.9438E-01, 4.7375E+00, 1.6589E+00, 8.1519E+00
"f2                                                                                                                    "
   1749.980, -70250.010,-5.6763E-01, 3.5718E+00, 2.7954E+00, 5.6213E+00,-4.8950E-01, 4.7375E+00, 1.7212E+00, 8.1909E+00
"b                                                                                                                     "
   1752.050, -70247.940,-5.6885E-01, 3.5718E+00, 2.8174E+00, 5.6140E+00,-4.9194E-01, 4.7375E+00, 1.6638E+00, 8.1531E+00
"c                                                                                                                     "
   1752.770, -70247.220,-5.7373E-01, 3.5706E+00, 3.0554E+00, 5.7861E+00,-4.9683E-01, 4.7375E+00, 1.7017E+00, 8.2019E+00
"d                                                                                                                     "
   1815.740, -70184.250,-5.7007E-01, 3.5681E+00, 2.6697E+00, 5.5457E+00,-4.9683E-01, 4.7363E+00, 1.8787E+00, 8.3752E+00
"c                                                                                                                     "
   1817.330, -70182.660,-5.7983E-01, 3.5669E+00, 2.8394E+00, 5.6824E+00,-4.9927E-01, 4.7375E+00, 1.8848E+00, 8.3813E+00
"d                                                                                                                     "
   1826.900, -70173.090,-5.7495E-01, 3.5669E+00, 2.7002E+00, 5.5383E+00,-4.9316E-01, 4.7363E+00, 1.9238E+00, 8.4155E+00
"b                                                                                                                     "
   1828.490, -70171.500,-5.7617E-01, 3.5669E+00, 2.9163E+00, 5.7397E+00,-4.9438E-01, 4.7363E+00, 1.9263E+00, 8.4204E+00
"c                                                                                                                     "
   1830.110, -70169.880,-5.7251E-01, 3.5669E+00, 2.8906E+00, 5.8325E+00,-4.9561E-01, 4.7375E+00, 1.9336E+00, 8.4253E+00
"d                                                                                                                     "
   1893.890, -70106.100,-5.7861E-01, 3.5645E+00, 2.6794E+00, 5.5127E+00,-4.9438E-01, 4.7363E+00, 1.6199E+00, 8.1128E+00
"b                                                                                                                     "
   1897.460, -70102.530,-5.8105E-01, 3.5645E+00, 2.8516E+00, 5.6604E+00,-4.9438E-01, 4.7375E+00, 1.5393E+00, 8.0334E+00
"c                                                                                                                     "
   1898.570, -70101.420,-5.8105E-01, 3.5657E+00, 2.8809E+00, 5.7007E+00,-4.9683E-01, 4.7363E+00, 1.5405E+00, 8.0432E+00
"d                                                                                                                     "
   1920.650, -70079.340,-5.7739E-01, 3.5645E+00, 2.7075E+00, 5.5273E+00,-4.9561E-01, 4.7363E+00, 1.5393E+00, 8.0322E+00
"c                                                                                                                     "
   1921.940, -70078.050,-5.7861E-01, 3.5645E+00, 2.7234E+00, 5.5432E+00,-4.9561E-01, 4.7375E+00, 1.5405E+00, 8.0408E+00
"d                                                                                                                     "
   1926.170, -70073.820,-5.7495E-01, 3.5657E+00, 2.6099E+00, 5.4395E+00,-4.9805E-01, 4.7363E+00, 1.5637E+00, 8.0554E+00
"b                                                                                                                     "
   1928.000, -70071.990,-5.7617E-01, 3.5645E+00, 2.8430E+00, 5.6689E+00,-4.9561E-01, 4.7363E+00, 1.5637E+00, 8.0579E+00
"c                                                                                                                     "
   1929.170, -70070.820,-5.7983E-01, 3.5645E+00, 2.7905E+00, 5.6091E+00,-4.9438E-01, 4.7363E+00, 1.5186E+00, 8.0139E+00
"dg                                                                                                                    "
   1958.330, -70041.660,-5.7617E-01, 3.5657E+00, 2.5269E+00, 5.3564E+00,-4.9316E-01, 4.7388E+00, 1.6516E+00, 8.1445E+00
"b                                                                                                                     "
   1966.160, -70033.830,-5.7983E-01, 3.5657E+00, 2.7502E+00, 5.5786E+00,-4.9438E-01, 4.7375E+00, 1.7224E+00, 8.2202E+00
"c                                                                                                                     "
   1967.180, -70032.810,-5.7861E-01, 3.5645E+00, 2.7124E+00, 5.5261E+00,-4.9438E-01, 4.7375E+00, 1.7346E+00, 8.2275E+00
"dg                                                                                                                    "
   1997.000, -70002.990,-5.8228E-01, 3.5657E+00, 2.6025E+00, 5.4395E+00,-4.9561E-01, 4.7375E+00, 1.7712E+00, 8.2690E+00
"g                                                                                                                     "
   2114.540, -69885.450,-5.7129E-01, 3.5718E+00, 2.5867E+00, 5.4248E+00,-4.9194E-01, 4.7400E+00, 1.7224E+00, 8.2141E+00
"z                                                                                                                     "
  35362.160, -36637.830, 1.1963E+00, 5.3052E+00, 2.3474E+00, 4.1516E+00,-5.0049E-01, 4.7302E+00,-3.1128E-01, 6.2048E+00
"p                                                                                                                     "
  35378.480, -36621.510, 1.2524E+00, 5.3564E+00, 1.4636E+00, 4.2981E+00,-5.0049E-01, 4.7314E+00,-3.1372E-01, 6.2048E+00
"p                                                                                                                     "
  35379.590, -36620.400, 1.2476E+00, 5.3528E+00, 1.5869E+00, 4.4116E+00,-4.9927E-01, 4.7314E+00,-3.1250E-01, 6.2048E+00
"DG                                                                                                                    "
  35427.890, -36572.100, 1.2646E+00, 5.3845E+00, 1.9995E+00, 4.8279E+00,-4.9927E-01, 4.7314E+00,-3.1128E-01, 6.2048E+00
"F2                                                                                                                    "
  35432.780, -36567.210, 1.3147E+00, 5.4187E+00, 1.8347E+00, 4.6631E+00,-5.0293E-01, 4.7314E+00,-3.1372E-01, 6.2048E+00
"G                                                                                                                     "
  35445.350, -36554.640, 1.3538E+00, 5.4590E+00, 1.6187E+00, 4.4458E+00,-4.9927E-01, 4.7327E+00,-3.0640E-01, 6.2085E+00
"F2                                                                                                                    "
  35450.480, -36549.510, 1.0876E+00, 5.2014E+00, 1.6638E+00, 4.4714E+00,-5.0049E-01, 4.7314E+00,-3.1250E-01, 6.2073E+00
"G                                                                                                                     "
  35463.800, -36536.190, 1.1841E+00, 5.2893E+00, 1.8933E+00, 4.6704E+00,-5.0049E-01, 4.7327E+00,-3.1006E-01, 6.2073E+00
"DG                                                                                                                    "
  35533.670, -36466.320, 1.2659E+00, 5.3687E+00, 1.9128E+00, 4.7400E+00,-4.9927E-01, 4.7327E+00,-3.0884E-01, 6.2061E+00
"F2                                                                                                                    "
  35536.580, -36463.410, 1.2622E+00, 5.3809E+00, 1.8652E+00, 4.6875E+00,-4.9683E-01, 4.7327E+00,-3.1006E-01, 6.2073E+00
"B                                                                                                                     "
  35540.690, -36459.300, 1.2817E+00, 5.4065E+00, 1.6589E+00, 4.4983E+00,-5.0415E-01, 4.7327E+00,-3.0884E-01, 6.2073E+00
"DG                                                                                                                    "
  35717.840, -36282.150, 1.4001E+00, 5.5090E+00, 1.8921E+00, 4.7217E+00,-5.0293E-01, 4.7314E+00,-3.1372E-01, 6.2048E+00
"F2                                                                                                                    "
  35723.990, -36276.000, 1.4172E+00, 5.5164E+00, 1.9507E+00, 4.7681E+00,-5.0049E-01, 4.7314E+00,-3.1250E-01, 6.2061E+00
"B                                                                                                                     "
  35731.100, -36268.890, 1.4465E+00, 5.5469E+00, 1.5625E+00, 4.3884E+00,-5.0171E-01, 4.7314E+00,-3.1372E-01, 6.2061E+00
"F2                                                                                                                    "
  35742.260, -36257.730, 1.4453E+00, 5.5542E+00, 1.5283E+00, 4.3762E+00,-5.0293E-01, 4.7314E+00,-3.1494E-01, 6.2048E+00
"G                                                                                                                     "
  36002.450, -35997.540, 1.5454E+00, 5.6421E+00, 1.5515E+00, 4.3799E+00,-5.0171E-01, 4.7278E+00,-3.1616E-01, 6.2024E+00
