"NP                                                                                                                    "
    175.110, -71824.880, 4.1870E+00, 8.2800E+00, 2.2620E+00, 5.0928E+00, 3.5120E+00, 8.5083E+00, 2.9163E+00, 9.2468E+00
"P                                                                                                                     "
    270.630, -71729.360, 4.0881E+00, 8.1738E+00, 2.5269E+00, 5.3394E+00, 2.9480E+00, 8.1689E+00,-2.6611E-01, 6.2537E+00
"B2                                                                                                                    "
    274.500, -71725.490, 4.2261E+00, 8.3044E+00, 2.3364E+00, 5.1819E+00, 2.9395E+00, 8.1323E+00, 3.5583E+00, 9.9890E+00
"P                                                                                                                     "
    300.690, -71699.300, 4.6313E+00, 8.4790E+00, 2.3669E+00, 5.1929E+00, 3.0322E+00, 8.2629E+00, 3.5864E+00, 9.9988E+00
"Z                                                                                                                     "
    422.970, -71577.020, 4.1443E+00, 8.2141E+00, 2.9639E+00, 5.7800E+00, 3.9063E+00, 8.8196E+00, 3.7170E+00, 9.9988E+00
"P                                                                                                                     "
    434.490, -71565.500, 4.3396E+00, 8.3972E+00, 2.7405E+00, 5.6323E+00, 3.1641E+00, 8.3643E+00, 2.9895E+00, 9.4543E+00
"C                                                                                                                     "
    435.810, -71564.180, 4.1272E+00, 8.1958E+00, 2.6050E+00, 5.4431E+00, 3.2532E+00, 8.5315E+00, 3.0237E+00, 9.4873E+00
"B                                                                                                                     "
    436.950, -71563.040, 4.1235E+00, 8.1946E+00, 2.9236E+00, 5.7544E+00, 3.1934E+00, 8.4045E+00, 2.9480E+00, 9.4702E+00
"D                                                                                                                     "
    474.990, -71525.000, 4.1052E+00, 8.1824E+00, 2.2644E+00, 5.1233E+00, 3.4912E+00, 8.6877E+00, 3.4180E+00, 9.8657E+00
"F2                                                                                                                    "
    478.170, -71521.820, 5.2454E+00, 9.2981E+00, 2.5354E+00, 5.3894E+00, 3.9819E+00, 9.0503E+00, 3.4192E+00, 9.9036E+00
"P                                                                                                                     "
    490.170, -71509.820, 4.6985E+00, 8.7683E+00, 2.8418E+00, 5.7458E+00, 3.3557E+00, 8.5229E+00, 2.8833E+00, 9.3262E+00
"C                                                                                                                     "
    498.060, -71501.930, 4.2529E+00, 8.2471E+00, 2.3303E+00, 5.1465E+00, 3.8977E+00, 9.0991E+00, 3.6658E+00, 9.7498E+00
"D                                                                                                                     "
    504.120, -71495.870, 4.1187E+00, 8.2141E+00, 2.3645E+00, 5.2185E+00, 3.5620E+00, 8.7805E+00, 2.9626E+00, 9.4885E+00
"C                                                                                                                     "
    506.190, -71493.800, 4.1492E+00, 8.2312E+00, 3.0664E+00, 5.8997E+00, 3.6597E+00, 8.8940E+00, 2.9749E+00, 9.4482E+00
"D                                                                                                                     "
    663.420, -71336.570, 4.2004E+00, 8.3020E+00, 2.9639E+00, 5.7813E+00, 3.7634E+00, 8.9722E+00, 2.9211E+00, 9.4092E+00
"B                                                                                                                     "
    665.670, -71334.320, 3.3191E+00, 7.3987E+00, 2.9358E+00, 5.7581E+00, 3.6426E+00, 8.8281E+00, 2.7844E+00, 9.2700E+00
"C                                                                                                                     "
    671.850, -71328.140,-2.7588E-01, 3.7024E+00, 2.9272E+00, 5.7617E+00, 3.7720E+00, 8.9697E+00, 2.8259E+00, 9.3115E+00
"D                                                                                                                     "
    702.810, -71297.180,-5.3955E-01, 3.6035E+00, 2.9419E+00, 5.7605E+00, 3.7378E+00, 8.9221E+00, 2.7954E+00, 9.2896E+00
"B                                                                                                                     "
    706.260, -71293.730,-5.3223E-01, 3.6157E+00, 2.9895E+00, 5.8118E+00, 3.7878E+00, 8.9954E+00, 2.7869E+00, 9.2773E+00
"C                                                                                                                     "
    708.780, -71291.210,-4.0039E-01, 3.7537E+00, 3.0029E+00, 5.8228E+00, 3.6682E+00, 8.9001E+00, 3.0786E+00, 9.5715E+00
"DG                                                                                                                    "
    921.370, -71078.620,-4.0649E-01, 3.7720E+00, 3.2373E+00, 6.0657E+00, 4.0845E+00, 9.2834E+00, 2.5830E+00, 9.0735E+00
"G                                                                                                                     "
   1005.280, -70994.710, 3.3215E+00, 7.4036E+00, 3.2593E+00, 6.1072E+00, 3.8831E+00, 9.0759E+00, 2.5378E+00, 9.0308E+00
"F2                                                                                                                    "
   1007.380, -70992.610, 3.3228E+00, 7.3962E+00, 2.9663E+00, 5.7837E+00, 3.8684E+00, 9.0833E+00, 2.5049E+00, 8.9941E+00
"G                                                                                                                     "
   1210.840, -70789.150, 3.6853E+00, 7.7563E+00, 3.1213E+00, 5.9521E+00, 9.7290E-01, 7.4841E+00, 2.4072E+00, 8.8989E+00
"Z                                                                                                                     "
  15698.740, -56301.250, 1.4221E+00, 5.5371E+00,-3.4424E-01, 2.5342E+00, 2.8516E+00, 7.9834E+00,-3.2104E-01, 6.2012E+00
"P                                                                                                                     "
  15729.550, -56270.440,-5.7251E-01, 3.5657E+00,-3.4058E-01, 2.5342E+00, 2.2498E+00, 7.4414E+00,-3.1494E-01, 6.2024E+00
"B2                                                                                                                    "
  15733.480, -56266.510,-5.8960E-01, 3.5632E+00,-3.4302E-01, 2.5342E+00, 2.1228E+00, 7.3547E+00,-3.1616E-01, 6.2024E+00
"P                                                                                                                     "
  15737.920, -56262.070,-5.8960E-01, 3.5645E+00,-3.4668E-01, 2.5330E+00,-3.0396E-01, 5.2356E+00,-3.1982E-01, 6.2012E+00
"Z                                                                                                                     "
  15745.420, -56254.570,-5.7983E-01, 3.5620E+00,-3.4058E-01, 2.5330E+00, 9.8389E-01, 5.6909E+00,-3.1616E-01, 6.2024E+00
"P                                                                                                                     "
  15784.540, -56215.450,-5.7861E-01, 3.5620E+00,-3.4302E-01, 2.5342E+00, 2.2021E+00, 7.4182E+00,-3.1616E-01, 6.2036E+00
"B2                                                                                                                    "
  15789.040, -56210.950,-5.7983E-01, 3.5620E+00,-3.4424E-01, 2.5342E+00, 2.0569E+00, 7.2607E+00,-3.1738E-01, 6.2024E+00
"P                                                                                                                     "
  15839.010, -56160.980,-5.8472E-01, 3.5620E+00,-3.4302E-01, 2.5330E+00,-2.0508E-01, 5.5017E+00,-3.1372E-01, 6.2085E+00
"Z                                                                                                                     "
  16973.670, -55026.320,-5.5664E-01, 3.5828E+00,-3.4058E-01, 2.5354E+00, 3.3496E+00, 8.5059E+00,-3.0762E-01, 6.2109E+00
"P                                                                                                                     "
  16996.170, -55003.820,-5.6885E-01, 3.5828E+00,-3.4302E-01, 2.5354E+00, 2.6624E+00, 7.9773E+00,-3.1128E-01, 6.2073E+00
"G                                                                                                                     "
  17003.310, -54996.680,-5.5542E-01, 3.5828E+00,-3.3936E-01, 2.5354E+00, 2.8308E+00, 8.0359E+00,-3.1128E-01, 6.2061E+00
"P                                                                                                                     "
  17005.320, -54994.670,-5.5908E-01, 3.5828E+00,-3.4424E-01, 2.5354E+00, 2.9309E+00, 8.1445E+00,-3.1372E-01, 6.2061E+00
"B2                                                                                                                    "
  17009.940, -54990.050,-5.6519E-01, 3.5828E+00,-3.4180E-01, 2.5366E+00, 2.8870E+00, 8.0994E+00,-3.1494E-01, 6.2061E+00
"P                                                                                                                     "
  17026.290, -54973.700,-5.5542E-01, 3.5828E+00,-3.3936E-01, 2.5366E+00, 2.8577E+00, 8.0444E+00,-3.1250E-01, 6.2073E+00
"G                                                                                                                     "
  17032.380, -54967.610,-5.6885E-01, 3.5840E+00,-3.4302E-01, 2.5366E+00, 2.6782E+00, 7.9114E+00,-3.1006E-01, 6.2097E+00
"P                                                                                                                     "
  17049.150, -54950.840,-5.6396E-01, 3.5840E+00,-3.3569E-01, 2.5378E+00, 2.8418E+00, 8.0505E+00,-2.6978E-01, 6.2476E+00
"Z                                                                                                                     "
  17172.780, -54827.210,-5.5786E-01, 3.5864E+00,-3.4180E-01, 2.5391E+00, 3.3582E+00, 7.6404E+00,-3.1128E-01, 6.2085E+00
"P                                                                                                                     "
  17208.150, -54791.840,-5.5664E-01, 3.5852E+00,-3.3569E-01, 2.5391E+00, 2.5098E+00, 7.7173E+00,-3.1006E-01, 6.2085E+00
"B2                                                                                                                    "
  17211.930, -54788.060,-5.5542E-01, 3.5864E+00,-3.3569E-01, 2.5391E+00, 2.4646E+00, 7.6587E+00,-3.0884E-01, 6.2097E+00
"P                                                                                                                     "
  17259.330, -54740.660,-5.5542E-01, 3.5864E+00,-3.3569E-01, 2.5391E+00,-3.4302E-01, 5.1660E+00,-3.0640E-01, 6.2109E+00
"Z                                                                                                                     "
  17266.860, -54733.130,-5.5908E-01, 3.5864E+00,-3.3447E-01, 2.5403E+00, 2.7637E+00, 7.6978E+00,-3.0396E-01, 6.2158E+00
"B                                                                                                                     "
  17307.270, -54692.720,-5.6641E-01, 3.5876E+00,-3.3936E-01, 2.5403E+00, 2.5061E+00, 7.7234E+00,-3.0884E-01, 6.2122E+00
"C                                                                                                                     "
  17316.630, -54683.360,-5.5420E-01, 3.5864E+00,-3.3691E-01, 2.5403E+00, 2.6880E+00, 7.8931E+00,-3.0640E-01, 6.2122E+00
"D                                                                                                                     "
  17317.350, -54682.640,-5.5176E-01, 3.5864E+00,-3.3447E-01, 2.5403E+00, 2.7808E+00, 8.0029E+00,-3.0640E-01, 6.2122E+00
"C                                                                                                                     "
  17317.920, -54682.070,-5.5908E-01, 3.5864E+00,-3.3569E-01, 2.5391E+00, 2.8503E+00, 8.5498E+00,-3.0762E-01, 6.2122E+00
"B                                                                                                                     "
  17318.670, -54681.320,-5.5176E-01, 3.5864E+00,-3.3813E-01, 2.5403E+00, 2.6392E+00, 7.8394E+00,-3.0518E-01, 6.2134E+00
"C                                                                                                                     "
  17321.520, -54678.470,-5.5420E-01, 3.5864E+00,-3.4058E-01, 2.5391E+00, 2.8271E+00, 8.0408E+00,-3.0884E-01, 6.2134E+00
"B                                                                                                                     "
  17323.200, -54676.790,-5.5298E-01, 3.5864E+00,-3.3447E-01, 2.5403E+00, 2.8210E+00, 8.0774E+00,-3.0396E-01, 6.2134E+00
"F2                                                                                                                    "
  17325.630, -54674.360,-5.6641E-01, 3.5864E+00,-3.3813E-01, 2.5403E+00, 2.7637E+00, 7.9102E+00,-3.0640E-01, 6.2122E+00
"B                                                                                                                     "
  17329.950, -54670.040,-5.5420E-01, 3.5864E+00,-3.3447E-01, 2.5403E+00, 2.8870E+00, 8.1055E+00,-3.0396E-01, 6.2134E+00
"C                                                                                                                     "
  17336.760, -54663.230,-5.5420E-01, 3.5889E+00,-3.3569E-01, 2.5403E+00, 3.7769E+00, 8.8892E+00,-3.0518E-01, 6.2134E+00
"D                                                                                                                     "
  17343.840, -54656.150,-5.5054E-01, 3.5901E+00,-3.3691E-01, 2.5391E+00, 2.8320E+00, 8.0408E+00,-3.0396E-01, 6.2134E+00
"B                                                                                                                     "
  17344.860, -54655.130,-5.4810E-01, 3.5889E+00,-3.3691E-01, 2.5403E+00, 2.8943E+00, 8.0396E+00,-3.0762E-01, 6.2134E+00
"C                                                                                                                     "
  17348.370, -54651.620,-5.5542E-01, 3.5901E+00,-3.3936E-01, 2.5403E+00, 2.7893E+00, 7.9907E+00,-3.0640E-01, 6.2122E+00
"D                                                                                                                     "
  17356.350, -54643.640,-5.5298E-01, 3.5876E+00,-3.3691E-01, 2.5403E+00, 3.4741E+00, 8.6633E+00,-3.0640E-01, 6.2122E+00
"F1                                                                                                                    "
  17357.220, -54642.770,-5.5298E-01, 3.5889E+00,-3.3447E-01, 2.5391E+00, 2.6208E+00, 7.8430E+00,-3.0396E-01, 6.2134E+00
"F2                                                                                                                    "
  17359.260, -54640.730,-5.6030E-01, 3.5864E+00,-3.3691E-01, 2.5403E+00, 2.6721E+00, 7.8735E+00,-3.0640E-01, 6.2134E+00
"B                                                                                                                     "
  17362.230, -54637.760,-5.5908E-01, 3.5889E+00,-3.3691E-01, 2.5403E+00, 2.7490E+00, 7.9553E+00,-3.0640E-01, 6.2122E+00
"C                                                                                                                     "
  17362.800, -54637.190,-5.5664E-01, 3.5876E+00,-3.3936E-01, 2.5391E+00, 2.6501E+00, 7.8467E+00,-3.0884E-01, 6.2122E+00
"B                                                                                                                     "
  17366.520, -54633.470,-5.5786E-01, 3.5864E+00,-3.3813E-01, 2.5403E+00, 2.7283E+00, 7.9456E+00,-3.0762E-01, 6.2122E+00
"D                                                                                                                     "
  17381.910, -54618.080,-5.5664E-01, 3.5876E+00,-3.3691E-01, 2.5391E+00, 2.8479E+00, 8.0432E+00,-3.0884E-01, 6.2122E+00
"F2                                                                                                                    "
  17384.010, -54615.980,-5.6396E-01, 3.5864E+00,-3.3691E-01, 2.5391E+00, 2.8210E+00, 8.0347E+00,-3.0762E-01, 6.2122E+00
"B                                                                                                                     "
  17385.480, -54614.510,-5.5298E-01, 3.5876E+00,-3.3447E-01, 2.5403E+00, 2.6855E+00, 7.8796E+00,-3.0762E-01, 6.2109E+00
"C                                                                                                                     "
  17386.980, -54613.010,-5.6274E-01, 3.5876E+00,-3.3813E-01, 2.5391E+00, 2.7454E+00, 7.9480E+00,-3.0884E-01, 6.2109E+00
"D                                                                                                                     "
  17393.190, -54606.800,-5.5298E-01, 3.5876E+00,-3.3447E-01, 2.5403E+00, 2.7307E+00, 7.9370E+00,-3.0518E-01, 6.2109E+00
"F2                                                                                                                    "
  17396.220, -54603.770,-5.5298E-01, 3.5876E+00,-3.3569E-01, 2.5403E+00, 2.8223E+00, 8.0237E+00,-3.0396E-01, 6.2109E+00
"B                                                                                                                     "
  17398.560, -54601.430,-5.4810E-01, 3.5876E+00,-3.3569E-01, 2.5403E+00, 2.6318E+00, 7.8784E+00,-3.0762E-01, 6.2109E+00
"C                                                                                                                     "
  17407.620, -54592.370,-5.5298E-01, 3.5876E+00,-3.3569E-01, 2.5391E+00, 2.4866E+00, 7.7039E+00,-3.0884E-01, 6.2109E+00
"B                                                                                                                     "
  17417.370, -54582.620,-5.6152E-01, 3.5876E+00,-3.4058E-01, 2.5403E+00, 2.5891E+00, 7.7991E+00,-3.1006E-01, 6.2109E+00
"C                                                                                                                     "
  17431.230, -54568.760,-5.6641E-01, 3.5852E+00,-3.3813E-01, 2.5391E+00, 2.7283E+00, 7.9358E+00,-3.1006E-01, 6.2097E+00
"D                                                                                                                     "
  17436.000, -54563.990,-5.5664E-01, 3.5864E+00,-3.3447E-01, 2.5391E+00, 2.7136E+00, 7.9358E+00,-3.0762E-01, 6.2085E+00
"C                                                                                                                     "
  17438.640, -54561.350,-5.5054E-01, 3.5864E+00,-3.3691E-01, 2.5403E+00, 2.7271E+00, 7.9175E+00,-3.0640E-01, 6.2097E+00
"D                                                                                                                     "
  17470.440, -54529.550,-5.5664E-01, 3.5852E+00,-3.3691E-01, 2.5391E+00, 2.9834E+00, 8.1812E+00,-3.0762E-01, 6.2085E+00
"C                                                                                                                     "
  17473.500, -54526.490,-5.6519E-01, 3.5840E+00,-3.3691E-01, 2.5391E+00, 2.7551E+00, 7.9993E+00,-3.0762E-01, 6.2109E+00
"F2                                                                                                                    "
  17475.540, -54524.450,-5.5664E-01, 3.5852E+00,-3.3569E-01, 2.5391E+00, 2.7051E+00, 7.8955E+00,-3.1006E-01, 6.2085E+00
"B                                                                                                                     "
  17481.690, -54518.300,-5.6519E-01, 3.5852E+00,-3.3813E-01, 2.5391E+00, 2.8320E+00, 7.9895E+00,-3.1128E-01, 6.2085E+00
"C                                                                                                                     "
  17483.190, -54516.800,-5.6030E-01, 3.5840E+00,-3.3813E-01, 2.5391E+00, 2.7356E+00, 7.9590E+00,-3.1494E-01, 6.2085E+00
"B                                                                                                                     "
  17485.890, -54514.100,-5.6030E-01, 3.5852E+00,-3.3569E-01, 2.5378E+00, 2.6062E+00, 7.8137E+00,-3.1250E-01, 6.2073E+00
"C                                                                                                                     "
  17488.290, -54511.700,-5.6641E-01, 3.5840E+00,-3.3813E-01, 2.5391E+00, 2.7795E+00, 8.0249E+00,-3.1372E-01, 6.2085E+00
"B                                                                                                                     "
  17489.820, -54510.170,-5.6274E-01, 3.5840E+00,-3.3691E-01, 2.5378E+00, 2.6941E+00, 7.9077E+00,-3.1006E-01, 6.2073E+00
"C                                                                                                                     "
  17491.560, -54508.430,-5.6519E-01, 3.5840E+00,-3.3936E-01, 2.5378E+00, 2.9199E+00, 8.1287E+00,-3.1250E-01, 6.2085E+00
"D                                                                                                                     "
  17492.190, -54507.800,-5.6641E-01, 3.5840E+00,-3.4180E-01, 2.5378E+00, 2.8027E+00, 8.0396E+00,-3.1128E-01, 6.2073E+00
"C                                                                                                                     "
  17493.000, -54506.990,-5.6030E-01, 3.5852E+00,-3.3936E-01, 2.5391E+00, 2.7393E+00, 7.9504E+00,-3.1250E-01, 6.2085E+00
"B                                                                                                                     "
  17493.840, -54506.150,-5.6030E-01, 3.5840E+00,-3.3936E-01, 2.5378E+00, 2.7722E+00, 7.9675E+00,-3.1006E-01, 6.2085E+00
"C                                                                                                                     "
  17494.590, -54505.400,-5.6641E-01, 3.5840E+00,-3.3813E-01, 2.5391E+00, 2.8040E+00, 8.0029E+00,-3.1006E-01, 6.2085E+00
"D                                                                                                                     "
  17500.020, -54499.970,-5.5176E-01, 3.5864E+00,-3.3691E-01, 2.5391E+00, 2.7063E+00, 7.9187E+00,-3.1128E-01, 6.2085E+00
"B                                                                                                                     "
  17502.540, -54497.450,-5.4810E-01, 3.5864E+00,-3.3813E-01, 2.5378E+00, 2.7710E+00, 7.9614E+00,-3.0884E-01, 6.2073E+00
"C                                                                                                                     "
  17504.010, -54495.980,-5.6152E-01, 3.5828E+00,-3.4302E-01, 2.5391E+00, 2.9688E+00, 8.1750E+00,-3.1250E-01, 6.2073E+00
"D                                                                                                                     "
  17622.990, -54377.000,-5.6641E-01, 3.5815E+00,-3.4058E-01, 2.5378E+00, 3.0493E+00, 8.2397E+00,-2.9541E-01, 6.2244E+00
"C                                                                                                                     "
  17626.920, -54373.070,-5.5908E-01, 3.5828E+00,-3.3936E-01, 2.5378E+00, 3.4399E+00, 8.6450E+00,-3.1494E-01, 6.2061E+00
"D                                                                                                                     "
  17682.420, -54317.570,-5.6763E-01, 3.5815E+00,-3.3813E-01, 2.5378E+00, 3.3423E+00, 8.5339E+00,-3.1372E-01, 6.2048E+00
"C                                                                                                                     "
  17686.320, -54313.670,-5.6030E-01, 3.5815E+00,-3.3691E-01, 2.5378E+00, 3.5730E+00, 8.7671E+00,-3.1494E-01, 6.2048E+00
"D                                                                                                                     "
  17763.300, -54236.690,-5.7373E-01, 3.5815E+00,-3.3936E-01, 2.5378E+00, 3.3264E+00, 8.5718E+00,-3.1372E-01, 6.2048E+00
"C                                                                                                                     "
  17765.970, -54234.020,-5.6763E-01, 3.5815E+00,-3.4424E-01, 2.5366E+00, 3.4265E+00, 8.6304E+00,-3.1738E-01, 6.2048E+00
"D                                                                                                                     "
  17837.310, -54162.680,-5.6396E-01, 3.5840E+00,-3.4302E-01, 2.5366E+00, 3.4998E+00, 8.6926E+00,-3.1494E-01, 6.2048E+00
"C                                                                                                                     "
  17841.150, -54158.840,-5.6030E-01, 3.5828E+00,-3.3936E-01, 2.5378E+00, 3.5254E+00, 8.7207E+00,-3.1372E-01, 6.2048E+00
"D                                                                                                                     "
  17971.710, -54028.280,-5.5298E-01, 3.5889E+00,-3.3691E-01, 2.5391E+00, 3.4033E+00, 8.6450E+00,-3.1372E-01, 6.2073E+00
"F1                                                                                                                    "
  17972.850, -54027.140,-5.6152E-01, 3.5864E+00,-3.3936E-01, 2.5391E+00, 3.0530E+00, 8.2739E+00,-3.1494E-01, 6.2061E+00
"F2                                                                                                                    "
  17976.690, -54023.300,-5.6152E-01, 3.5864E+00,-3.3569E-01, 2.5391E+00, 3.9087E+00, 9.1296E+00,-3.1494E-01, 6.2073E+00
"F3                                                                                                                    "
  17984.820, -54015.170,-5.5542E-01, 3.5901E+00,-3.3936E-01, 2.5391E+00, 3.2922E+00, 8.5376E+00,-3.1250E-01, 6.2073E+00
"F4                                                                                                                    "
  17989.500, -54010.490,-5.6030E-01, 3.5889E+00,-3.3936E-01, 2.5391E+00, 3.0701E+00, 8.2849E+00,-3.1250E-01, 6.2073E+00
"B                                                                                                                     "
  17997.480, -54002.510,-5.4932E-01, 3.5889E+00,-3.3447E-01, 2.5391E+00, 3.2410E+00, 8.4583E+00,-3.1128E-01, 6.2073E+00
"C                                                                                                                     "
  18044.580, -53955.410,-5.6274E-01, 3.5889E+00,-3.3569E-01, 2.5403E+00, 3.5327E+00, 8.7415E+00,-3.1006E-01, 6.2085E+00
"D                                                                                                                     "
  18046.650, -53953.340,-5.4932E-01, 3.5901E+00,-3.3569E-01, 2.5403E+00, 3.5742E+00, 8.7708E+00,-3.1250E-01, 6.2085E+00
"C                                                                                                                     "
  18047.760, -53952.230,-5.5420E-01, 3.5901E+00,-3.3447E-01, 2.5403E+00, 3.5706E+00, 8.8135E+00,-3.0884E-01, 6.2085E+00
"D                                                                                                                     "
  18158.610, -53841.380,-5.5664E-01, 3.5913E+00,-3.3447E-01, 2.5403E+00, 3.7439E+00, 8.9709E+00,-3.1006E-01, 6.2097E+00
"C                                                                                                                     "
  18161.580, -53838.410,-5.6152E-01, 3.5889E+00,-3.3569E-01, 2.5403E+00, 3.7891E+00, 8.9905E+00,-3.0884E-01, 6.2097E+00
"D                                                                                                                     "
  18233.970, -53766.020,-5.6030E-01, 3.5913E+00,-3.3569E-01, 2.5403E+00, 3.5364E+00, 8.7585E+00,-3.1006E-01, 6.2097E+00
"F2                                                                                                                    "
  18235.050, -53764.940,-5.5420E-01, 3.5913E+00,-3.3447E-01, 2.5403E+00, 3.5291E+00, 8.6963E+00,-3.0640E-01, 6.2097E+00
"B                                                                                                                     "
  18237.210, -53762.780,-5.5908E-01, 3.5876E+00,-3.3325E-01, 2.5403E+00, 3.5046E+00, 8.6987E+00,-3.0518E-01, 6.2097E+00
"C                                                                                                                     "
  18239.580, -53760.410,-5.5054E-01, 3.5901E+00,-3.3813E-01, 2.5403E+00, 3.6694E+00, 8.8525E+00,-3.1128E-01, 6.2097E+00
"D                                                                                                                     "
  18282.510, -53717.480,-5.4565E-01, 3.5889E+00,-3.3447E-01, 2.5403E+00, 3.3228E+00, 8.5535E+00,-3.1006E-01, 6.2097E+00
"P                                                                                                                     "
  18289.620, -53710.370,-5.5786E-01, 3.5876E+00,-3.3691E-01, 2.5403E+00, 2.5122E+00, 8.3044E+00,-3.0884E-01, 6.2134E+00
"Z                                                                                                                     "
  31903.920, -40096.070, 2.5293E+00, 6.6296E+00,-3.4668E-01, 2.5269E+00, 3.4399E+00, 8.4863E+00,-3.1006E-01, 6.2109E+00
"P                                                                                                                     "
  31916.040, -40083.950, 2.2058E+00, 6.3062E+00,-3.4668E-01, 2.5269E+00, 2.3987E+00, 7.6147E+00,-3.1006E-01, 6.2109E+00
"C                                                                                                                     "
  31920.300, -40079.690, 2.1606E+00, 6.2500E+00,-3.4546E-01, 2.5269E+00, 2.6685E+00, 7.9028E+00,-3.0396E-01, 6.2122E+00
"D                                                                                                                     "
  31920.870, -40079.120, 2.2034E+00, 6.2952E+00,-3.4546E-01, 2.5269E+00, 2.6758E+00, 7.8894E+00,-3.0640E-01, 6.2122E+00
"C                                                                                                                     "
  31922.100, -40077.890, 2.2046E+00, 6.3013E+00,-3.4424E-01, 2.5269E+00, 2.7332E+00, 7.9358E+00,-3.0518E-01, 6.2109E+00
"B                                                                                                                     "
  31923.900, -40076.090, 2.2180E+00, 6.3135E+00,-3.4302E-01, 2.5269E+00, 2.6404E+00, 7.8516E+00,-3.0273E-01, 6.2109E+00
"D                                                                                                                     "
  31929.450, -40070.540, 2.2180E+00, 6.3086E+00,-3.4668E-01, 2.5269E+00, 3.0225E+00, 8.2349E+00,-3.0762E-01, 6.2122E+00
"B                                                                                                                     "
  31932.510, -40067.480, 2.1985E+00, 6.3062E+00,-3.4790E-01, 2.5256E+00, 3.1458E+00, 8.3557E+00,-3.0762E-01, 6.2122E+00
"D                                                                                                                     "
  31933.440, -40066.550, 2.4915E+00, 6.5662E+00,-3.4668E-01, 2.5269E+00, 3.2935E+00, 8.5632E+00,-3.0640E-01, 6.2134E+00
"B                                                                                                                     "
  31934.850, -40065.140, 2.1045E+00, 6.1951E+00,-3.4546E-01, 2.5269E+00, 3.1653E+00, 8.3765E+00,-3.0518E-01, 6.2134E+00
"D                                                                                                                     "
  31935.570, -40064.420, 2.0984E+00, 6.1987E+00,-3.4668E-01, 2.5269E+00, 3.3289E+00, 8.5449E+00,-3.0396E-01, 6.2134E+00
"B                                                                                                                     "
  31936.230, -40063.760, 2.1008E+00, 6.2061E+00,-3.4546E-01, 2.5269E+00, 3.2813E+00, 8.4924E+00,-3.0884E-01, 6.2134E+00
"D                                                                                                                     "
  31940.280, -40059.710, 2.1301E+00, 6.2329E+00,-3.4546E-01, 2.5269E+00, 3.3850E+00, 8.5742E+00,-3.0518E-01, 6.2146E+00
"B                                                                                                                     "
  31941.720, -40058.270, 2.1875E+00, 6.2891E+00,-3.4546E-01, 2.5269E+00, 3.2568E+00, 8.4692E+00,-3.0273E-01, 6.2146E+00
"C                                                                                                                     "
  31946.520, -40053.470, 2.2412E+00, 6.3281E+00,-3.4424E-01, 2.5269E+00, 3.4631E+00, 8.6670E+00,-3.0273E-01, 6.2146E+00
"B                                                                                                                     "
  31947.480, -40052.510, 2.2205E+00, 6.3245E+00,-3.4546E-01, 2.5269E+00, 5.4773E+00, 9.8291E+00,-3.0396E-01, 6.2146E+00
"C                                                                                                                     "
  31968.750, -40031.240, 2.2131E+00, 6.3208E+00,-3.4546E-01, 2.5269E+00, 3.4167E+00, 8.6096E+00,-3.0273E-01, 6.2170E+00
"D                                                                                                                     "
  32019.900, -39980.090, 2.3718E+00, 6.4600E+00,-3.4668E-01, 2.5269E+00, 3.1299E+00, 8.3606E+00,-3.0151E-01, 6.2195E+00
"F1                                                                                                                    "
  32021.520, -39978.470, 2.3584E+00, 6.4563E+00,-3.4546E-01, 2.5269E+00, 3.2104E+00, 8.4277E+00,-3.0273E-01, 6.2195E+00
"F2                                                                                                                    "
  32024.760, -39975.230, 2.2180E+00, 6.3147E+00,-3.4546E-01, 2.5269E+00, 3.0176E+00, 8.2532E+00,-3.0029E-01, 6.2195E+00
"B                                                                                                                     "
  32027.100, -39972.890, 2.3560E+00, 6.4465E+00,-3.4302E-01, 2.5281E+00, 2.8796E+00, 8.0933E+00,-3.0029E-01, 6.2183E+00
"C                                                                                                                     "
  32030.910, -39969.080, 2.2510E+00, 6.3452E+00,-3.4546E-01, 2.5269E+00, 2.8174E+00, 8.0432E+00,-3.0151E-01, 6.2195E+00
"D                                                                                                                     "
  32031.900, -39968.090, 2.2485E+00, 6.3428E+00,-3.4668E-01, 2.5269E+00, 2.8442E+00, 8.0627E+00,-3.0273E-01, 6.2195E+00
"B                                                                                                                     "
  32034.180, -39965.810, 2.2424E+00, 6.3367E+00,-3.4302E-01, 2.5281E+00, 2.7759E+00, 7.9822E+00,-2.9785E-01, 6.2195E+00
"C                                                                                                                     "
  32037.390, -39962.600, 2.2156E+00, 6.3208E+00,-3.4546E-01, 2.5269E+00, 3.0237E+00, 8.2336E+00,-3.0029E-01, 6.2195E+00
"D                                                                                                                     "
  32085.540, -39914.450, 2.6160E+00, 6.7114E+00,-3.4546E-01, 2.5269E+00, 3.2556E+00, 8.4595E+00,-3.0029E-01, 6.2195E+00
"C                                                                                                                     "
  32087.160, -39912.830, 2.2876E+00, 6.3892E+00,-3.4790E-01, 2.5269E+00, 3.1104E+00, 8.3167E+00,-2.9663E-01, 6.2195E+00
"F2                                                                                                                    "
  32090.100, -39909.890, 2.3376E+00, 6.4368E+00,-3.4424E-01, 2.5269E+00, 2.9858E+00, 8.1982E+00,-2.9663E-01, 6.2195E+00
"B                                                                                                                     "
  32093.310, -39906.680, 2.1191E+00, 6.2183E+00,-3.4668E-01, 2.5269E+00, 2.9004E+00, 8.1152E+00,-3.0151E-01, 6.2195E+00
"B                                                                                                                     "
  32094.510, -39905.480, 2.6636E+00, 6.7517E+00,-3.4546E-01, 2.5269E+00, 2.9224E+00, 8.1311E+00,-2.9785E-01, 6.2195E+00
"D                                                                                                                     "
  32095.470, -39904.520, 2.2046E+00, 6.3000E+00,-3.4546E-01, 2.5269E+00, 2.9395E+00, 8.1348E+00,-2.9907E-01, 6.2195E+00
"C                                                                                                                     "
  32098.260, -39901.730, 2.2314E+00, 6.3196E+00,-3.4302E-01, 2.5269E+00, 2.9883E+00, 8.1995E+00,-2.9907E-01, 6.2195E+00
"B                                                                                                                     "
  32100.930, -39899.060, 2.2168E+00, 6.3086E+00,-3.4546E-01, 2.5269E+00, 2.8784E+00, 8.0774E+00,-2.9663E-01, 6.2195E+00
"C                                                                                                                     "
  32101.740, -39898.250, 2.2168E+00, 6.3074E+00,-3.4424E-01, 2.5269E+00, 3.0176E+00, 8.2214E+00,-2.9907E-01, 6.2195E+00
"D                                                                                                                     "
  32292.390, -39707.600, 2.6001E+00, 6.6931E+00,-3.4790E-01, 2.5269E+00, 3.1287E+00, 8.3313E+00,-3.0762E-01, 6.2134E+00
"B                                                                                                                     "
  32294.700, -39705.290, 2.1863E+00, 6.2866E+00,-3.4790E-01, 2.5269E+00, 3.1909E+00, 8.3887E+00,-3.0518E-01, 6.2134E+00
"D                                                                                                                     "
  32315.400, -39684.590, 2.2253E+00, 6.3330E+00,-3.4546E-01, 2.5269E+00, 3.0774E+00, 8.2727E+00,-3.0396E-01, 6.2134E+00
"F1                                                                                                                    "
  32316.990, -39683.000, 2.1960E+00, 6.2988E+00,-3.4790E-01, 2.5256E+00, 3.1506E+00, 8.3704E+00,-3.0884E-01, 6.2134E+00
"F2                                                                                                                    "
  32318.490, -39681.500, 2.1997E+00, 6.3098E+00,-3.4546E-01, 2.5256E+00, 3.0688E+00, 8.2678E+00,-3.0640E-01, 6.2122E+00
"B                                                                                                                     "
  32320.860, -39679.130, 2.1863E+00, 6.2793E+00,-3.4180E-01, 2.5256E+00, 2.9858E+00, 8.1946E+00,-3.0396E-01, 6.2134E+00
"C                                                                                                                     "
  32321.970, -39678.020, 2.2107E+00, 6.3049E+00,-3.4546E-01, 2.5269E+00, 3.0823E+00, 8.3240E+00,-3.0640E-01, 6.2122E+00
"D                                                                                                                     "
  32460.510, -39539.480, 2.1399E+00, 6.2109E+00,-3.4546E-01, 2.5256E+00, 3.2568E+00, 8.4448E+00,-3.0884E-01, 6.2097E+00
"F1                                                                                                                    "
  32468.460, -39531.530, 2.6379E+00, 6.7273E+00,-3.4790E-01, 2.5256E+00, 3.1506E+00, 8.3594E+00,-3.1128E-01, 6.2097E+00
"F2                                                                                                                    "
  32470.560, -39529.430, 2.2229E+00, 6.3147E+00,-3.4546E-01, 2.5256E+00, 3.1360E+00, 8.3496E+00,-3.1250E-01, 6.2097E+00
"B                                                                                                                     "
  32472.360, -39527.630, 2.1960E+00, 6.2927E+00,-3.4668E-01, 2.5256E+00, 3.0676E+00, 8.2703E+00,-3.1006E-01, 6.2097E+00
"C                                                                                                                     "
  32473.950, -39526.040, 2.2119E+00, 6.3086E+00,-3.4668E-01, 2.5256E+00, 3.1531E+00, 8.3569E+00,-3.0640E-01, 6.2097E+00
"DG                                                                                                                    "
  32541.600, -39458.390, 2.1448E+00, 6.2537E+00,-3.4790E-01, 2.5256E+00, 3.0151E+00, 8.2483E+00,-3.1128E-01, 6.2097E+00
"G                                                                                                                     "
  33821.340, -38178.650, 1.8542E+00, 5.9424E+00,-3.4058E-01, 2.5256E+00, 3.4131E+00, 8.5828E+00,-3.0884E-01, 6.2097E+00
"C                                                                                                                     "
  33842.100, -38157.890, 1.9031E+00, 6.0120E+00,-3.4912E-01, 2.5256E+00, 3.1396E+00, 8.3752E+00,-3.1250E-01, 6.2097E+00
"F2                                                                                                                    "
  33844.050, -38155.940, 1.8774E+00, 5.9656E+00,-3.4424E-01, 2.5256E+00, 3.1909E+00, 8.4155E+00,-3.0884E-01, 6.2097E+00
"B                                                                                                                     "
  33848.730, -38151.260, 1.9714E+00, 6.0828E+00,-3.4424E-01, 2.5256E+00, 3.2361E+00, 8.4497E+00,-3.1006E-01, 6.2085E+00
"C                                                                                                                     "
  33850.410, -38149.580, 1.7761E+00, 5.8777E+00,-3.4790E-01, 2.5256E+00, 3.0786E+00, 8.2715E+00,-3.0762E-01, 6.2097E+00
"DG                                                                                                                    "
  34380.000, -37619.990, 1.6089E+00, 5.7214E+00,-3.4302E-01, 2.5256E+00, 3.3081E+00, 8.5522E+00,-3.1494E-01, 6.2036E+00
"G                                                                                                                     "
  34709.100, -37290.890, 1.4282E+00, 5.5371E+00,-3.4302E-01, 2.5256E+00, 3.4521E+00, 8.6536E+00,-3.1250E-01, 6.2036E+00
"CG                                                                                                                    "
  34730.610, -37269.380, 1.6064E+00, 5.7031E+00,-3.4546E-01, 2.5269E+00, 3.3521E+00, 8.5840E+00,-3.1494E-01, 6.2048E+00
"F2                                                                                                                    "
  34732.530, -37267.460, 1.4880E+00, 5.6335E+00,-3.4546E-01, 2.5256E+00, 3.4814E+00, 8.6914E+00,-3.1250E-01, 6.2048E+00
"G                                                                                                                     "
  35557.170, -36442.820, 1.5417E+00, 5.6482E+00,-3.4668E-01, 2.5256E+00, 3.4106E+00, 8.6340E+00,-3.2104E-01, 6.2000E+00
"DG                                                                                                                    "
  35578.620, -36421.370, 1.5234E+00, 5.6311E+00,-3.4546E-01, 2.5244E+00, 3.2605E+00, 8.4839E+00,-3.1738E-01, 6.2012E+00
"F2                                                                                                                    "
  35580.630, -36419.360, 1.5210E+00, 5.6213E+00,-3.4546E-01, 2.5256E+00, 3.3362E+00, 8.5535E+00,-3.1982E-01, 6.2000E+00
"B                                                                                                                     "
  35593.200, -36406.790, 1.6565E+00, 5.7666E+00,-3.4790E-01, 2.5256E+00, 3.2532E+00, 8.4802E+00,-3.1738E-01, 6.2012E+00
"DG                                                                                                                    "
  35623.230, -36376.760, 1.5930E+00, 5.7068E+00,-3.4546E-01, 2.5256E+00, 3.1348E+00, 8.3398E+00,-3.1616E-01, 6.2024E+00
"F2                                                                                                                    "
  35625.120, -36374.870, 1.6614E+00, 5.7544E+00,-3.4424E-01, 2.5256E+00, 3.2446E+00, 8.4692E+00,-3.1616E-01, 6.2024E+00
"G                                                                                                                     "
  36000.090, -35999.900, 1.6821E+00, 5.7800E+00,-3.4302E-01, 2.5256E+00, 3.5303E+00, 8.7427E+00,-3.1494E-01, 6.2024E+00
