"z                                                                                                                     "
    164.780, -71835.210,-6.1646E-01, 3.5352E+00, 1.7688E+00, 4.6045E+00, 1.5503E+00, 5.6274E+00, 5.1270E-02, 6.5698E+00
"p                                                                                                                     "
    293.900, -71706.090,-6.3110E-01, 3.5181E+00,-3.5156E-01, 2.5232E+00, 1.9666E+00, 7.4402E+00,-3.4180E-01, 6.1780E+00
"g                                                                                                                     "
    392.060, -71607.930,-6.3354E-01, 3.5107E+00,-3.7598E-01, 2.5159E+00, 3.3789E+00, 8.8281E+00,-3.2104E-01, 6.2158E+00
"np                                                                                                                    "
    743.450, -71256.540,-6.3599E-01, 3.5095E+00,-3.8818E-01, 2.4951E+00,-5.6763E-01, 4.6667E+00,-3.5400E-01, 6.1670E+00    
"p                                                                                                                     "
    776.960, -71223.030,-6.3477E-01, 3.5107E+00,-3.8574E-01, 2.4963E+00, 2.4609E+00, 7.6440E+00,-3.5278E-01, 6.1682E+00
"b                                                                                                                     "
    778.490, -71221.500,-6.3965E-01, 3.5107E+00,-3.6499E-01, 2.5244E+00, 2.4976E+00, 7.7173E+00,-3.5400E-01, 6.1682E+00
"np                                                                                                                    "
    804.500, -71195.490,-6.3721E-01, 3.5107E+00,-2.6245E-01, 2.6196E+00, 1.8079E+00, 7.1643E+00,-3.5400E-01, 6.1682E+00
"p                                                                                                                     "
    827.870, -71172.120,-6.3477E-01, 3.5120E+00, 1.5393E+00, 4.3774E+00, 2.6880E+00, 7.8784E+00,-3.5278E-01, 6.1682E+00
"c                                                                                                                     "
    828.890, -71171.100,-6.3843E-01, 3.5120E+00, 1.6577E+00, 4.5068E+00, 2.8491E+00, 8.1995E+00,-3.5400E-01, 6.1682E+00
"d                                                                                                                     "
    839.210, -71160.780,-6.3721E-01, 3.5107E+00, 1.6711E+00, 4.5251E+00, 2.3901E+00, 7.6257E+00,-3.5278E-01, 6.1694E+00
"F2                                                                                                                    "
    841.050, -69948.960,-6.3232E-01, 3.5168E+00, 1.8396E+00, 4.6851E+00, 3.4619E+00, 8.6694E+00, 1.0388E+00, 7.5342E+00
"B                                                                                                                     "
    842.750, -71157.240,-6.3843E-01, 3.5107E+00, 1.7285E+00, 4.5667E+00, 2.8186E+00, 8.0200E+00,-3.5278E-01, 6.1682E+00
"C                                                                                                                     "
    846.140, -71153.850,-6.4087E-01, 3.5120E+00, 1.6516E+00, 4.4824E+00, 3.0640E+00, 8.3875E+00,-3.5522E-01, 6.1682E+00
"D                                                                                                                     "
    884.720, -71115.270,-6.3843E-01, 3.5120E+00, 1.2012E+00, 4.0613E+00, 3.0334E+00, 8.2471E+00,-3.1372E-01, 6.2000E+00
"F2                                                                                                                    "
    887.100, -69948.960,-6.3232E-01, 3.5168E+00, 1.8396E+00, 4.6851E+00, 3.4619E+00, 8.6694E+00, 1.0388E+00, 7.5342E+00
"B                                                                                                                     "
    889.370, -71110.620,-6.3354E-01, 3.5120E+00, 1.0938E+00, 3.9465E+00, 3.2617E+00, 8.3704E+00,-3.3691E-01, 6.2000E+00
"C                                                                                                                     "
    891.530, -71108.460,-6.3110E-01, 3.5132E+00, 1.2256E+00, 4.0405E+00, 3.1201E+00, 8.3105E+00,-3.4912E-01, 6.1707E+00
"F2                                                                                                                    "
    895.740, -69948.960,-6.3232E-01, 3.5168E+00, 1.8396E+00, 4.6851E+00, 3.4619E+00, 8.6694E+00, 1.0388E+00, 7.5342E+00
"B                                                                                                                     "
    897.740, -71102.250,-6.3843E-01, 3.5120E+00, 1.2134E+00, 4.0625E+00, 3.2263E+00, 8.4180E+00,-3.5156E-01, 6.1694E+00
"C                                                                                                                     "
    898.640, -71101.350,-6.3354E-01, 3.5132E+00, 1.2463E+00, 4.0796E+00, 3.0933E+00, 8.2983E+00,-3.3936E-01, 6.1829E+00
"B                                                                                                                     "
    915.860, -71084.130,-6.3477E-01, 3.5120E+00, 1.4087E+00, 4.2322E+00, 3.3313E+00, 8.5364E+00,-3.4912E-01, 6.1707E+00
"D                                                                                                                     "
    936.350, -71063.640,-6.3110E-01, 3.5168E+00,-3.6133E-01, 2.5220E+00, 3.6145E+00, 8.8245E+00,-3.4668E-01, 6.1731E+00
"F2                                                                                                                    "
    938.820, -69948.960,-6.3232E-01, 3.5168E+00, 1.8396E+00, 4.6851E+00, 3.4619E+00, 8.6694E+00, 1.0388E+00, 7.5342E+00
"B                                                                                                                     "
    940.880, -71059.110,-6.3232E-01, 3.5132E+00,-3.6621E-01, 2.5208E+00, 3.8721E+00, 8.8586E+00,-3.5034E-01, 6.1719E+00
"C                                                                                                                     "
    943.070, -71056.920,-6.3721E-01, 3.5132E+00,-3.7354E-01, 2.5110E+00, 3.6890E+00, 8.8867E+00,-3.4912E-01, 6.1719E+00
"D                                                                                                                     "
   1085.930, -70914.060,-6.3965E-01, 3.5120E+00, 1.5381E+00, 4.3835E+00, 4.1931E+00, 9.3921E+00,-3.4302E-01, 6.1768E+00
"F2                                                                                                                    "
   1091.970, -69948.960,-6.3232E-01, 3.5168E+00, 1.8396E+00, 4.6851E+00, 3.4619E+00, 8.6694E+00, 1.0388E+00, 7.5342E+00
"B                                                                                                                     "
   1100.270, -70899.720,-6.3721E-01, 3.5120E+00, 1.5723E+00, 4.4397E+00, 3.4851E+00, 8.7012E+00,-3.4790E-01, 6.1755E+00
"C                                                                                                                     "
   1104.110, -70895.880,-6.4087E-01, 3.5120E+00, 1.3599E+00, 4.2212E+00, 3.6890E+00, 8.8818E+00,-3.4546E-01, 6.1743E+00
"D                                                                                                                     "
   1124.690, -70875.300,-6.4087E-01, 3.5120E+00, 1.1792E+00, 4.0479E+00, 3.6475E+00, 8.8525E+00,-3.4912E-01, 6.1731E+00
"NP                                                                                                                    "
   1970.960, -70029.030,-6.2744E-01, 3.5181E+00,-3.7720E-01, 2.5061E+00, 1.5247E+00, 5.6116E+00, 5.2979E-01, 7.0386E+00
"P                                                                                                                     "
   1984.010, -70015.980,-6.2988E-01, 3.5181E+00, 1.4600E+00, 4.3127E+00, 2.9187E+00, 8.0737E+00, 1.0779E+00, 7.5696E+00
"C                                                                                                                     "
   1985.210, -70014.780,-6.3354E-01, 3.5181E+00, 1.3354E+00, 4.1711E+00, 3.2080E+00, 8.6267E+00, 1.1279E+00, 7.6440E+00
"B                                                                                                                     "
   1993.700, -70006.290,-6.2622E-01, 3.5168E+00, 8.8379E-01, 3.7744E+00, 2.9150E+00, 8.1030E+00, 7.5928E-01, 7.2729E+00
"C                                                                                                                     "
   1996.160, -70003.830,-6.2866E-01, 3.5168E+00, 8.4473E-01, 3.7292E+00, 3.2739E+00, 8.4436E+00, 7.6660E-01, 7.2681E+00
"D                                                                                                                     "
   1997.690, -70002.300,-6.3232E-01, 3.5168E+00, 8.4595E-01, 3.7012E+00, 3.2861E+00, 8.5791E+00, 7.9102E-01, 7.2925E+00
"F2                                                                                                                    "
   1999.800, -69948.960,-6.3232E-01, 3.5168E+00, 1.8396E+00, 4.6851E+00, 3.4619E+00, 8.6694E+00, 1.0388E+00, 7.5342E+00
"B                                                                                                                     "
   2001.560, -69998.430,-6.2866E-01, 3.5168E+00, 7.4707E-01, 3.5999E+00, 3.1104E+00, 8.3484E+00, 1.2366E+00, 7.7441E+00
"C                                                                                                                     "
   2003.240, -69996.750,-6.3232E-01, 3.5168E+00, 7.2876E-01, 3.5852E+00, 3.3179E+00, 8.5156E+00, 1.1475E+00, 7.6587E+00
"B                                                                                                                     "
   2008.670, -69991.320,-6.3354E-01, 3.5168E+00, 7.7393E-01, 3.6316E+00, 2.7783E+00, 8.0066E+00, 8.7769E-01, 7.3767E+00
"C                                                                                                                     "
   2009.990, -69990.000,-6.3232E-01, 3.5168E+00, 8.2275E-01, 3.6902E+00, 3.2642E+00, 8.4778E+00, 1.6150E+00, 8.1262E+00
"D                                                                                                                     "
   2012.690, -69987.300,-6.2866E-01, 3.5181E+00, 8.1299E-01, 3.6658E+00, 3.6304E+00, 8.9282E+00, 1.4294E+00, 7.7930E+00
"F2                                                                                                                    "
   2016.930, -69948.960,-6.3232E-01, 3.5168E+00, 1.8396E+00, 4.6851E+00, 3.4619E+00, 8.6694E+00, 1.0388E+00, 7.5342E+00
"B                                                                                                                     "
   2017.430, -69982.560,-6.2988E-01, 3.5181E+00, 8.8013E-01, 3.7415E+00, 3.2910E+00, 8.4937E+00, 1.3196E+00, 7.8357E+00
"C                                                                                                                     "
   2019.620, -69980.370,-6.3110E-01, 3.5168E+00, 9.1797E-01, 3.7817E+00, 3.6279E+00, 8.8513E+00, 7.5928E-01, 7.2668E+00
"D                                                                                                                     "
   2043.950, -69956.040,-6.3232E-01, 3.5168E+00, 1.7126E+00, 4.4043E+00, 3.6475E+00, 8.8513E+00, 1.5466E+00, 8.0591E+00
"F2                                                                                                                    "
   2046.630, -69948.960,-6.3232E-01, 3.5168E+00, 1.8396E+00, 4.6851E+00, 3.4619E+00, 8.6694E+00, 1.0388E+00, 7.5342E+00
"B                                                                                                                     "
   2049.620, -69950.370,-6.3477E-01, 3.5168E+00, 1.8433E+00, 4.6887E+00, 3.2581E+00, 8.4436E+00, 1.4404E+00, 7.6855E+00
"C                                                                                                                     "
   2051.030, -69948.960,-6.3232E-01, 3.5168E+00, 1.8396E+00, 4.6851E+00, 3.4619E+00, 8.6694E+00, 1.0388E+00, 7.5342E+00
"D                                                                                                                     "
   2085.020, -69914.970,-6.3110E-01, 3.5168E+00, 1.8872E+00, 4.7180E+00, 3.6560E+00, 8.8879E+00, 1.3892E+00, 7.8552E+00
"F2                                                                                                                    "
   2087.820, -69948.960,-6.3232E-01, 3.5168E+00, 1.8396E+00, 4.6851E+00, 3.4619E+00, 8.6694E+00, 1.0388E+00, 7.5342E+00
"B                                                                                                                     "
   2089.700, -69910.290,-6.3354E-01, 3.5156E+00, 1.8860E+00, 4.7131E+00, 3.6597E+00, 8.8489E+00, 1.6406E+00, 8.1677E+00
"C                                                                                                                     "
   2090.180, -69909.810,-6.2866E-01, 3.5168E+00, 1.8665E+00, 4.6924E+00, 3.5864E+00, 8.8293E+00, 1.6321E+00, 8.1470E+00
"D                                                                                                                     "
   2153.750, -69846.240,-6.3354E-01, 3.5144E+00, 1.9238E+00, 4.7534E+00, 3.5718E+00, 8.8245E+00, 1.3977E+00, 7.8967E+00
"F2                                                                                                                    "
   2156.160, -69948.960,-6.3232E-01, 3.5168E+00, 1.8396E+00, 4.6851E+00, 3.4619E+00, 8.6694E+00, 1.0388E+00, 7.5342E+00
"FB                                                                                                                    "
   2160.420, -69948.960,-6.3232E-01, 3.5168E+00, 1.8396E+00, 4.6851E+00, 3.4619E+00, 8.6694E+00, 1.0388E+00, 7.5342E+00
"C                                                                                                                     "
   2161.670, -69838.320,-6.3110E-01, 3.5156E+00, 1.8762E+00, 4.7205E+00, 3.6951E+00, 8.9392E+00, 9.9731E-01, 7.7136E+00
"D                                                                                                                     "
   2243.160, -69757.080,-6.3110E-01, 3.5144E+00,-3.7354E-01, 2.5134E+00, 3.8989E+00, 9.1980E+00,-3.3081E-01, 6.1853E+00
"F2                                                                                                                    "
   2246.520, -69948.960,-6.3232E-01, 3.5168E+00, 1.8396E+00, 4.6851E+00, 3.4619E+00, 8.6694E+00, 1.0388E+00, 7.5342E+00
"B                                                                                                                     "
   2248.950, -69948.960,-6.3232E-01, 3.5168E+00, 1.8396E+00, 4.6851E+00, 3.4619E+00, 8.6694E+00, 1.0388E+00, 7.5342E+00
"C                                                                                                                     "
   2249.520, -69751.320,-6.3477E-01, 3.5144E+00,-3.6133E-01, 2.5293E+00, 3.7158E+00, 8.9478E+00,-3.4302E-01, 6.1804E+00
"D                                                                                                                     "
   2317.370, -69682.620,-6.3232E-01, 3.5144E+00,-3.8330E-01, 2.5012E+00, 4.0515E+00, 9.2517E+00,-3.3936E-01, 6.1804E+00
"F2                                                                                                                    "
   2317.500, -69948.960,-6.3232E-01, 3.5168E+00, 1.8396E+00, 4.6851E+00, 3.4619E+00, 8.6694E+00, 1.0388E+00, 7.5342E+00
"B                                                                                                                     "
   2323.280, -69676.710,-6.3477E-01, 3.5156E+00,-3.7842E-01, 2.5122E+00, 3.6975E+00, 8.8269E+00,-3.5522E-01, 6.1792E+00
"D                                                                                                                     "
   2379.620, -69620.370,-6.3232E-01, 3.5156E+00,-3.8330E-01, 2.5012E+00, 3.4534E+00, 8.6914E+00,-2.7710E-01, 6.2439E+00
"F1                                                                                                                    "
   2381.550, -69948.960,-6.3232E-01, 3.5168E+00, 1.8396E+00, 4.6851E+00, 3.4619E+00, 8.6694E+00, 1.0388E+00, 7.5342E+00
"F2                                                                                                                    "
   2383.070, -69616.920,-6.3232E-01, 3.5168E+00,-4.8218E-01, 2.4854E+00, 3.8696E+00, 9.0759E+00,-2.8320E-01, 6.2341E+00
"F3                                                                                                                    "
   2389.890, -69948.960,-6.3232E-01, 3.5168E+00, 1.8396E+00, 4.6851E+00, 3.4619E+00, 8.6694E+00, 1.0388E+00, 7.5342E+00
"F4                                                                                                                    "
   2395.590, -69948.960,-6.3232E-01, 3.5168E+00, 1.8396E+00, 4.6851E+00, 3.4619E+00, 8.6694E+00, 1.0388E+00, 7.5342E+0  
"B                                                                                                                     "
   2402.700, -69599.070,-6.3232E-01, 3.5156E+00,-3.3691E-01, 2.5525E+00, 3.6328E+00, 8.8452E+00,-2.8687E-01, 6.2317E+00
"D                                                                                                                    "
   2419.250, -69580.740,-6.2866E-01, 3.5168E+00,-3.8330E-01, 2.5049E+00, 3.5071E+00, 8.6938E+00,-2.8442E-01, 6.2378E+00
"F2                                                                                                                    "
   2421.240, -69948.960,-6.3232E-01, 3.5168E+00, 1.8396E+00, 4.6851E+00, 3.4619E+00, 8.6694E+00, 1.0388E+00, 7.5342E+00
"B                                                                                                                     "
   2423.900, -69576.090,-6.2866E-01, 3.5168E+00,-3.2471E-01, 2.5708E+00, 3.5657E+00, 8.7195E+00,-2.9419E-01, 6.2219E+00
"C                                                                                                                     "
   2424.560, -69575.430,-6.2988E-01, 3.5168E+00,-3.8696E-01, 2.5012E+00, 3.6426E+00, 8.8708E+00,-2.9663E-01, 6.2219E+00
"D                                                                                                                     "
   2445.740, -69554.250,-6.2866E-01, 3.5168E+00,-3.7354E-01, 2.5122E+00, 3.4436E+00, 8.8000E+00,-3.0396E-01, 6.2146E+00
"F2                                                                                                                    "
   2447.130, -69948.960,-6.3232E-01, 3.5168E+00, 1.8396E+00, 4.6851E+00, 3.4619E+00, 8.6694E+00, 1.0388E+00, 7.5342E+00
"FB                                                                                                                    "
   2449.200, -69551.040,-6.3110E-01, 3.5156E+00,-3.7354E-01, 2.5073E+00, 3.7915E+00, 9.0662E+00,-3.0884E-01, 6.2097E+00
"D                                                                                                                     "
   2455.490, -69544.500,-6.3354E-01, 3.5168E+00,-3.5522E-01, 2.5232E+00, 3.4583E+00, 8.6670E+00,-3.1128E-01, 6.2122E+00
"B                                                                                                                     "
   2458.430, -69541.560,-6.3110E-01, 3.5168E+00,-3.8452E-01, 2.5037E+00, 3.7463E+00, 8.9404E+00,-2.9907E-01, 6.2195E+00
"C                                                                                                                     "
   2459.030, -69540.960,-6.3110E-01, 3.5168E+00,-3.7720E-01, 2.5146E+00, 3.7170E+00, 8.9453E+00,-3.0029E-01, 6.2207E+00
"D                                                                                                                     "
   2473.890, -69525.960,-6.3110E-01, 3.5168E+00,-3.7231E-01, 2.5110E+00, 3.5254E+00, 8.7256E+00,-3.0518E-01, 6.2146E+00
"B                                                                                                                     "
   2475.660, -69523.440,-6.2744E-01, 3.5181E+00,-2.8320E-01, 2.5830E+00, 3.7720E+00, 8.9795E+00,-3.0518E-01, 6.2134E+00
"C                                                                                                                     "
   2476.770, -69948.960,-6.3232E-01, 3.5168E+00, 1.8396E+00, 4.6851E+00, 3.4619E+00, 8.6694E+00, 1.0388E+00, 7.5342E+00
"D                                                                                                                     "
   2497.220, -69502.770,-6.2988E-01, 3.5181E+00,-3.5034E-01, 2.5305E+00, 3.5852E+00, 8.8782E+00,-3.0640E-01, 6.2122E+00
"F2                                                                                                                    "
   2499.600, -69948.960,-6.3232E-01, 3.5168E+00, 1.8396E+00, 4.6851E+00, 3.4619E+00, 8.6694E+00, 1.0388E+00, 7.5342E+00
"B                                                                                                                     "
   2501.600, -69498.390,-6.2744E-01, 3.5181E+00,-3.7720E-01, 2.5073E+00, 3.4656E+00, 8.7256E+00,-3.0640E-01, 6.2134E+00
"C                                                                                                                     "
   2502.530, -69497.460,-6.2988E-01, 3.5181E+00,-3.7476E-01, 2.5134E+00, 3.6060E+00, 8.8330E+00,-3.1128E-01, 6.2122E+00
"D                                                                                                                     "
   2510.370, -69490.770,-6.2988E-01, 3.5181E+00,-3.7720E-01, 2.5085E+00, 3.4583E+00, 8.7158E+00,-3.1006E-01, 6.2085E+00
"B                                                                                                                     "
   2513.720, -69486.270,-6.3110E-01, 3.5181E+00,-3.8452E-01, 2.5000E+00, 3.6487E+00, 8.8586E+00,-3.1250E-01, 6.2097E+00
"C                                                                                                                     "
   2514.770, -69485.220,-6.2744E-01, 3.5181E+00,-3.7964E-01, 2.5024E+00, 3.7561E+00, 8.9685E+00,-3.0884E-01, 6.2085E+00
"D                                                                                                                     "
   2524.340, -69475.650,-6.2988E-01, 3.5181E+00,-4.7607E-02, 2.8308E+00, 3.7476E+00, 8.9490E+00,-3.1250E-01, 6.2109E+00
"G                                                                                                                     "
   5709.620, -66290.370,-6.2256E-01, 3.5254E+00, 2.1814E+00, 4.9902E+00, 2.7490E+00, 7.9675E+00,-3.4180E-01, 6.1780E+00
"B                                                                                                                     "
   5720.150, -66279.840,-6.2012E-01, 3.5291E+00, 2.1802E+00, 5.0098E+00, 2.6062E+00, 7.8052E+00,-3.4058E-01, 6.1780E+00
"C                                                                                                                     "
   5720.600, -66279.390,-6.1646E-01, 3.5315E+00, 2.1851E+00, 5.0146E+00, 2.8638E+00, 8.0786E+00,-3.4180E-01, 6.1780E+00
"D                                                                                                                     "
   5740.010, -66259.980,-6.2134E-01, 3.5266E+00, 2.0398E+00, 4.8804E+00, 2.8882E+00, 8.1018E+00,-3.4058E-01, 6.1780E+00
"F2                                                                                                                    "
   5741.700, -69948.960,-6.3232E-01, 3.5168E+00, 1.8396E+00, 4.6851E+00, 3.4619E+00, 8.6694E+00, 1.0388E+00, 7.5342E+00
"B                                                                                                                     "
   5743.310, -66256.680,-6.1890E-01, 3.5254E+00, 2.1997E+00, 5.0342E+00, 2.9260E+00, 8.1250E+00,-3.4424E-01, 6.1780E+00
"C                                                                                                                     "
   5744.060, -66255.930,-6.2012E-01, 3.5254E+00, 2.1631E+00, 5.0159E+00, 2.8845E+00, 8.1006E+00,-3.4058E-01, 6.1780E+00
"D                                                                                                                     "
   5758.880, -66241.110,-6.2134E-01, 3.5229E+00, 2.1948E+00, 5.0269E+00, 2.6904E+00, 7.9028E+00,-3.4058E-01, 6.1780E+00
"F2                                                                                                                    "
   5761.080, -69948.960,-6.3232E-01, 3.5168E+00, 1.8396E+00, 4.6851E+00, 3.4619E+00, 8.6694E+00, 1.0388E+00, 7.5342E+00
"B                                                                                                                     "
   5762.400, -66232.230,-6.2012E-01, 3.5254E+00, 1.6772E+00, 4.5044E+00, 2.5391E+00, 7.7490E+00,-3.4058E-01, 6.1780E+00
"D                                                                                                                     "
   5764.500, -69948.960,-6.3232E-01, 3.5168E+00, 1.8396E+00, 4.6851E+00, 3.4619E+00, 8.6694E+00, 1.0388E+00, 7.5342E+00
"G                                                                                                                     "
   5785.670, -66214.320,-6.2012E-01, 3.5266E+00, 2.1777E+00, 5.0208E+00, 2.7747E+00, 7.9541E+00,-3.4302E-01, 6.1768E+00
"C                                                                                                                     "
   5787.650, -66212.340,-6.2744E-01, 3.5217E+00, 2.1851E+00, 5.0244E+00, 2.9663E+00, 8.2642E+00,-3.4058E-01, 6.1780E+00
"D                                                                                                                     "
   5809.860, -69948.960,-6.3232E-01, 3.5168E+00, 1.8396E+00, 4.6851E+00, 3.4619E+00, 8.6694E+00, 1.0388E+00, 7.5342E+00
"G                                                                                                                     "
  10207.020, -61794.930,-6.2866E-01, 3.5181E+00, 2.1094E+00, 4.9414E+00, 3.4912E+00, 8.4607E+00, 4.5654E-01, 6.9666E+00
"C                                                                                                                     "
  10210.290, -61793.250,-6.3232E-01, 3.5181E+00, 2.1143E+00, 4.9512E+00, 4.1138E-01, 5.6445E+00, 4.5654E-01, 6.9690E+00
"D                                                                                                                     "
  10235.130, -61768.110,-6.2866E-01, 3.5181E+00, 2.0886E+00, 4.9194E+00, 2.5940E+00, 7.7979E+00, 4.6875E-01, 6.9690E+00
"F2                                                                                                                    "
  10236.840, -69948.960,-6.3232E-01, 3.5168E+00, 1.8396E+00, 4.6851E+00, 3.4619E+00, 8.6694E+00, 1.0388E+00, 7.5342E+00
"B                                                                                                                     "
  10238.210, -61761.780,-6.2744E-01, 3.5181E+00, 2.0728E+00, 4.9072E+00, 2.5146E+00, 7.7441E+00, 4.6509E-01, 6.9763E+00
"C                                                                                                                     "
  10239.020, -61760.970,-6.2866E-01, 3.5181E+00, 2.1021E+00, 4.9304E+00, 2.7930E+00, 8.0176E+00, 4.7241E-01, 6.9763E+00
"G                                                                                                                     "
  13469.540, -58530.450,-6.3232E-01, 3.5156E+00, 1.5344E+00, 4.3848E+00, 2.1948E+00, 7.3730E+00,-2.2461E-01, 6.3000E+00
"C                                                                                                                     "
  13474.100, -58525.890,-6.3232E-01, 3.5156E+00, 1.5344E+00, 4.3884E+00, 2.1191E+00, 7.3413E+00,-1.6113E-01, 6.3599E+00
"B                                                                                                                     "
  13475.870, -58524.120,-6.3110E-01, 3.5156E+00, 1.5466E+00, 4.3933E+00, 2.4170E+00, 7.5757E+00,-2.2217E-01, 6.2964E+00
"C                                                                                                                     "
  13476.590, -58523.400,-6.3354E-01, 3.5144E+00, 1.5442E+00, 4.3921E+00, 2.5293E+00, 7.7307E+00, 4.1260E-01, 6.6760E+00
"D                                                                                                                     "
  13500.800, -58499.190,-6.2866E-01, 3.5156E+00, 1.5747E+00, 4.4128E+00, 2.3975E+00, 7.5903E+00,-2.1973E-01, 6.2964E+00
"B                                                                                                                     "
  13505.450, -58494.540,-6.3354E-01, 3.5156E+00, 1.5601E+00, 4.4092E+00, 2.4695E+00, 7.6929E+00, 4.4434E-01, 6.9580E+00
"F4                                                                                                                    "
  13503.950, -69948.960,-6.3232E-01, 3.5168E+00, 1.8396E+00, 4.6851E+00, 3.4619E+00, 8.6694E+00, 1.0388E+00, 7.5342E+00
"B                                                                                                                     "
  13505.570, -69948.960,-6.3232E-01, 3.5168E+00, 1.8396E+00, 4.6851E+00, 3.4619E+00, 8.6694E+00, 1.0388E+00, 7.5342E+00
"C                                                                                                                     "
  13506.500, -58493.490,-6.3110E-01, 3.5156E+00, 1.5710E+00, 4.4104E+00, 2.4182E+00, 7.6245E+00, 4.4800E-01, 6.9580E+00
"D                                                                                                                     "
  13525.220, -58474.770,-6.2866E-01, 3.5168E+00, 1.5869E+00, 4.4226E+00, 2.4451E+00, 7.6465E+00, 4.0161E-01, 6.9092E+00
"B                                                                                                                     "
  13532.000, -58467.990,-6.3232E-01, 3.5168E+00, 1.5845E+00, 4.4275E+00, 2.1729E+00, 7.4854E+00, 3.1006E-01, 6.8274E+00
"FB                                                                                                                    "
  13532.180, -69948.960,-6.3232E-01, 3.5168E+00, 1.8396E+00, 4.6851E+00, 3.4619E+00, 8.6694E+00, 1.0388E+00, 7.5342E+00
"C                                                                                                                     "
  13532.840, -58467.150,-6.3110E-01, 3.5156E+00, 1.5918E+00, 4.4287E+00, 2.5159E+00, 7.7258E+00,-2.1729E-01, 6.2988E+00
"D                                                                                                                     "
  13580.390, -58419.600,-6.3232E-01, 3.5156E+00, 1.5259E+00, 4.3665E+00, 2.4329E+00, 7.6440E+00,-3.4180E-01, 6.1780E+00
"B                                                                                                                     "
  13548.650, -58414.110,-6.3110E-01, 3.5168E+00, 1.4685E+00, 4.3250E+00, 2.7344E+00, 7.9395E+00,-3.4302E-01, 6.1780E+00
"C                                                                                                                     "
  13550.510, -69948.960,-6.3232E-01, 3.5168E+00, 1.8396E+00, 4.6851E+00, 3.4619E+00, 8.6694E+00, 1.0388E+00, 7.5342E+00
"D                                                                                                                     "
  13500.990, -69948.960,-6.3232E-01, 3.5168E+00, 1.8396E+00, 4.6851E+00, 3.4619E+00, 8.6694E+00, 1.0388E+00, 7.5342E+00
"F2                                                                                                                    "
  13583.540, -69948.960,-6.3232E-01, 3.5168E+00, 1.8396E+00, 4.6851E+00, 3.4619E+00, 8.6694E+00, 1.0388E+00, 7.5342E+00
"B                                                                                                                     "
  13586.750, -58413.240,-6.2866E-01, 3.5168E+00, 1.4868E+00, 4.3323E+00, 2.8394E+00, 8.0444E+00,-3.4302E-01, 6.1780E+00
"C1                                                                                                                    "
  13586.030, -69948.960,-6.3232E-01, 3.5168E+00, 1.8396E+00, 4.6851E+00, 3.4619E+00, 8.6694E+00, 1.0388E+00, 7.5342E+00
"DG                                                                                                                    "
  13606.580, -58393.410,-6.2622E-01, 3.5168E+00, 1.4819E+00, 4.3237E+00, 2.5745E+00, 7.7600E+00,-3.3936E-01, 6.1780E+00
"B                                                                                                                     "
  13612.670, -58387.320,-6.2622E-01, 3.5168E+00, 1.5076E+00, 4.3555E+00, 2.7307E+00, 7.9260E+00,-3.3936E-01, 6.1792E+00
"C                                                                                                                     "
  13613.540, -58386.450,-6.2744E-01, 3.5168E+00, 1.5198E+00, 4.3555E+00, 2.7454E+00, 7.9431E+00,-3.3936E-01, 6.1804E+00
"D                                                                                                                     "
  13641.030, -54929.970,-6.2988E-01, 3.5156E+00, 1.1072E+00, 3.9526E+00, 2.2192E+00, 7.4597E+00,-3.4302E-01, 6.1768E+00
"B                                                                                                                     "
  13648.070, -54925.740,-6.3599E-01, 3.5168E+00, 8.6426E-01, 3.7317E+00, 2.7063E+00, 7.8821E+00,-3.4424E-01, 6.1768E+00
"C                                                                                                                     "
  13648.670, -69948.960,-6.3232E-01, 3.5168E+00, 1.8396E+00, 4.6851E+00, 3.4619E+00, 8.6694E+00, 1.0388E+00, 7.5342E+00
"G                                                                                                                     "
  16957.880, -69948.960,-6.3232E-01, 3.5168E+00, 1.8396E+00, 4.6851E+00, 3.4619E+00, 8.6694E+00, 1.0388E+00, 7.5342E+00
"D                                                                                                                     "
  16992.410, -69948.960,-6.3232E-01, 3.5168E+00, 1.8396E+00, 4.6851E+00, 3.4619E+00, 8.6694E+00, 1.0388E+00, 7.5342E+00
"B                                                                                                                     "
  16994.780, -69948.960,-6.3232E-01, 3.5168E+00, 1.8396E+00, 4.6851E+00, 3.4619E+00, 8.6694E+00, 1.0388E+00, 7.5342E+00
"F4                                                                                                                    "
  16997.120, -69948.960,-6.3232E-01, 3.5168E+00, 1.8396E+00, 4.6851E+00, 3.4619E+00, 8.6694E+00, 1.0388E+00, 7.5342E+00
"B                                                                                                                     "
  17000.090, -69948.960,-6.3232E-01, 3.5168E+00, 1.8396E+00, 4.6851E+00, 3.4619E+00, 8.6694E+00, 1.0388E+00, 7.5342E+00
"D                                                                                                                     "
  17028.500, -69948.960,-6.3232E-01, 3.5168E+00, 1.8396E+00, 4.6851E+00, 3.4619E+00, 8.6694E+00, 1.0388E+00, 7.5342E+00
"F2                                                                                                                    "
  17030.060, -69948.960,-6.3232E-01, 3.5168E+00, 1.8396E+00, 4.6851E+00, 3.4619E+00, 8.6694E+00, 1.0388E+00, 7.5342E+00
"B                                                                                                                     "
  17031.920, -69948.960,-6.3232E-01, 3.5168E+00, 1.8396E+00, 4.6851E+00, 3.4619E+00, 8.6694E+00, 1.0388E+00, 7.5342E+00
"C                                                                                                                     "
  17032.430, -69948.960,-6.3232E-01, 3.5168E+00, 1.8396E+00, 4.6851E+00, 3.4619E+00, 8.6694E+00, 1.0388E+00, 7.5342E+00
"D                                                                                                                     "
  17044.370, -69948.960,-6.3232E-01, 3.5168E+00, 1.8396E+00, 4.6851E+00, 3.4619E+00, 8.6694E+00, 1.0388E+00, 7.5342E+00
"B                                                                                                                     "
  17049.830, -69948.960,-6.3232E-01, 3.5168E+00, 1.8396E+00, 4.6851E+00, 3.4619E+00, 8.6694E+00, 1.0388E+00, 7.5342E+00
"C                                                                                                                     "
  17051.930, -69948.960,-6.3232E-01, 3.5168E+00, 1.8396E+00, 4.6851E+00, 3.4619E+00, 8.6694E+00, 1.0388E+00, 7.5342E+00
"D                                                                                                                     "
  17070.080, -69948.960,-6.3232E-01, 3.5168E+00, 1.8396E+00, 4.6851E+00, 3.4619E+00, 8.6694E+00, 1.0388E+00, 7.5342E+00
"F2                                                                                                                    "
  17072.840, -69948.960,-6.3232E-01, 3.5168E+00, 1.8396E+00, 4.6851E+00, 3.4619E+00, 8.6694E+00, 1.0388E+00, 7.5342E+00
"B                                                                                                                     "
  17074.280, -69948.960,-6.3232E-01, 3.5168E+00, 1.8396E+00, 4.6851E+00, 3.4619E+00, 8.6694E+00, 1.0388E+00, 7.5342E+00
"C                                                                                                                     "
  17074.940, -54925.050,-6.3232E-01, 3.5156E+00, 8.7280E-01, 3.7317E+00, 2.4573E+00, 7.6648E+00,-3.4302E-01, 6.1768E+00
"D                                                                                                                     "
  17098.860, -69948.960,-6.3232E-01, 3.5168E+00, 1.8396E+00, 4.6851E+00, 3.4619E+00, 8.6694E+00, 1.0388E+00, 7.5342E+00
"F2                                                                                                                    "
  17102.910, -69948.960,-6.3232E-01, 3.5168E+00, 1.8396E+00, 4.6851E+00, 3.4619E+00, 8.6694E+00, 1.0388E+00, 7.5342E+00
"B                                                                                                                     "
  17104.950, -69948.960,-6.3232E-01, 3.5168E+00, 1.8396E+00, 4.6851E+00, 3.4619E+00, 8.6694E+00, 1.0388E+00, 7.5342E+00
"C                                                                                                                     "
  17105.880, -69948.960,-6.3232E-01, 3.5168E+00, 1.8396E+00, 4.6851E+00, 3.4619E+00, 8.6694E+00, 1.0388E+00, 7.5342E+00
"D                                                                                                                     "
  17131.230, -54870.600,-6.2866E-01, 3.5168E+00, 1.0706E+00, 3.9209E+00, 2.6660E+00, 7.8906E+00,-3.4302E-01, 6.1768E+00
"C                                                                                                                     "
  19871.160, -52090.500,-6.3599E-01, 3.5132E+00, 7.4951E-01, 3.6145E+00, 1.9006E+00, 7.1094E+00,-3.4546E-01, 6.1755E+00
"G                                                                                                                     "
  19871.160, -69948.960,-6.3232E-01, 3.5168E+00, 1.8396E+00, 4.6851E+00, 3.4619E+00, 8.6694E+00, 1.0388E+00, 7.5342E+00
"C                                                                                                                     "
  19877.850, -69948.960,-6.3232E-01, 3.5168E+00, 1.8396E+00, 4.6851E+00, 3.4619E+00, 8.6694E+00, 1.0388E+00, 7.5342E+00
"DG                                                                                                                    "
  19887.270, -69948.960,-6.3232E-01, 3.5168E+00, 1.8396E+00, 4.6851E+00, 3.4619E+00, 8.6694E+00, 1.0388E+00, 7.5342E+00
"C                                                                                                                     "
  19890.150, -69948.960,-6.3232E-01, 3.5168E+00, 1.8396E+00, 4.6851E+00, 3.4619E+00, 8.6694E+00, 1.0388E+00, 7.5342E+00
"D                                                                                                                     "
  19909.590, -69948.960,-6.3232E-01, 3.5168E+00, 1.8396E+00, 4.6851E+00, 3.4619E+00, 8.6694E+00, 1.0388E+00, 7.5342E+00
"F2                                                                                                                    "
  19912.230, -69948.960,-6.3232E-01, 3.5168E+00, 1.8396E+00, 4.6851E+00, 3.4619E+00, 8.6694E+00, 1.0388E+00, 7.5342E+00
"B                                                                                                                     "
  19914.110, -52085.880,-6.3721E-01, 3.5132E+00, 7.5317E-01, 3.6121E+00, 1.9580E+00, 7.1313E+00,-3.4668E-01, 6.1755E+00
"C                                                                                                                     "
  19915.710, -52085.160,-6.3354E-01, 3.5132E+00, 7.5684E-01, 3.6121E+00, 1.8494E+00, 7.0581E+00,-3.4180E-01, 6.1768E+00
"D                                                                                                                     "
  19950.590, -52049.400,-6.3232E-01, 3.5144E+00, 7.7148E-01, 3.6353E+00, 1.9385E+00, 7.1851E+00,-3.4546E-01, 6.1755E+00
"F2                                                                                                                    "
  19952.970, -69948.960,-6.3232E-01, 3.5168E+00, 1.8396E+00, 4.6851E+00, 3.4619E+00, 8.6694E+00, 1.0388E+00, 7.5342E+00
"B                                                                                                                     "
  19954.940, -52045.050,-6.3477E-01, 3.5144E+00, 6.7383E-01, 3.5437E+00, 2.3022E+00, 7.4316E+00,-3.4424E-01, 6.1755E+00
"D                                                                                                                     "
  20003.240, -51996.750,-6.3354E-01, 3.5144E+00, 7.4219E-01, 3.6133E+00, 2.0703E+00, 7.2852E+00,-3.4668E-01, 6.1743E+00
"B                                                                                                                     "
  20008.490, -51991.500,-6.3232E-01, 3.5144E+00, 7.6050E-01, 3.6194E+00, 2.4976E+00, 7.6453E+00,-3.4790E-01, 6.1743E+00
"C                                                                                                                     "
  20011.800, -51991.050,-6.3232E-01, 3.5144E+00, 7.6172E-01, 3.6218E+00, 2.1863E+00, 7.4512E+00,-3.5034E-01, 6.1743E+00
"D                                                                                                                     "
  20041.100, -51958.890,-6.3232E-01, 3.5132E+00, 6.8481E-01, 3.5376E+00, 1.9629E+00, 7.2632E+00,-3.4790E-01, 6.1743E+00
"F2                                                                                                                    "
  20043.390, -69948.960,-6.3232E-01, 3.5168E+00, 1.8396E+00, 4.6851E+00, 3.4619E+00, 8.6694E+00, 1.0388E+00, 7.5342E+00
"B                                                                                                                     "
  20045.240, -51954.750,-6.3354E-01, 3.5144E+00, 6.9702E-01, 3.5535E+00, 2.4170E+00, 7.4207E+00,-3.4668E-01, 6.1755E+00
"C                                                                                                                     "
  20050.550, -51949.440,-6.3110E-01, 3.5144E+00, 7.1533E-01, 3.5706E+00, 2.4194E+00, 7.6270E+00,-3.4424E-01, 6.1743E+00
"D                                                                                                                     "
  20065.290, -69948.960,-6.3232E-01, 3.5168E+00, 1.8396E+00, 4.6851E+00, 3.4619E+00, 8.6694E+00, 1.0388E+00, 7.5342E+00
"G                                                                                                                     "
  20101.800, -48481.020,-6.3477E-01, 3.5144E+00,-3.1860E-01, 2.5806E+00, 1.7700E+00, 7.0703E+00,-3.4546E-01, 6.1755E+00
"B                                                                                                                     "
  20103.960, -69948.960,-6.3232E-01, 3.5168E+00, 1.8396E+00, 4.6851E+00, 3.4619E+00, 8.6694E+00, 1.0388E+00, 7.5342E+00
"D                                                                                                                     "
  20142.930, -69948.960,-6.3232E-01, 3.5168E+00, 1.8396E+00, 4.6851E+00, 3.4619E+00, 8.6694E+00, 1.0388E+00, 7.5342E+00
"F2                                                                                                                    "
  20144.850, -69948.960,-6.3232E-01, 3.5168E+00, 1.8396E+00, 4.6851E+00, 3.4619E+00, 8.6694E+00, 1.0388E+00, 7.5342E+00
"B                                                                                                                     "
  20147.190, -69948.960,-6.3232E-01, 3.5168E+00, 1.8396E+00, 4.6851E+00, 3.4619E+00, 8.6694E+00, 1.0388E+00, 7.5342E+00
"D                                                                                                                     "
  20172.660, -69948.960,-6.3232E-01, 3.5168E+00, 1.8396E+00, 4.6851E+00, 3.4619E+00, 8.6694E+00, 1.0388E+00, 7.5342E+00
"G                                                                                                                     "
  21514.620, -69948.960,-6.3232E-01, 3.5168E+00, 1.8396E+00, 4.6851E+00, 3.4619E+00, 8.6694E+00, 1.0388E+00, 7.5342E+00
"C                                                                                                                     "
  21520.980, -69948.960,-6.3232E-01, 3.5168E+00, 1.8396E+00, 4.6851E+00, 3.4619E+00, 8.6694E+00, 1.0388E+00, 7.5342E+00
"D                                                                                                                     "
  21536.820, -69948.960,-6.3232E-01, 3.5168E+00, 1.8396E+00, 4.6851E+00, 3.4619E+00, 8.6694E+00, 1.0388E+00, 7.5342E+00
"C                                                                                                                     "
  21540.660, -69948.960,-6.3232E-01, 3.5168E+00, 1.8396E+00, 4.6851E+00, 3.4619E+00, 8.6694E+00, 1.0388E+00, 7.5342E+00
"D                                                                                                                     "
  21557.520, -69948.960,-6.3232E-01, 3.5168E+00, 1.8396E+00, 4.6851E+00, 3.4619E+00, 8.6694E+00, 1.0388E+00, 7.5342E+00
"F4                                                                                                                    "
  21559.770, -69948.960,-6.3232E-01, 3.5168E+00, 1.8396E+00, 4.6851E+00, 3.4619E+00, 8.6694E+00, 1.0388E+00, 7.5342E+00
"G                                                                                                                     "
  21592.440, -69948.960,-6.3232E-01, 3.5168E+00, 1.8396E+00, 4.6851E+00, 3.4619E+00, 8.6694E+00, 1.0388E+00, 7.5342E+00
"C                                                                                                                     "
  21594.990, -69948.960,-6.3232E-01, 3.5168E+00, 1.8396E+00, 4.6851E+00, 3.4619E+00, 8.6694E+00, 1.0388E+00, 7.5342E+00
"D                                                                                                                     "
  21639.300, -69948.960,-6.3232E-01, 3.5168E+00, 1.8396E+00, 4.6851E+00, 3.4619E+00, 8.6694E+00, 1.0388E+00, 7.5342E+00
"C                                                                                                                     "
  21641.220, -69948.960,-6.3232E-01, 3.5168E+00, 1.8396E+00, 4.6851E+00, 3.4619E+00, 8.6694E+00, 1.0388E+00, 7.5342E+00
"G                                                                                                                     "
  23439.420, -69948.960,-6.3232E-01, 3.5168E+00, 1.8396E+00, 4.6851E+00, 3.4619E+00, 8.6694E+00, 1.0388E+00, 7.5342E+00
"C                                                                                                                     "
  23443.770, -69948.960,-6.3232E-01, 3.5168E+00, 1.8396E+00, 4.6851E+00, 3.4619E+00, 8.6694E+00, 1.0388E+00, 7.5342E+00
"D                                                                                                                     "
  23469.360, -69948.960,-6.3232E-01, 3.5168E+00, 1.8396E+00, 4.6851E+00, 3.4619E+00, 8.6694E+00, 1.0388E+00, 7.5342E+00
"F2                                                                                                                    "
  23471.310, -69948.960,-6.3232E-01, 3.5168E+00, 1.8396E+00, 4.6851E+00, 3.4619E+00, 8.6694E+00, 1.0388E+00, 7.5342E+00
"C                                                                                                                     "
  23474.370, -69948.960,-6.3232E-01, 3.5168E+00, 1.8396E+00, 4.6851E+00, 3.4619E+00, 8.6694E+00, 1.0388E+00, 7.5342E+00
"D                                                                                                                     "
  23492.580, -69948.960,-6.3232E-01, 3.5168E+00, 1.8396E+00, 4.6851E+00, 3.4619E+00, 8.6694E+00, 1.0388E+00, 7.5342E+00
"F2                                                                                                                    "
  23494.260, -69948.960,-6.3232E-01, 3.5168E+00, 1.8396E+00, 4.6851E+00, 3.4619E+00, 8.6694E+00, 1.0388E+00, 7.5342E+00
"B                                                                                                                     "
  23497.650, -69948.960,-6.3232E-01, 3.5168E+00, 1.8396E+00, 4.6851E+00, 3.4619E+00, 8.6694E+00, 1.0388E+00, 7.5342E+00
"D                                                                                                                     "
  23587.620, -69948.960,-6.3232E-01, 3.5168E+00, 1.8396E+00, 4.6851E+00, 3.4619E+00, 8.6694E+00, 1.0388E+00, 7.5342E+00
"F2                                                                                                                    "
  23587.620, -69948.960,-6.3232E-01, 3.5168E+00, 1.8396E+00, 4.6851E+00, 3.4619E+00, 8.6694E+00, 1.0388E+00, 7.5342E+00
"G                                                                                                                     "
  25270.820, -46729.170,-6.3354E-01, 3.5132E+00, 7.3242E-01, 3.5974E+00, 1.1682E+00, 6.4001E+00,-3.4668E-01, 6.1731E+00
"B                                                                                                                     "
  25277.150, -46722.840,-6.3721E-01, 3.5132E+00, 7.4951E-01, 3.6108E+00, 1.5564E+00, 6.7822E+00,-3.4790E-01, 6.1731E+00
"C                                                                                                                     "
  25279.550, -46720.440,-6.3232E-01, 3.5132E+00, 7.5562E-01, 3.6121E+00, 1.5601E+00, 6.7407E+00,-3.4546E-01, 6.1731E+00
"D                                                                                                                     "
  25313.270, -46686.720,-6.3354E-01, 3.5132E+00, 7.6660E-01, 3.6206E+00, 1.6333E+00, 6.8506E+00,-3.4790E-01, 6.1731E+00
"F2                                                                                                                    "
  25313.520, -69948.960,-6.3232E-01, 3.5168E+00, 1.8396E+00, 4.6851E+00, 3.4619E+00, 8.6694E+00, 1.0388E+00, 7.5342E+00
"B                                                                                                                     "
  25316.180, -46683.810,-6.3721E-01, 3.5120E+00, 7.7881E-01, 3.6414E+00, 1.5393E+00, 6.7749E+00,-3.4790E-01, 6.1731E+00
"C                                                                                                                     "
  25318.470, -46683.240,-6.3721E-01, 3.5120E+00, 7.8491E-01, 3.6462E+00, 1.5454E+00, 6.7542E+00,-3.4790E-01, 6.1731E+00
"D                                                                                                                     "
  25385.790, -46572.840,-6.3354E-01, 3.5120E+00, 7.6538E-01, 3.6267E+00, 1.9177E+00, 7.1265E+00,-3.5034E-01, 6.1719E+00
"F2                                                                                                                    "
  25387.920, -69948.960,-6.3232E-01, 3.5168E+00, 1.8396E+00, 4.6851E+00, 3.4619E+00, 8.6694E+00, 1.0388E+00, 7.5342E+00
"B                                                                                                                     "
  25389.480, -69948.960,-6.3232E-01, 3.5168E+00, 1.8396E+00, 4.6851E+00, 3.4619E+00, 8.6694E+00, 1.0388E+00, 7.5342E+00
"C                                                                                                                     "
  25390.710, -69948.960,-6.3232E-01, 3.5168E+00, 1.8396E+00, 4.6851E+00, 3.4619E+00, 8.6694E+00, 1.0388E+00, 7.5342E+00
"D                                                                                                                     "
  25431.360, -69948.960,-6.3232E-01, 3.5168E+00, 1.8396E+00, 4.6851E+00, 3.4619E+00, 8.6694E+00, 1.0388E+00, 7.5342E+00
"G                                                                                                                     "
  25916.690, -46083.300,-6.3232E-01, 3.5132E+00, 5.9570E-01, 3.4558E+00, 1.1011E+00, 6.3171E+00,-3.4302E-01, 6.1743E+00
"B                                                                                                                     "
  25918.280, -46081.710,-6.3110E-01, 3.5144E+00, 6.2744E-01, 3.4778E+00, 2.4500E+00, 7.3413E+00,-3.4668E-01, 6.1743E+00
"C                                                                                                                     "
  25920.060, -46080.000,-6.3477E-01, 3.5144E+00, 6.3110E-01, 3.4924E+00, 1.4233E+00, 6.6309E+00,-3.4912E-01, 6.1743E+00
"D                                                                                                                     "
  25962.120, -46038.120,-6.3477E-01, 3.5144E+00, 6.3232E-01, 3.4949E+00, 1.4587E+00, 6.6748E+00,-3.4668E-01, 6.1743E+00
"F2                                                                                                                    "
  25964.160, -69948.960,-6.3232E-01, 3.5168E+00, 1.8396E+00, 4.6851E+00, 3.4619E+00, 8.6694E+00, 1.0388E+00, 7.5342E+00
"B                                                                                                                     "
  25966.610, -46033.380,-6.3354E-01, 3.5144E+00, 6.6162E-01, 3.5229E+00, 1.8176E+00, 6.9482E+00,-3.4912E-01, 6.1743E+00
"C                                                                                                                     "
  25967.000, -46032.990,-6.3477E-01, 3.5144E+00, 6.5918E-01, 3.5181E+00, 2.2339E+00, 7.4878E+00,-3.4668E-01, 6.1743E+00
"D                                                                                                                     "
  25987.620, -46013.190,-6.3110E-01, 3.5144E+00, 6.9824E-01, 3.5559E+00, 1.7102E+00, 6.9263E+00,-3.4546E-01, 6.1743E+00
"F2                                                                                                                    "
  25989.780, -69948.960,-6.3232E-01, 3.5168E+00, 1.8396E+00, 4.6851E+00, 3.4619E+00, 8.6694E+00, 1.0388E+00, 7.5342E+00
"B                                                                                                                     "
  25991.270, -46008.720,-6.3477E-01, 3.5156E+00, 6.5063E-01, 3.5132E+00, 1.9226E+00, 7.0581E+00,-3.4668E-01, 6.1743E+00
"C                                                                                                                     "
  25991.720, -46008.270,-6.3477E-01, 3.5156E+00, 6.5308E-01, 3.5205E+00, 1.7957E+00, 7.0752E+00,-3.4546E-01, 6.1743E+00
"D                                                                                                                     "
  26008.200, -69948.960,-6.3232E-01, 3.5168E+00, 1.8396E+00, 4.6851E+00, 3.4619E+00, 8.6694E+00, 1.0388E+00, 7.5342E+00
"G                                                                                                                     "
  26059.140, -44494.140,-6.3477E-01, 3.5120E+00, 7.6538E-01, 3.6182E+00, 7.4463E-02, 5.2966E+00,-3.4790E-01, 6.1731E+00
"C                                                                                                                     "
  26061.420, -69948.960,-6.3232E-01, 3.5168E+00, 1.8396E+00, 4.6851E+00, 3.4619E+00, 8.6694E+00, 1.0388E+00, 7.5342E+00
"G                                                                                                                     "
  27496.380, -69948.960,-6.3232E-01, 3.5168E+00, 1.8396E+00, 4.6851E+00, 3.4619E+00, 8.6694E+00, 1.0388E+00, 7.5342E+00
"F2                                                                                                                    "
  27497.520, -69948.960,-6.3232E-01, 3.5168E+00, 1.8396E+00, 4.6851E+00, 3.4619E+00, 8.6694E+00, 1.0388E+00, 7.5342E+00
"C                                                                                                                     "
  27505.200, -69948.960,-6.3232E-01, 3.5168E+00, 1.8396E+00, 4.6851E+00, 3.4619E+00, 8.6694E+00, 1.0388E+00, 7.5342E+00
"D                                                                                                                     "
  27530.840, -44469.150,-6.3232E-01, 3.5132E+00, 8.2397E-01, 3.6829E+00, 1.8176E+00, 7.0325E+00,-3.4546E-01, 6.1731E+00
"F2                                                                                                                    "
  27531.750, -44469.150,-6.3232E-01, 3.5132E+00, 8.2397E-01, 3.6829E+00, 1.8176E+00, 7.0325E+00,-3.4546E-01, 6.1731E+00
"FB                                                                                                                    "
  27534.810, -44465.280,-6.3354E-01, 3.5132E+00, 8.2764E-01, 3.6804E+00, 1.8201E+00, 7.0618E+00,-3.4790E-01, 6.1731E+00
"c                                                                                                                     "
  27536.460, -44464.590,-6.3477E-01, 3.5120E+00, 8.2886E-01, 3.6853E+00, 1.8372E+00, 7.1033E+00,-3.5156E-01, 6.1731E+00
"d                                                                                                                     "
  27574.850, -44425.140,-6.3477E-01, 3.5132E+00, 7.2998E-01, 3.5938E+00, 2.0581E+00, 7.2754E+00,-3.5034E-01, 6.1731E+00
"F2                                                                                                                    "
  27578.640, -69948.960,-6.3232E-01, 3.5168E+00, 1.8396E+00, 4.6851E+00, 3.4619E+00, 8.6694E+00, 1.0388E+00, 7.5342E+00
"b                                                                                                                     "
  27578.090, -44421.900,-6.3477E-01, 3.5132E+00, 7.3242E-01, 3.5974E+00, 2.1375E+00, 7.3706E+00,-3.4668E-01, 6.1731E+00
"c                                                                                                                     "
  27579.710, -44420.280,-6.3477E-01, 3.5120E+00, 7.4951E-01, 3.6035E+00, 1.9482E+00, 7.1338E+00,-3.4668E-01, 6.1731E+00
"d                                                                                                                     "
  27621.150, -44314.320,-6.3110E-01, 3.5132E+00, 7.4707E-01, 3.6035E+00, 2.3242E+00, 7.5513E+00,-3.4790E-01, 6.1743E+00
"B                                                                                                                     "
  27624.810, -69948.960,-6.3232E-01, 3.5168E+00, 1.8396E+00, 4.6851E+00, 3.4619E+00, 8.6694E+00, 1.0388E+00, 7.5342E+00
"C                                                                                                                     "
  27628.500, -69948.960,-6.3232E-01, 3.5168E+00, 1.8396E+00, 4.6851E+00, 3.4619E+00, 8.6694E+00, 1.0388E+00, 7.5342E+00
"F2                                                                                                                    "
  27641.250, -69948.960,-6.3232E-01, 3.5168E+00, 1.8396E+00, 4.6851E+00, 3.4619E+00, 8.6694E+00, 1.0388E+00, 7.5342E+00
"G                                                                                                                     "
  27665.880, -69948.960,-6.3232E-01, 3.5168E+00, 1.8396E+00, 4.6851E+00, 3.4619E+00, 8.6694E+00, 1.0388E+00, 7.5342E+00
"C                                                                                                                     "
  27668.520, -69948.960,-6.3232E-01, 3.5168E+00, 1.8396E+00, 4.6851E+00, 3.4619E+00, 8.6694E+00, 1.0388E+00, 7.5342E+00
"D                                                                                                                     "
  27686.370, -69948.960,-6.3232E-01, 3.5168E+00, 1.8396E+00, 4.6851E+00, 3.4619E+00, 8.6694E+00, 1.0388E+00, 7.5342E+00
"F2                                                                                                                    "
  27688.260, -69948.960,-6.3232E-01, 3.5168E+00, 1.8396E+00, 4.6851E+00, 3.4619E+00, 8.6694E+00, 1.0388E+00, 7.5342E+00
"B                                                                                                                     "
  27689.730, -69948.960,-6.3232E-01, 3.5168E+00, 1.8396E+00, 4.6851E+00, 3.4619E+00, 8.6694E+00, 1.0388E+00, 7.5342E+00
"C                                                                                                                     "
  27692.190, -69948.960,-6.3232E-01, 3.5168E+00, 1.8396E+00, 4.6851E+00, 3.4619E+00, 8.6694E+00, 1.0388E+00, 7.5342E+00                                                                                                                    
"G                                                                                                                     "
  29992.780, -69948.960, 3.5132E+00, 8.8501E-01, 3.7439E+00, 1.8896E+00, 7.1741E+00, 1.4648E-01, 6.6589E+00, 7.5342E+00
"CG                                                                                                                    "
  29924.910, -69948.960,-6.3232E-01, 3.5168E+00, 1.8396E+00, 4.6851E+00, 3.4619E+00, 8.6694E+00, 1.0388E+00, 7.5342E+00
"D                                                                                                                     "
  29959.500, -69948.960,-6.3232E-01, 3.5168E+00, 1.8396E+00, 4.6851E+00, 3.4619E+00, 8.6694E+00, 1.0388E+00, 7.5342E+00
"F2                                                                                                                    "
  29961.180, -69948.960,-6.3232E-01, 3.5168E+00, 1.8396E+00, 4.6851E+00, 3.4619E+00, 8.6694E+00, 1.0388E+00, 7.5342E+00
"B                                                                                                                     "
  29963.370, -69948.960,-6.3232E-01, 3.5168E+00, 1.8396E+00, 4.6851E+00, 3.4619E+00, 8.6694E+00, 1.0388E+00, 7.5342E+00
"C                                                                                                                     "
  29964.600, -69948.960,-6.3232E-01, 3.5168E+00, 1.8396E+00, 4.6851E+00, 3.4619E+00, 8.6694E+00, 1.0388E+00, 7.5342E+00
"D                                                                                                                     "
  29982.900, -69948.960,-6.3232E-01, 3.5168E+00, 1.8396E+00, 4.6851E+00, 3.4619E+00, 8.6694E+00, 1.0388E+00, 7.5342E+00
"F2                                                                                                                    "
  29985.780, -69948.960,-6.3232E-01, 3.5168E+00, 1.8396E+00, 4.6851E+00, 3.4619E+00, 8.6694E+00, 1.0388E+00, 7.5342E+00
"B                                                                                                                     "
  29987.640, -69948.960,-6.3232E-01, 3.5168E+00, 1.8396E+00, 4.6851E+00, 3.4619E+00, 8.6694E+00, 1.0388E+00, 7.5342E+00
"C                                                                                                                     "
  29988.780, -69948.960,-6.3232E-01, 3.5168E+00, 1.8396E+00, 4.6851E+00, 3.4619E+00, 8.6694E+00, 1.0388E+00, 7.5342E+00
"G                                                                                                                     "
  30896.160, -69948.960,-6.3232E-01, 3.5168E+00, 1.8396E+00, 4.6851E+00, 3.4619E+00, 8.6694E+00, 1.0388E+00, 7.5342E+00
"D                                                                                                                     "
  30935.580, -69948.960,-6.3232E-01, 3.5168E+00, 1.8396E+00, 4.6851E+00, 3.4619E+00, 8.6694E+00, 1.0388E+00, 7.5342E+00
"b                                                                                                                     "
  30936.770, -41063.220,-6.3477E-01, 3.5132E+00, 9.4116E-01, 3.7964E+00, 2.0496E+00, 7.2571E+00, 1.4648E-01, 6.6602E+00
"c                                                                                                                     "
  30937.460, -41062.530,-6.3599E-01, 3.5132E+00, 9.2651E-01, 3.7878E+00, 2.0923E+00, 7.3181E+00, 1.4648E-01, 6.6699E+00
"DG                                                                                                                    "
  30957.480, -69948.960,-6.3232E-01, 3.5168E+00, 1.8396E+00, 4.6851E+00, 3.4619E+00, 8.6694E+00, 1.0388E+00, 7.5342E+00
"F2                                                                                                                    "
  30959.220, -69948.960,-6.3232E-01, 3.5168E+00, 1.8396E+00, 4.6851E+00, 3.4619E+00, 8.6694E+00, 1.0388E+00, 7.5342E+00
"B                                                                                                                     "
  30960.990, -69948.960,-6.3232E-01, 3.5168E+00, 1.8396E+00, 4.6851E+00, 3.4619E+00, 8.6694E+00, 1.0388E+00, 7.5342E+00
"C                                                                                                                     "
  30962.250, -69948.960,-6.3232E-01, 3.5168E+00, 1.8396E+00, 4.6851E+00, 3.4619E+00, 8.6694E+00, 1.0388E+00, 7.5342E+00
"G                                                                                                                     "
  32627.700, -69948.960,-6.3232E-01, 3.5168E+00, 1.8396E+00, 4.6851E+00, 3.4619E+00, 8.6694E+00, 1.0388E+00, 7.5342E+00
"C                                                                                                                     "
  32629.740, -69948.960,-6.3232E-01, 3.5168E+00, 1.8396E+00, 4.6851E+00, 3.4619E+00, 8.6694E+00, 1.0388E+00, 7.5342E+00
"D                                                                                                                     "
  32673.840, -69948.960,-6.3232E-01, 3.5168E+00, 1.8396E+00, 4.6851E+00, 3.4619E+00, 8.6694E+00, 1.0388E+00, 7.5342E+00
"F2                                                                                                                    "
  32676.300, -69948.960,-6.3232E-01, 3.5168E+00, 1.8396E+00, 4.6851E+00, 3.4619E+00, 8.6694E+00, 1.0388E+00, 7.5342E+00
"B                                                                                                                     "
  32677.860, -69948.960,-6.3232E-01, 3.5168E+00, 1.8396E+00, 4.6851E+00, 3.4619E+00, 8.6694E+00, 1.0388E+00, 7.5342E+00
"C                                                                                                                     "
  32678.970, -69948.960,-6.3232E-01, 3.5168E+00, 1.8396E+00, 4.6851E+00, 3.4619E+00, 8.6694E+00, 1.0388E+00, 7.5342E+00
"G                                                                                                                     "
  33330.510, -69948.960,-6.3232E-01, 3.5168E+00, 1.8396E+00, 4.6851E+00, 3.4619E+00, 8.6694E+00, 1.0388E+00, 7.5342E+00
"C                                                                                                                     "
  33331.710, -69948.960,-6.3232E-01, 3.5168E+00, 1.8396E+00, 4.6851E+00, 3.4619E+00, 8.6694E+00, 1.0388E+00, 7.5342E+00
"D                                                                                                                     "
  33367.050, -69948.960,-6.3232E-01, 3.5168E+00, 1.8396E+00, 4.6851E+00, 3.4619E+00, 8.6694E+00, 1.0388E+00, 7.5342E+00
"C                                                                                                                     "
  33443.460, -69948.960,-6.3232E-01, 3.5168E+00, 1.8396E+00, 4.6851E+00, 3.4619E+00, 8.6694E+00, 1.0388E+00, 7.5342E+00
"CG                                                                                                                    "
  33463.200, -69948.960,-6.3232E-01, 3.5168E+00, 1.8396E+00, 4.6851E+00, 3.4619E+00, 8.6694E+00, 1.0388E+00, 7.5342E+00
"D                                                                                                                     "
  33473.760, -69948.960,-6.3232E-01, 3.5168E+00, 1.8396E+00, 4.6851E+00, 3.4619E+00, 8.6694E+00, 1.0388E+00, 7.5342E+00
"FB                                                                                                                    "
  33478.680, -69948.960,-6.3232E-01, 3.5168E+00, 1.8396E+00, 4.6851E+00, 3.4619E+00, 8.6694E+00, 1.0388E+00, 7.5342E+00
"C                                                                                                                     "
  33479.460, -69948.960,-6.3232E-01, 3.5168E+00, 1.8396E+00, 4.6851E+00, 3.4619E+00, 8.6694E+00, 1.0388E+00, 7.5342E+00
"g                                                                                                                     "
  35421.090, -35999.280,-6.2866E-01, 3.5181E+00, 1.3062E-01, 3.0066E+00, 4.6143E-01, 5.6824E+00,-7.0801E-02, 6.5027E+00
"CG                                                                                                                    "
  35447.880, -69948.960,-6.3232E-01, 3.5168E+00, 1.8396E+00, 4.6851E+00, 3.4619E+00, 8.6694E+00, 1.0388E+00, 7.5342E+00
"FB                                                                                                                    "
  35451.720, -69948.960,-6.3232E-01, 3.5168E+00, 1.8396E+00, 4.6851E+00, 3.4619E+00, 8.6694E+00, 1.0388E+00, 7.5342E+00
"C                                                                                                                     "
  33454.240, -69948.960,-6.3232E-01, 3.5168E+00, 1.8396E+00, 4.6851E+00, 3.4619E+00, 8.6694E+00, 1.0388E+00, 7.5342E+00
"DG                                                                                                                    "
  35473.950, -69948.960,-6.3232E-01, 3.5168E+00, 1.8396E+00, 4.6851E+00, 3.4619E+00, 8.6694E+00, 1.0388E+00, 7.5342E+00
"F2                                                                                                                    "
  35475.360, -69948.960,-6.3232E-01, 3.5168E+00, 1.8396E+00, 4.6851E+00, 3.4619E+00, 8.6694E+00, 1.0388E+00, 7.5342E+00
"B                                                                                                                     "
  35482.380, -69948.960,-6.3232E-01, 3.5168E+00, 1.8396E+00, 4.6851E+00, 3.4619E+00, 8.6694E+00, 1.0388E+00, 7.5342E+00
"G                                                                                                                     "
  35484.380, -69948.960,-6.3232E-01, 3.5168E+00, 1.8396E+00, 4.6851E+00, 3.4619E+00, 8.6694E+00, 1.0388E+00, 7.5342E+00
"CG                                                                                                                    "
  35486.700, -69948.960,-6.3232E-01, 3.5168E+00, 1.8396E+00, 4.6851E+00, 3.4619E+00, 8.6694E+00, 1.0388E+00, 7.5342E+00
"G                                                                                                                     "
  36000.000, -69948.960,-6.3232E-01, 3.5168E+00, 1.8396E+00, 4.6851E+00, 3.4619E+00, 8.6694E+00, 1.0388E+00, 7.5342E+00








