"z                                                                                                                     "
       .000, -71999.990,-3.9063E-02, 4.0613E+00, 6.3477E-02, 2.9297E+00, 3.5400E-02, 5.2319E+00, 6.3477E-02, 6.5454E+00
"np                                                                                                                    "
    433.280, -71566.710,-5.2979E-01, 3.5962E+00,-2.6978E-01, 2.5977E+00,-1.8188E-01, 5.0305E+00,-1.9409E-01, 6.3110E+00
"a                                                                                                                     "
    434.560, -71565.430,-4.6753E-01, 3.6682E+00,-3.2104E-01, 2.5647E+00,-1.8799E-01, 5.0232E+00, 5.3711E-02, 6.5479E+00
"b1                                                                                                                    "
    455.040, -71544.950,-5.5298E-01, 3.5742E+00,-3.1494E-01, 2.5720E+00,-1.8799E-01, 5.0269E+00,-1.6724E-01, 6.3342E+00
"b2                                                                                                                    "
    461.440, -71538.550,-4.2969E-01, 3.6816E+00,-2.8809E-01, 2.5867E+00,-1.9043E-01, 5.0208E+00,-1.6724E-01, 6.3318E+00
"np                                                                                                                    "
    483.200, -71516.790, 3.5278E+00, 7.6038E+00,-3.0151E-01, 2.5928E+00,-1.8188E-01, 5.0281E+00,-2.5757E-01, 6.2390E+00
"a                                                                                                                     "
    486.400, -71513.590, 3.3325E+00, 7.4109E+00,-2.9053E-01, 2.5916E+00,-1.9165E-01, 5.0208E+00,-1.9165E-01, 6.3232E+00
"b1                                                                                                                    "
    490.880, -71509.110, 3.3118E+00, 7.3694E+00,-3.1982E-01, 2.5671E+00,-1.8799E-01, 5.0256E+00,-4.1504E-02, 6.4673E+00
"a                                                                                                                     "
    492.160, -71507.830, 3.3020E+00, 7.3694E+00,-3.1982E-01, 2.5671E+00,-1.9287E-01, 5.0208E+00,-1.6724E-01, 6.3379E+00
"b1                                                                                                                    "
    556.160, -71443.830, 3.6609E+00, 7.7319E+00,-2.8198E-01, 2.5964E+00,-1.9165E-01, 5.0232E+00,-1.2329E-01, 6.3721E+00
"c1                                                                                                                    "
    558.720, -71441.270, 3.6194E+00, 7.6794E+00, 7.3486E-01, 3.6267E+00,-1.7212E-01, 5.0366E+00,-1.2329E-01, 6.3770E+00
"c2                                                                                                                    "
    620.800, -71379.190, 4.4543E+00, 8.4949E+00,-2.0752E-01, 2.6880E+00,-1.8677E-01, 5.0317E+00,-1.8921E-01, 6.3110E+00
"np                                                                                                                    "
    725.120, -71274.870, 4.5630E+00, 8.6182E+00,-2.5269E-01, 2.6270E+00,-1.8921E-01, 5.0220E+00,-2.5635E-01, 6.2439E+00
"a                                                                                                                     "
    726.400, -71273.590, 4.5728E+00, 8.6218E+00,-2.3193E-01, 2.6526E+00,-1.9165E-01, 5.0220E+00,-1.9653E-01, 6.2915E+00
"b1                                                                                                                    "
    887.040, -71112.950, 4.4897E+00, 8.5461E+00,-1.5381E-01, 2.7380E+00,-1.9287E-01, 5.0208E+00,-2.9419E-01, 6.2073E+00
"np                                                                                                                    "
   1933.760, -70066.230, 4.2957E+00, 8.3594E+00,-3.3569E-01, 2.5745E+00,-2.0508E-01, 5.0134E+00,-3.4180E-01, 6.1670E+00
"a                                                                                                                     "
   1935.040, -70064.950, 4.2981E+00, 8.3569E+00,-2.8442E-01, 2.5940E+00,-2.0752E-01, 5.0122E+00,-3.2837E-01, 6.1719E+00
"b1                                                                                                                    "
   2110.720, -69889.270,-5.9937E-01, 3.5278E+00,-3.3936E-01, 2.5525E+00,-2.0508E-01, 5.0122E+00,-2.6245E-01, 6.2366E+00
"c1                                                                                                                    "
   2117.760, -69882.230,-6.1035E-01, 3.5278E+00,-3.3325E-01, 2.5586E+00,-2.0508E-01, 5.0134E+00,-2.8564E-01, 6.2195E+00
"np                                                                                                                    "
  36027.520, -35972.470,-6.4941E-01, 3.4863E+00, 4.3701E-01, 3.3069E+00,-2.6245E-01, 4.9805E+00,-3.6987E-01, 6.1389E+00
