"NP                                                                                                                    "
   1235.760, -70764.230,-6.0669E-01, 3.5413E+00,-1.6357E-01, 2.6062E+00,-5.0659E-01, 4.7253E+00,-3.0762E-01, 6.2097E+00
"P                                                                                                                     "
   1253.400, -70746.590,-6.0181E-01, 3.5425E+00, 6.9336E-01, 3.6658E+00,-5.0415E-01, 4.7278E+00,-3.0396E-01, 6.2097E+00
"Z                                                                                                                     "
   9920.520, -62079.470,-6.0059E-01, 3.5425E+00, 5.2124E-01, 3.3594E+00,-5.0171E-01, 4.7302E+00,-3.0884E-01, 6.2085E+00
"P                                                                                                                     "
  10008.300, -61991.690,-5.9937E-01, 3.5413E+00,-3.4058E-01, 2.5391E+00,-5.0049E-01, 4.7290E+00,-1.1938E+00, 5.3687E+00
"Z                                                                                                                     "
  10024.380, -61975.610,-5.9692E-01, 3.5413E+00,-5.0049E-02, 2.8442E+00,-5.0171E-01, 4.7302E+00,-9.9976E-01, 5.5249E+00
"P                                                                                                                     "
  10061.760, -61938.230,-5.9937E-01, 3.5425E+00,-5.2490E-02, 2.8076E+00,-4.9683E-01, 4.7302E+00,-5.8716E-01, 5.9290E+00
"B2                                                                                                                    "
  10064.910, -61935.080,-6.0669E-01, 3.5413E+00,-1.0986E-01, 2.7661E+00,-5.0171E-01, 4.7290E+00,-1.2341E+00, 5.3052E+00
"P                                                                                                                    "
  10105.380, -61894.610,-6.0181E-01, 3.5425E+00,-1.6724E-01, 2.7100E+00,-5.0293E-01, 4.7302E+00,-1.0486E+00, 5.4846E+00
"B2                                                                                                                    "
  10110.840, -61889.150,-5.9692E-01, 3.5425E+00,-1.2939E-01, 2.7283E+00,-4.9683E-01, 4.7302E+00,-5.8228E-01, 5.9326E+00
"P                                                                                                                     "
  10163.430, -61836.560,-6.0059E-01, 3.5437E+00,-3.6255E-01, 2.5146E+00,-4.7974E-01, 4.7620E+00,-8.5693E-01, 5.6250E+00
"B2                                                                                                                    "
  10166.880, -61833.110,-6.0059E-01, 3.5425E+00,-3.6987E-01, 2.5098E+00,-4.9927E-01, 4.7327E+00,-1.1646E+00, 5.3711E+00
"P                                                                                                                     "
  10174.530, -61825.460,-5.9326E-01, 3.5437E+00,-2.4414E-02, 2.8320E+00,-5.0049E-01, 4.7327E+00,-1.1975E+00, 5.3308E+00
"C                                                                                                                     "
  10179.720, -61820.270,-5.9570E-01, 3.5437E+00,-6.1035E-03, 2.8516E+00,-5.0049E-01, 4.7314E+00,-1.1829E+00, 5.3491E+00
"D                                                                                                                     "
  10201.770, -61798.220,-5.9326E-01, 3.5437E+00,-4.5166E-02, 2.8113E+00,-4.9561E-01, 4.7327E+00,-9.9609E-01, 5.5212E+00
"F1                                                                                                                    "
  10202.490, -61797.500,-6.0425E-01, 3.5437E+00, 2.6855E-02, 2.9321E+00,-4.9683E-01, 4.7339E+00,-1.0327E+00, 5.5042E+00
"F2                                                                                                                    "
  10203.780, -61796.210,-5.9326E-01, 3.5437E+00, 1.5869E-02, 2.8577E+00,-4.9561E-01, 4.7339E+00,-1.0608E+00, 5.4688E+00
"B                                                                                                                     "
  10205.310, -61794.680,-6.0425E-01, 3.5437E+00, 7.8003E-01, 3.4436E+00,-5.0049E-01, 4.7327E+00,-1.0376E+00, 5.4980E+00
"C                                                                                                                     "
  10207.140, -61792.850,-5.9570E-01, 3.5437E+00,-3.2959E-02, 2.8247E+00,-4.9561E-01, 4.7327E+00,-1.0327E+00, 5.4871E+00
"B                                                                                                                     "
  10207.410, -61792.580,-5.9937E-01, 3.5437E+00,-8.6670E-02, 2.7625E+00,-4.9683E-01, 4.7327E+00,-1.0388E+00, 5.4883E+00
"F2                                                                                                                    "
  10207.650, -61792.340,-5.9326E-01, 3.5437E+00,-1.4038E-01, 2.7209E+00,-4.9805E-01, 4.7327E+00,-9.5581E-01, 5.5481E+00
"B                                                                                                                     "
  10212.540, -61787.450,-5.9570E-01, 3.5449E+00, 4.2725E-02, 2.9309E+00,-5.0049E-01, 4.7339E+00,-1.0095E+00, 5.5225E+00
"C                                                                                                                     "
  10214.190, -61785.800,-6.0425E-01, 3.5437E+00, 1.2207E-02, 2.8577E+00,-4.9927E-01, 4.7327E+00,-7.4341E-01, 5.7910E+00
"B                                                                                                                     "
  10225.440, -61774.550,-6.0181E-01, 3.5449E+00, 8.7891E-02, 2.9492E+00,-4.9927E-01, 4.7339E+00,-1.0693E+00, 5.4590E+00
"C                                                                                                                     "
  10227.870, -61772.120,-6.0059E-01, 3.5437E+00, 3.7476E-01, 3.2275E+00,-4.9561E-01, 4.7339E+00,-1.1206E+00, 5.4102E+00
"D                                                                                                                     "
  10319.310, -61680.680,-5.9692E-01, 3.5437E+00, 4.4678E-01, 3.2886E+00,-4.7729E-01, 4.7522E+00,-6.8237E-01, 5.8386E+00
"F2                                                                                                                    "
  10321.020, -61678.970,-6.0059E-01, 3.5437E+00, 2.2217E-01, 3.0859E+00,-4.8706E-01, 4.7388E+00,-7.2876E-01, 5.7947E+00
"B                                                                                                                     "
  10325.730, -61674.260,-5.9570E-01, 3.5437E+00, 6.1157E-01, 3.4912E+00,-4.9561E-01, 4.7339E+00,-6.3477E-01, 5.8850E+00
"D                                                                                                                     "
  10391.790, -61608.200,-5.9448E-01, 3.5449E+00, 5.4077E-01, 3.4070E+00,-4.9194E-01, 4.7375E+00,-6.2744E-01, 5.8911E+00
"F2                                                                                                                    "
  10393.560, -61606.430,-6.0181E-01, 3.5437E+00, 4.0894E-01, 3.2568E+00,-4.7607E-01, 4.7437E+00,-6.4697E-01, 5.8752E+00
"B                                                                                                                     "
  10398.570, -61601.420,-6.0303E-01, 3.5437E+00, 2.8564E-01, 3.1714E+00,-4.9072E-01, 4.7388E+00,-5.8594E-01, 5.9399E+00
"F2                                                                                                                    "
  10401.390, -61598.600,-6.0425E-01, 3.5437E+00, 2.6123E-01, 3.0908E+00,-4.9683E-01, 4.7339E+00,-6.2256E-01, 5.8984E+00
"B                                                                                                                     "
  10405.410, -61594.580,-5.9814E-01, 3.5437E+00, 4.0039E-01, 3.2520E+00,-4.9072E-01, 4.7375E+00,-6.0791E-01, 5.9070E+00
"F2                                                                                                                    "
  10405.950, -61594.040,-5.9937E-01, 3.5437E+00, 3.5889E-01, 3.2031E+00,-4.9561E-01, 4.7363E+00,-6.1157E-01, 5.9119E+00
"B                                                                                                                     "
  10419.060, -61580.930,-5.9448E-01, 3.5449E+00, 5.1758E-01, 3.3997E+00,-4.9927E-01, 4.7327E+00,-5.9204E-01, 5.9253E+00
"F2                                                                                                                    "
  10420.260, -61579.730,-5.9937E-01, 3.5425E+00, 4.0161E-01, 3.2227E+00,-4.9805E-01, 4.7327E+00,-5.9692E-01, 5.9229E+00
"B                                                                                                                     "
  10423.830, -61576.160,-6.0059E-01, 3.5425E+00, 6.5674E-01, 3.4827E+00,-4.9561E-01, 4.7375E+00,-6.3721E-01, 5.8850E+00
"C                                                                                                                     "
  10426.380, -61573.610,-5.9692E-01, 3.5437E+00, 4.9805E-01, 3.3362E+00,-4.9561E-01, 4.7327E+00,-5.7983E-01, 5.9375E+00
"D                                                                                                                     "
  10569.060, -61430.930,-5.9692E-01, 3.5413E+00, 6.9580E-01, 3.5413E+00,-5.0903E-01, 4.7070E+00,-6.8115E-01, 5.8508E+00
"F2                                                                                                                    "
  10571.340, -61428.650,-6.0303E-01, 3.5425E+00, 3.9673E-01, 3.2666E+00,-5.6763E-01, 4.6814E+00,-8.3130E-01, 5.6787E+00
"B                                                                                                                     "
  10573.050, -61426.940,-5.9570E-01, 3.5425E+00, 5.0903E-01, 3.3569E+00,-5.4565E-01, 4.6680E+00,-8.5815E-01, 5.6567E+00
"P                                                                                                                     "
  10580.880, -61419.110,-6.0303E-01, 3.5425E+00, 4.5166E-01, 3.2617E+00,-5.1514E-01, 4.7266E+00,-8.2886E-01, 5.6982E+00
"Z                                                                                                                     "
  14208.000, -57791.990,-5.9814E-01, 3.5461E+00, 2.8931E-01, 3.1787E+00,-4.9561E-01, 4.7375E+00,-1.4160E-01, 6.3745E+00
"P                                                                                                                     "
  14261.820, -57738.170,-6.0059E-01, 3.5449E+00,-3.6621E-02, 2.8442E+00,-4.9316E-01, 4.7351E+00,-1.4038E-01, 6.3770E+00
"C                                                                                                                     "
  14265.210, -57734.780,-5.9692E-01, 3.5449E+00, 2.2339E-01, 3.0859E+00,-4.9438E-01, 4.7363E+00,-1.3428E-01, 6.3794E+00
"D                                                                                                                     "
  14283.150, -57716.840,-5.9570E-01, 3.5437E+00, 1.8921E-01, 3.0334E+00,-4.9561E-01, 4.7351E+00,-1.3428E-01, 6.3770E+00
"F2                                                                                                                    "
  14285.250, -57714.740,-5.9448E-01, 3.5449E+00, 2.9175E-01, 3.0676E+00,-4.9438E-01, 4.7351E+00,-1.3794E-01, 6.3782E+00
"B                                                                                                                     "
  14287.830, -57712.160,-5.9204E-01, 3.5449E+00, 3.1250E-01, 3.1665E+00,-4.9561E-01, 4.7351E+00,-1.3550E-01, 6.3770E+00
"D                                                                                                                     "
  14331.300, -57668.690,-5.9326E-01, 3.5449E+00, 4.5776E-01, 3.3289E+00,-4.9194E-01, 4.7351E+00,-1.2573E-01, 6.3831E+00
"F2                                                                                                                    "
  14333.640, -57666.350,-5.9448E-01, 3.5437E+00, 3.7476E-01, 3.2092E+00,-4.9683E-01, 4.7339E+00,-1.3062E-01, 6.3806E+00
"B                                                                                                                     "
  14336.430, -57663.560,-5.9814E-01, 3.5449E+00, 6.3354E-01, 3.4497E+00,-4.9805E-01, 4.7351E+00,-1.3672E-01, 6.3806E+00
"D                                                                                                                     "
  14409.840, -57590.150,-5.9814E-01, 3.5461E+00, 6.5552E-01, 3.5095E+00,-4.9683E-01, 4.7327E+00,-1.3794E-01, 6.3818E+00
"F2                                                                                                                    "
  14413.260, -57586.730,-6.0059E-01, 3.5437E+00, 6.8970E-01, 3.5156E+00,-4.9561E-01, 4.7339E+00,-1.2939E-01, 6.3818E+00
"B                                                                                                                     "
  14424.660, -57575.330,-5.9937E-01, 3.5449E+00, 5.9204E-01, 3.4497E+00,-4.9561E-01, 4.7339E+00,-1.3428E-01, 6.3843E+00
"D                                                                                                                     "
  14448.330, -57551.660,-5.9448E-01, 3.5449E+00, 7.0557E-01, 3.5437E+00,-4.9805E-01, 4.7351E+00,-1.3672E-01, 6.3782E+00
"B                                                                                                                     "
  14450.460, -57549.530,-5.9326E-01, 3.5449E+00, 1.1230E+00, 3.9417E+00,-4.9316E-01, 4.7351E+00,-1.3306E-01, 6.3782E+00
"D                                                                                                                     "
  14679.420, -57320.570,-5.9082E-01, 3.5474E+00, 8.9355E-01, 3.7292E+00,-4.9194E-01, 4.7375E+00,-1.2451E-01, 6.3867E+00
"F2                                                                                                                    "
  14681.340, -57318.650,-5.9570E-01, 3.5474E+00, 9.5947E-01, 3.8037E+00,-4.9438E-01, 4.7375E+00,-1.2939E-01, 6.3867E+00
"G                                                                                                                     "
  15784.170, -56215.820,-5.9204E-01, 3.5461E+00, 7.7637E-01, 3.6450E+00,-4.9438E-01, 4.7363E+00,-1.6479E-01, 6.3452E+00
"C                                                                                                                     "
  15790.080, -56209.910,-5.9692E-01, 3.5461E+00, 8.3862E-01, 3.6768E+00,-4.9316E-01, 4.7363E+00,-1.7334E-01, 6.3428E+00
"G                                                                                                                     "
  15855.240, -56144.750,-5.9326E-01, 3.5474E+00, 8.5327E-01, 3.6829E+00,-4.9072E-01, 4.7388E+00,-1.7822E-01, 6.3306E+00
"F2                                                                                                                    "
  15856.980, -56143.010,-5.9937E-01, 3.5474E+00, 7.2144E-01, 3.5803E+00,-4.9316E-01, 4.7388E+00,-1.9043E-01, 6.3281E+00
"B                                                                                                                     "
  15859.860, -56140.130,-5.9082E-01, 3.5461E+00, 9.8267E-01, 3.8037E+00,-4.9194E-01, 4.7388E+00,-1.8066E-01, 6.3306E+00
"DG                                                                                                                    "
  15946.170, -56053.820,-5.8960E-01, 3.5486E+00, 1.1035E+00, 3.9392E+00,-4.9072E-01, 4.7400E+00,-2.1851E-01, 6.2952E+00
"G                                                                                                                     "
  17160.480, -54839.510,-5.9692E-01, 3.5474E+00, 6.9336E-01, 3.5486E+00,-4.9194E-01, 4.7388E+00,-2.2827E-01, 6.2903E+00
"C                                                                                                                     "
  17162.070, -54837.920,-5.9692E-01, 3.5474E+00, 6.3843E-01, 3.4802E+00,-4.9438E-01, 4.7388E+00,-1.2817E-01, 6.3904E+00
"D                                                                                                                     "
  17172.120, -54827.870,-5.8960E-01, 3.5474E+00, 1.7822E-01, 3.0530E+00,-4.9072E-01, 4.7388E+00,-1.6357E-01, 6.3501E+00
"C                                                                                                                     "
  17173.980, -54826.010,-5.9448E-01, 3.5474E+00, 7.3242E-01, 3.5718E+00,-4.9194E-01, 4.7388E+00,-1.6968E-01, 6.3452E+00
"G                                                                                                                     "
  17448.900, -54551.090,-5.9448E-01, 3.5449E+00, 9.2163E-01, 3.7524E+00,-4.9927E-01, 4.7339E+00,-2.0630E-01, 6.3110E+00
"F2                                                                                                                    "
  17450.910, -54549.080,-5.9082E-01, 3.5461E+00, 8.0200E-01, 3.6536E+00,-4.9194E-01, 4.7351E+00,-1.9653E-01, 6.3147E+00
"G                                                                                                                     "
  17573.220, -54426.770,-5.9570E-01, 3.5449E+00, 9.9731E-01, 3.9221E+00,-4.9072E-01, 4.7351E+00,-2.8076E-01, 6.2317E+00
"F2                                                                                                                    "
  17574.330, -54425.660,-5.9814E-01, 3.5449E+00, 4.8584E-01, 3.3276E+00,-4.9438E-01, 4.7339E+00,-2.7832E-01, 6.2366E+00
"G                                                                                                                     "
  18034.890, -53965.100,-5.9692E-01, 3.5437E+00,-3.2471E-01, 2.5745E+00,-4.9438E-01, 4.7339E+00,-3.3325E-01, 6.1816E+00
"Z                                                                                                                     "
  35779.440, -36220.550,-6.0303E-01, 3.5388E+00,-3.6011E-01, 2.5146E+00, 1.2646E+00, 6.5002E+00,-2.9663E-01, 6.2244E+00
"P                                                                                                                     "
  35864.340, -36135.650,-6.0425E-01, 3.5376E+00,-3.5034E-01, 2.5232E+00, 1.4172E+00, 6.6455E+00,-2.9175E-01, 6.2268E+00
"Z                                                                                                                     "
  36000.030, -35999.960,-6.0425E-01, 3.5388E+00,-3.5645E-01, 2.5171E+00, 1.2476E+00, 6.4722E+00,-2.9175E-01, 6.2256E+00
