"NP                                                                                                                    "
   3283.620, -68716.370,-5.8594E-02, 4.4299E+00,-3.3325E-01, 2.5513E+00,-9.8877E-02, 5.3528E+00,-3.1250E-01, 6.2085E+00
"B                                                                                                                     "
   3318.510, -68681.480, 2.3071E-01, 4.3445E+00,-3.3081E-01, 2.5513E+00,-1.4038E+00, 3.7524E+00,-3.1128E-01, 6.2085E+00
"C                                                                                                                     "
   3319.980, -68680.010,-8.5938E-01, 3.2922E+00,-3.3325E-01, 2.5513E+00,-1.2585E+00, 4.0027E+00,-3.0762E-01, 6.2085E+00
"D                                                                                                                     "
   3331.140, -68668.850,-6.9946E-01, 3.4595E+00,-3.3203E-01, 2.5513E+00,-9.5947E-01, 4.2395E+00,-3.1006E-01, 6.2085E+00
"C                                                                                                                     "
   3336.030, -68663.960, 1.5137E-01, 4.2529E+00,-3.3081E-01, 2.5513E+00,-8.9600E-01, 4.3311E+00,-3.0762E-01, 6.2085E+00
"D                                                                                                                     "
   3342.630, -68657.360, 7.9346E-02, 4.2065E+00,-3.3325E-01, 2.5513E+00,-6.1646E-01, 4.6265E+00,-3.1372E-01, 6.2073E+00
"F2                                                                                                                    "
   3347.640, -68652.350,-3.8940E-01, 3.7561E+00,-3.3081E-01, 2.5513E+00,-1.4771E+00, 3.7842E+00,-3.1006E-01, 6.2085E+00
"B                                                                                                                     "
   3352.710, -68647.280, 6.1035E-03, 4.0930E+00,-3.3325E-01, 2.5525E+00,-1.2939E-01, 4.9622E+00,-3.0884E-01, 6.2085E+00
"C                                                                                                                     "
   3355.530, -68644.460, 3.2227E-01, 4.4373E+00,-3.3325E-01, 2.5513E+00,-8.6792E-01, 4.3628E+00,-3.0884E-01, 6.2085E+00
"G                                                                                                                     "
   3434.400, -68565.590, 2.0508E-01, 4.2200E+00,-3.3447E-01, 2.5500E+00,-5.8960E-01, 4.7522E+00,-3.0884E-01, 6.2073E+00
"F2                                                                                                                    "
   3437.940, -68562.050, 3.6621E-01, 4.4763E+00,-3.3081E-01, 2.5513E+00,-7.3120E-01, 4.4824E+00,-3.1006E-01, 6.2085E+00
"B                                                                                                                     "
   3440.850, -68559.140, 3.8940E-01, 4.5007E+00,-3.3325E-01, 2.5513E+00,-4.6631E-01, 4.6606E+00,-3.0884E-01, 6.2085E+00
"C                                                                                                                     "
   3441.720, -68558.270,-8.3008E-02, 4.0369E+00,-3.2959E-01, 2.5525E+00,-6.7139E-01, 4.5740E+00,-3.0518E-01, 6.2085E+00
"D                                                                                                                     "
   3515.520, -68484.470,-5.5542E-01, 3.5791E+00,-3.2837E-01, 2.5513E+00,-5.3711E-02, 5.1453E+00,-3.1006E-01, 6.2073E+00
"B                                                                                                                     "
   3517.500, -68482.490,-5.6763E-01, 3.5779E+00,-3.3203E-01, 2.5513E+00,-4.1992E-01, 4.8132E+00,-3.1128E-01, 6.2085E+00
"D                                                                                                                     "
   3531.420, -68468.570,-5.6763E-01, 3.5767E+00,-3.3447E-01, 2.5500E+00,-9.8877E-02, 5.1270E+00,-3.1372E-01, 6.2073E+00
"CG                                                                                                                    "
   3534.750, -68465.240,-5.7617E-01, 3.5852E+00,-3.3447E-01, 2.5500E+00,-3.4424E-01, 4.8682E+00,-3.0762E-01, 6.2073E+00
"D                                                                                                                     "
   3552.570, -68447.420,-5.8350E-01, 3.5657E+00,-3.3203E-01, 2.5513E+00,-4.3945E-02, 5.1624E+00,-3.1006E-01, 6.2085E+00
"C                                                                                                                     "
   3556.200, -68443.790,-5.7007E-01, 3.5669E+00,-3.3203E-01, 2.5500E+00,-4.8096E-01, 4.7449E+00,-3.0640E-01, 6.2073E+00
"D                                                                                                                     "
   3569.520, -68430.470,-5.8350E-01, 3.5669E+00,-3.3569E-01, 2.5513E+00,-8.6670E-02, 5.0903E+00,-3.0884E-01, 6.2085E+00
"C                                                                                                                     "
   3571.650, -68428.340,-5.7251E-01, 3.5681E+00,-3.3325E-01, 2.5513E+00,-2.2217E-01, 4.9805E+00,-3.1006E-01, 6.2085E+00
"D                                                                                                                     "
   3578.160, -68421.830,-5.7373E-01, 3.5681E+00,-3.3203E-01, 2.5513E+00, 6.9580E-02, 5.2917E+00,-3.0762E-01, 6.2085E+00
"C                                                                                                                     "
   3581.910, -68418.080,-5.7861E-01, 3.5657E+00,-3.3569E-01, 2.5500E+00,-3.5034E-01, 4.8987E+00,-3.1128E-01, 6.2073E+00
"D                                                                                                                     "
   3633.510, -68366.480,-5.7251E-01, 3.5669E+00,-3.3203E-01, 2.5513E+00,-4.2236E-01, 4.8083E+00,-3.0640E-01, 6.2085E+00
"F2                                                                                                                    "
   3637.200, -68362.790,-5.7617E-01, 3.5669E+00,-3.2837E-01, 2.5513E+00,-6.6284E-01, 4.5862E+00,-3.1250E-01, 6.2085E+00
"B                                                                                                                     "
   3638.700, -68361.290,-5.6763E-01, 3.5669E+00,-3.3447E-01, 2.5513E+00,-4.9072E-01, 4.6912E+00,-3.0762E-01, 6.2085E+00
"C                                                                                                                     "
   3641.610, -68358.380,-5.7129E-01, 3.5657E+00,-3.3569E-01, 2.5513E+00,-6.0181E-01, 4.6228E+00,-3.1006E-01, 6.2085E+00
"D                                                                                                                     "
   3643.620, -68356.370,-5.7617E-01, 3.5669E+00,-3.3569E-01, 2.5500E+00,-6.0669E-01, 4.5850E+00,-3.0762E-01, 6.2085E+00
"F1                                                                                                                    "
   3644.370, -68355.620,-5.7983E-01, 3.5669E+00,-3.3203E-01, 2.5500E+00,-4.3579E-01, 4.7913E+00,-3.1128E-01, 6.2073E+00
"F2                                                                                                                    "
   3648.840, -68351.150,-5.7373E-01, 3.5657E+00,-3.3081E-01, 2.5513E+00,-7.1533E-01, 4.5105E+00,-3.1006E-01, 6.2085E+00
"B                                                                                                                     "
   3659.370, -68340.620,-5.7983E-01, 3.5693E+00,-3.3447E-01, 2.5513E+00,-8.4351E-01, 4.3945E+00,-3.0762E-01, 6.2085E+00
"C                                                                                                                     "
   3660.180, -68339.810,-5.7983E-01, 3.5657E+00,-3.3203E-01, 2.5513E+00,-3.8818E-01, 5.0073E+00,-3.1128E-01, 6.2073E+00
"D                                                                                                                     "
   3676.290, -68323.700,-5.6885E-01, 3.5669E+00,-3.3081E-01, 2.5525E+00,-4.8828E-01, 4.7070E+00,-3.0518E-01, 6.2085E+00
"C                                                                                                                     "
   3677.490, -68322.500,-5.7129E-01, 3.5669E+00,-3.3447E-01, 2.5500E+00,-4.5654E-01, 4.7961E+00,-3.0762E-01, 6.2085E+00
"D                                                                                                                     "
   3691.650, -68308.340,-5.7739E-01, 3.5669E+00,-3.3447E-01, 2.5513E+00,-5.9326E-01, 4.6558E+00,-3.0640E-01, 6.2073E+00
"C                                                                                                                     "
   3692.940, -68307.050,-5.7007E-01, 3.5669E+00,-3.2837E-01, 2.5500E+00,-5.1392E-01, 4.7119E+00,-3.0640E-01, 6.2073E+00
"D                                                                                                                     "
   3710.130, -68289.860,-5.7983E-01, 3.5669E+00,-3.3325E-01, 2.5513E+00,-4.2725E-01, 4.8279E+00,-3.1006E-01, 6.2085E+00
"C                                                                                                                     "
   3712.860, -68287.130,-5.7251E-01, 3.5669E+00,-3.3081E-01, 2.5513E+00,-2.6733E-01, 4.9475E+00,-3.0640E-01, 6.2085E+00
"D                                                                                                                     "
   3773.400, -68226.590,-5.7129E-01, 3.5657E+00,-3.2715E-01, 2.5537E+00,-3.6987E-01, 4.8889E+00,-3.1128E-01, 6.2073E+00
"C                                                                                                                     "
   3778.320, -68221.670,-5.7251E-01, 3.5669E+00,-3.3203E-01, 2.5513E+00,-2.6123E-01, 4.9548E+00,-3.0396E-01, 6.2097E+00
"D                                                                                                                     "
   3829.770, -68170.220,-5.6885E-01, 3.5681E+00,-3.3203E-01, 2.5525E+00,-3.0884E-01, 4.9817E+00,-3.1006E-01, 6.2085E+00
"B                                                                                                                     "
   3831.210, -68168.780,-5.7373E-01, 3.5669E+00,-3.3203E-01, 2.5525E+00,-4.1504E-01, 4.8120E+00,-3.0640E-01, 6.2073E+00
"D                                                                                                                     "
   3849.030, -68150.960,-5.7739E-01, 3.5669E+00,-3.3325E-01, 2.5513E+00,-3.5278E-01, 4.9377E+00,-3.1006E-01, 6.2097E+00
"C                                                                                                                     "
   3850.800, -68149.190,-5.7251E-01, 3.5669E+00,-3.3203E-01, 2.5513E+00,-1.8921E-01, 5.0330E+00,-3.0762E-01, 6.2097E+00
"D                                                                                                                     "
   3890.910, -68109.080,-5.6885E-01, 3.5669E+00,-3.3081E-01, 2.5513E+00,-3.8696E-01, 4.8145E+00,-3.0640E-01, 6.2097E+00
"C                                                                                                                     "
   3894.930, -68105.060,-5.8228E-01, 3.5669E+00,-3.3081E-01, 2.5525E+00,-4.1138E-01, 4.8181E+00,-3.0884E-01, 6.2097E+00
"B                                                                                                                     "
   3896.460, -68103.530,-5.7861E-01, 3.5681E+00,-3.3325E-01, 2.5513E+00, 1.7456E-01, 5.3271E+00,-3.1006E-01, 6.2097E+00
"D                                                                                                                     "
   4011.660, -67988.330,-5.7861E-01, 3.5669E+00,-3.3325E-01, 2.5513E+00,-1.2085E-01, 5.1050E+00,-3.1128E-01, 6.2097E+00
"C                                                                                                                     "
   4017.690, -67982.300,-5.7251E-01, 3.5681E+00,-3.3447E-01, 2.5513E+00,-5.1636E-01, 4.7412E+00,-3.1006E-01, 6.2097E+00
"D                                                                                                                     "
   4045.470, -67954.520,-5.7983E-01, 3.5693E+00,-3.3081E-01, 2.5513E+00,-4.6631E-01, 4.7632E+00,-3.0640E-01, 6.2109E+00
"B                                                                                                                     "
   4048.080, -67951.910,-5.7129E-01, 3.5693E+00,-3.2837E-01, 2.5525E+00,-6.2256E-01, 4.6362E+00,-3.0396E-01, 6.2109E+00
"C                                                                                                                     "
   4051.230, -67948.760,-5.7739E-01, 3.5681E+00,-3.3203E-01, 2.5513E+00,-3.3569E-01, 4.8755E+00,-3.0884E-01, 6.2109E+00
"D                                                                                                                     "
   4079.580, -67920.410,-5.7983E-01, 3.5669E+00,-3.3203E-01, 2.5525E+00,-5.9937E-01, 4.6301E+00,-3.1128E-01, 6.2109E+00
"C                                                                                                                     "
   4083.540, -67916.450,-5.7617E-01, 3.5669E+00,-3.3325E-01, 2.5525E+00,-4.2603E-01, 4.7742E+00,-3.0273E-01, 6.2097E+00
"Z                                                                                                                     "
  36000.120, -35999.870,-1.8567E+00, 2.3291E+00, 7.2021E-01, 3.5339E+00,-4.9438E-01, 4.7400E+00, 8.9111E-01, 7.3987E+00
