"NP                                                                                                                    "
   1227.270, -70772.720, 1.0144E+00, 4.3335E+00, 2.2449E+00, 5.0769E+00,-4.7974E-01, 4.7522E+00,-2.9785E-01, 6.2195E+00
"P                                                                                                                     "
   1264.650, -70735.340, 2.8455E+00, 6.9482E+00, 2.1533E+00, 4.9878E+00,-3.0273E-01, 4.9097E+00,-2.9907E-01, 6.2195E+00
"B2                                                                                                                    "
   1266.540, -70733.450, 2.7771E+00, 6.8774E+00, 2.2900E+00, 5.1160E+00,-4.4312E-01, 4.7766E+00,-2.9785E-01, 6.2195E+00
"P                                                                                                                     "
   1280.790, -70719.200, 2.6038E+00, 6.7163E+00, 2.1130E+00, 4.9426E+00,-3.9917E-01, 4.8083E+00,-2.6489E-01, 6.3074E+00
"C                                                                                                                     "
   1283.580, -70716.410, 2.6379E+00, 6.7432E+00, 2.1790E+00, 5.0769E+00,-4.1138E-01, 4.8218E+00,-2.7710E-01, 6.2390E+00
"D                                                                                                                     "
   1286.880, -70713.110, 2.6270E+00, 6.7371E+00, 2.0923E+00, 4.9243E+00,-4.3457E-01, 4.7986E+00,-2.8198E-01, 6.2341E+00
"C                                                                                                                     "
   1288.950, -70711.040, 2.5867E+00, 6.6956E+00, 2.1033E+00, 4.9365E+00,-4.6021E-01, 4.7815E+00,-2.8442E-01, 6.2329E+00
"D                                                                                                                     "
   1291.680, -70708.310, 2.7222E+00, 6.8176E+00, 2.1130E+00, 4.9414E+00,-4.6997E-01, 4.7644E+00,-2.4414E-02, 6.4001E+00
"C                                                                                                                     "
   1288.920, -70711.070, 2.6160E+00, 6.6943E+00, 2.1118E+00, 4.9365E+00,-4.5166E-01, 4.7998E+00,-2.8687E-01, 6.2329E+00
"D                                                                                                                     "
   1291.680, -70708.310, 2.7222E+00, 6.8176E+00, 2.1130E+00, 4.9414E+00,-4.6997E-01, 4.7644E+00,-2.4414E-02, 6.4001E+00
"C                                                                                                                     "
   1292.130, -70707.860, 2.7515E+00, 6.9214E+00, 2.1130E+00, 4.9451E+00,-4.7119E-01, 4.7620E+00,-2.9541E-01, 6.2378E+00
"F2                                                                                                                    "
   1293.810, -70706.180, 2.7136E+00, 6.8164E+00, 2.0850E+00, 4.9170E+00,-4.7852E-01, 4.7571E+00,-2.5513E-01, 6.2817E+00
"B                                                                                                                     "
   1296.480, -70703.510, 2.7966E+00, 6.9141E+00, 2.0984E+00, 4.9243E+00,-4.6875E-01, 4.7595E+00,-2.3682E-01, 6.2671E+00
"C                                                                                                                     "
   1300.440, -70699.550, 2.8162E+00, 7.0605E+00, 2.1045E+00, 4.9316E+00,-4.4189E-01, 4.7888E+00,-2.9907E-01, 6.2207E+00
"D                                                                                                                     "
   1305.240, -70694.750, 2.8430E+00, 6.9360E+00, 2.1484E+00, 4.9756E+00,-4.6875E-01, 4.7632E+00,-2.9419E-01, 6.2207E+00
"C                                                                                                                     "
   1305.810, -70694.180, 2.8198E+00, 6.9312E+00, 2.1521E+00, 4.9792E+00,-4.5898E-01, 4.7742E+00,-2.9419E-01, 6.2207E+00
"F2                                                                                                                    "
   1308.660, -70691.330, 2.6892E+00, 6.7908E+00, 2.2217E+00, 5.0537E+00,-4.5532E-01, 4.7827E+00,-3.0029E-01, 6.2195E+00
"B                                                                                                                     "
   1319.100, -70680.890, 3.0273E+00, 7.1338E+00, 2.2241E+00, 5.0537E+00,-4.8340E-01, 4.7485E+00,-3.0029E-01, 6.2195E+00
"D                                                                                                                     "
   1340.430, -70659.560, 2.9541E+00, 7.0288E+00, 2.2058E+00, 5.0293E+00,-4.7729E-01, 4.7522E+00,-2.9785E-01, 6.2195E+00
"C                                                                                                                     "
   1342.950, -70657.040, 3.0603E+00, 7.1826E+00, 2.2021E+00, 5.0330E+00,-4.4434E-01, 4.7925E+00,-3.0151E-01, 6.2195E+00
"B                                                                                                                     "
   1345.260, -70654.730, 2.9395E+00, 7.0313E+00, 2.2095E+00, 5.0330E+00,-4.7974E-01, 4.7534E+00,-3.0396E-01, 6.2170E+00
"D                                                                                                                     "
   1427.520, -70572.470, 3.4375E+00, 7.5232E+00, 2.1057E+00, 4.9390E+00,-4.8828E-01, 4.7412E+00,-2.9785E-01, 6.2183E+00
"DG                                                                                                                    "
   1628.040, -70371.950, 3.2776E+00, 7.3560E+00, 2.0557E+00, 4.8840E+00,-4.8462E-01, 4.7461E+00,-2.9419E-01, 6.2207E+00
"G                                                                                                                     "
   1883.220, -70116.770,-4.6509E-01, 3.7256E+00,-3.1616E-01, 2.5684E+00,-4.8462E-01, 4.7485E+00,-2.9663E-01, 6.2219E+00
"Z                                                                                                                     "
   2645.370, -69354.620, 1.7188E+00, 5.1868E+00,-3.1494E-01, 2.5610E+00,-4.8950E-01, 4.7461E+00,-2.9785E-01, 6.2195E+00
"P                                                                                                                     "
   2788.080, -69211.910, 3.8293E+00, 7.3230E+00,-3.1006E-01, 2.5647E+00,-4.9438E-01, 4.7388E+00,-2.3071E-01, 6.2866E+00
"C                                                                                                                     "
   2789.700, -69210.290, 2.6123E+00, 6.6980E+00,-3.0884E-01, 2.5671E+00,-4.9194E-01, 4.7400E+00,-2.2827E-01, 6.2866E+00
"D                                                                                                                     "
   2790.540, -69209.450, 2.5378E+00, 6.6516E+00,-3.1372E-01, 2.5659E+00,-4.9438E-01, 4.7388E+00,-2.3560E-01, 6.2854E+00
"B                                                                                                                     "
   2791.500, -69208.490, 2.6331E+00, 6.7200E+00,-3.1982E-01, 2.5671E+00,-4.9561E-01, 4.7400E+00,-2.3193E-01, 6.2854E+00
"C                                                                                                                     "
   2792.310, -69207.680, 2.5305E+00, 6.6260E+00,-3.1860E-01, 2.5684E+00,-4.9683E-01, 4.7388E+00,-2.3315E-01, 6.2854E+00
"D                                                                                                                     "
   2803.650, -69196.340, 2.5256E+00, 6.6101E+00,-3.1738E-01, 2.5671E+00,-5.0049E-01, 4.7388E+00,-2.2461E-01, 6.2939E+00
"F2                                                                                                                    "
   2807.190, -69192.800, 2.6794E+00, 6.7859E+00,-3.1372E-01, 2.5635E+00,-4.8950E-01, 4.7400E+00,-2.1729E-01, 6.2952E+00
"B                                                                                                                     "
   2808.960, -69191.030, 2.6233E+00, 6.7151E+00,-3.1372E-01, 2.5635E+00,-4.8950E-01, 4.7400E+00,-2.2095E-01, 6.2952E+00
"C                                                                                                                     "
   2809.860, -69190.130, 2.5696E+00, 6.6553E+00,-3.2104E-01, 2.5635E+00,-4.9683E-01, 4.7400E+00,-2.2583E-01, 6.2952E+00
"D                                                                                                                     "
   2918.700, -69081.290, 3.0298E+00, 7.1191E+00,-3.3203E-01, 2.5549E+00,-4.8218E-01, 4.7534E+00,-2.0508E-01, 6.3135E+00
"F2                                                                                                                    "
   2923.260, -69076.730, 3.0774E+00, 7.1521E+00,-3.2593E-01, 2.5525E+00,-4.8462E-01, 4.7473E+00,-2.0874E-01, 6.3098E+00
"B                                                                                                                     "
   2926.710, -69073.280, 2.9468E+00, 7.0105E+00,-3.2593E-01, 2.5525E+00,-4.7241E-01, 4.7546E+00,-2.0020E-01, 6.3159E+00
"C                                                                                                                     "
   2928.450, -69071.540, 2.8247E+00, 6.9067E+00,-3.2471E-01, 2.5537E+00,-4.8706E-01, 4.7461E+00,-2.0386E-01, 6.3123E+00
"D                                                                                                                     "
   3057.810, -68942.180, 2.6062E+00, 6.7297E+00,-3.2715E-01, 2.5586E+00, 2.6038E+00, 7.8210E+00,-2.8442E-01, 6.2305E+00
"F2                                                                                                                    "
   3061.170, -68938.820, 2.9968E+00, 7.0898E+00,-3.1860E-01, 2.5562E+00, 2.6709E+00, 7.9211E+00, 7.9102E-01, 7.1570E+00
"G                                                                                                                     "
   3442.290, -68557.700, 2.7393E+00, 6.8066E+00,-3.1982E-01, 2.5562E+00, 2.7002E+00, 7.9004E+00,-2.9663E-01, 6.2195E+00
"C                                                                                                                     "
   3446.790, -68553.200, 2.5537E+00, 6.6516E+00,-3.2837E-01, 2.5562E+00, 2.7014E+00, 7.9236E+00,-2.9785E-01, 6.2207E+00
"D                                                                                                                     "
   3457.350, -68542.640, 2.5293E+00, 6.6199E+00,-3.2471E-01, 2.5549E+00, 2.6440E+00, 7.8564E+00,-2.9663E-01, 6.2195E+00
"C                                                                                                                     "
   3459.030, -68540.960, 2.6563E+00, 6.7529E+00,-3.2837E-01, 2.5562E+00, 2.6428E+00, 7.8601E+00,-3.0151E-01, 6.2195E+00
"D                                                                                                                     "
   3520.770, -68479.220, 2.5879E+00, 6.6736E+00,-3.2715E-01, 2.5537E+00, 2.6379E+00, 7.8552E+00,-3.0029E-01, 6.2207E+00
"F2                                                                                                                    "
   3522.780, -68477.210, 2.6685E+00, 6.8115E+00,-3.2715E-01, 2.5549E+00, 2.6501E+00, 7.8662E+00,-2.9907E-01, 6.2207E+00
"FB                                                                                                                    "
   3525.750, -68474.240, 2.7002E+00, 6.7993E+00,-3.2104E-01, 2.5549E+00, 2.6831E+00, 7.8821E+00,-2.9297E-01, 6.2207E+00
"DG                                                                                                                    "
   3674.310, -68325.680, 2.6599E+00, 6.7444E+00,-3.1982E-01, 2.5635E+00, 2.3413E+00, 7.7930E+00,-2.9663E-01, 6.2195E+00
"G                                                                                                                     "
   3807.990, -68192.000, 1.9788E+00, 6.5027E+00,-3.2959E-01, 2.5549E+00, 3.1335E+00, 8.3411E+00,-2.9907E-01, 6.2219E+00
"Z                                                                                                                     "
   4069.140, -67930.850, 8.4229E-02, 3.6450E+00,-3.2715E-01, 2.5537E+00,-4.1504E-01, 4.8279E+00,-2.9541E-01, 6.2244E+00
"P                                                                                                                     "
   4136.940, -67863.050, 2.3364E+00, 6.3843E+00,-3.5400E-01, 2.5220E+00,-4.8462E-01, 4.7485E+00,-2.3193E-01, 6.2830E+00
"C                                                                                                                     "
   4140.330, -67859.660, 1.9653E+00, 6.0632E+00,-2.0874E-01, 2.6758E+00,-4.8462E-01, 4.7498E+00,-2.3438E-01, 6.2817E+00
"B                                                                                                                     "
   4142.430, -67857.560, 1.9312E+00, 6.0632E+00,-2.2217E-01, 2.6514E+00,-4.8096E-01, 4.7498E+00,-2.3438E-01, 6.2805E+00
"C                                                                                                                     "
   4149.840, -67850.150, 1.9788E+00, 6.0889E+00,-1.4160E-01, 2.7283E+00,-4.8340E-01, 4.7485E+00,-2.3682E-01, 6.2793E+00
"D                                                                                                                     "
   4153.620, -67846.370, 2.0093E+00, 6.1304E+00,-1.9287E-01, 2.6929E+00,-4.8218E-01, 4.7498E+00,-2.3438E-01, 6.2781E+00
"F2                                                                                                                    "
   4157.820, -67842.170, 1.9409E+00, 6.0437E+00,-4.6387E-02, 2.8357E+00,-4.8706E-01, 4.7473E+00,-2.4414E-01, 6.2756E+00
"B                                                                                                                     "
   4162.260, -67837.730, 2.0911E+00, 6.1731E+00,-1.1841E-01, 2.7173E+00,-4.8462E-01, 4.7473E+00,-2.3926E-01, 6.2756E+00
"B                                                                                                                     "
   4165.650, -67834.340, 2.1362E+00, 6.2231E+00,-1.1475E-01, 2.7319E+00,-4.8218E-01, 4.7473E+00,-2.3926E-01, 6.2744E+00
"C                                                                                                                     "
   4179.120, -67820.870, 2.2339E+00, 6.3123E+00, 4.1504E-02, 2.9102E+00,-4.8584E-01, 4.7461E+00,-2.4658E-01, 6.2292E+00
"D                                                                                                                     "
   4250.490, -67749.500, 2.3218E+00, 6.4307E+00, 6.3965E-01, 3.4973E+00,-4.8340E-01, 4.7437E+00,-2.9419E-01, 6.2195E+00
"F2                                                                                                                    "
   4254.390, -67745.600, 2.3328E+00, 6.4417E+00, 6.5308E-01, 3.5071E+00,-4.8462E-01, 4.7449E+00,-2.9663E-01, 6.2195E+00
"FB                                                                                                                    "
   4258.500, -67741.490, 2.2632E+00, 6.3489E+00, 6.8359E-01, 3.5388E+00,-4.9194E-01, 4.7437E+00,-3.0029E-01, 6.2195E+00
"DG                                                                                                                    "
   4377.450, -67622.540, 2.0508E+00, 6.1511E+00, 7.7759E-01, 3.6316E+00,-4.9072E-01, 4.7412E+00,-2.9663E-01, 6.2195E+00
"F2                                                                                                                    "
   4380.720, -67619.270, 1.8726E+00, 5.9888E+00, 7.8979E-01, 3.6450E+00,-4.8950E-01, 4.7424E+00,-2.9663E-01, 6.2195E+00
"B                                                                                                                     "
   4384.950, -67615.040, 2.0471E+00, 6.1304E+00, 7.5806E-01, 3.6072E+00,-4.8828E-01, 4.7424E+00,-2.9907E-01, 6.2195E+00
"DG                                                                                                                    "
   4477.770, -67522.220, 2.1692E+00, 6.3013E+00,-3.2593E-01, 2.5562E+00,-4.9072E-01, 4.7437E+00,-3.0151E-01, 6.2195E+00
"F2                                                                                                                    "
   4481.460, -67518.530, 2.1155E+00, 6.1902E+00,-3.2471E-01, 2.5562E+00,-4.8950E-01, 4.7437E+00,-2.9907E-01, 6.2195E+00
"B                                                                                                                     "
   4485.720, -67514.270, 2.1155E+00, 6.2073E+00,-3.2227E-01, 2.5537E+00,-4.8950E-01, 4.7437E+00,-2.9541E-01, 6.2207E+00
"DG                                                                                                                    "
   4568.040, -67431.950, 2.2375E+00, 6.3464E+00,-3.1982E-01, 2.5562E+00,-4.8340E-01, 4.7461E+00,-2.9541E-01, 6.2183E+00
"FB                                                                                                                    "
   4573.710, -67426.280, 2.1106E+00, 6.2207E+00,-3.2104E-01, 2.5562E+00,-4.8828E-01, 4.7449E+00,-2.9785E-01, 6.2195E+00
"DG                                                                                                                    "
   4674.510, -67325.480, 2.2131E+00, 6.3257E+00,-3.2349E-01, 2.5586E+00,-4.8584E-01, 4.7498E+00,-3.0029E-01, 6.2195E+00
"DG                                                                                                                    "
   5157.660, -66842.330, 2.2961E+00, 6.4233E+00,-3.2227E-01, 2.5598E+00,-4.8950E-01, 4.7400E+00,-2.6855E-01, 6.2463E+00
"P                                                                                                                     "
   5161.500, -66838.490, 8.7524E-01, 5.7129E+00,-3.2593E-01, 2.5562E+00,-4.8950E-01, 4.7400E+00,-2.6978E-01, 6.2476E+00
"Z                                                                                                                     "
   5438.250, -66561.740, 2.1509E+00, 6.1377E+00,-3.2349E-01, 2.5525E+00,-4.8950E-01, 4.7424E+00,-2.7344E-01, 6.2439E+00
"P                                                                                                                     "
   5467.380, -66532.610, 1.5686E+00, 5.7166E+00,-3.3203E-01, 2.5549E+00,-4.9072E-01, 4.7412E+00,-2.7466E-01, 6.2427E+00
"C                                                                                                                     "
   5469.120, -66530.870, 1.7944E+00, 5.9119E+00,-3.2104E-01, 2.5537E+00,-4.8828E-01, 4.7424E+00,-2.7466E-01, 6.2427E+00
"B                                                                                                                     "
   5470.860, -66529.130, 1.5210E+00, 5.6384E+00,-3.2593E-01, 2.5537E+00,-4.8950E-01, 4.7424E+00,-2.7588E-01, 6.2427E+00
"D                                                                                                                     "
   5471.700, -66528.290, 1.6333E+00, 5.7239E+00,-3.1982E-01, 2.5562E+00,-4.8706E-01, 4.7424E+00,-2.7344E-01, 6.2427E+00
"B                                                                                                                     "
   5473.200, -66526.790, 1.6919E+00, 5.7922E+00,-3.2471E-01, 2.5537E+00,-4.8706E-01, 4.7424E+00,-2.7222E-01, 6.2427E+00
"C                                                                                                                     "
   5483.640, -66516.350, 1.8958E+00, 5.9937E+00,-3.2104E-01, 2.5537E+00,-4.8828E-01, 4.7424E+00,-2.7222E-01, 6.2427E+00
"F2                                                                                                                    "
   5487.270, -66512.720, 1.6150E+00, 5.7117E+00,-3.2837E-01, 2.5537E+00,-4.9316E-01, 4.7424E+00,-2.7466E-01, 6.2427E+00
"B                                                                                                                     "
   5491.650, -66508.340, 1.8188E+00, 5.8997E+00,-3.2715E-01, 2.5549E+00,-4.9072E-01, 4.7424E+00,-2.7588E-01, 6.2427E+00
"C                                                                                                                     "
   5492.760, -66507.230, 1.9360E+00, 6.0486E+00,-3.2837E-01, 2.5537E+00,-4.8828E-01, 4.7424E+00,-2.7466E-01, 6.2427E+00
"DG                                                                                                                    "
   5544.870, -66455.120, 2.6599E+00, 6.7590E+00,-2.4902E-01, 2.6343E+00,-4.8950E-01, 4.7437E+00,-2.7344E-01, 6.2439E+00
"CG                                                                                                                    "
   5558.670, -66441.320, 2.4011E+00, 6.5259E+00,-3.2715E-01, 2.5549E+00,-4.8950E-01, 4.7449E+00,-2.7466E-01, 6.2439E+00
"F2                                                                                                                    "
   5564.100, -66435.890, 2.0374E+00, 6.1523E+00,-3.2471E-01, 2.5537E+00,-4.8584E-01, 4.7449E+00,-2.6978E-01, 6.2451E+00
"FB                                                                                                                    "
   5566.830, -66433.160, 2.1277E+00, 6.2415E+00,-3.2471E-01, 2.5549E+00,-4.8706E-01, 4.7449E+00,-2.7466E-01, 6.2451E+00
"C                                                                                                                     "
   5567.640, -66432.350, 2.1863E+00, 6.3147E+00,-3.2227E-01, 2.5537E+00,-4.8584E-01, 4.7449E+00,-2.7100E-01, 6.2439E+00
"DG                                                                                                                    "
   5720.700, -66279.290, 2.5586E+00, 6.6565E+00,-3.1616E-01, 2.5647E+00,-4.6753E-01, 4.7668E+00,-2.7100E-01, 6.2476E+00
"F2                                                                                                                    "
   5724.780, -66275.210, 2.0007E+00, 6.0547E+00,-3.1616E-01, 2.5610E+00,-4.3945E-01, 4.7937E+00,-2.6978E-01, 6.2476E+00
"FB                                                                                                                    "
   5730.420, -66269.570, 2.0398E+00, 6.1414E+00,-3.2349E-01, 2.5598E+00,-4.5166E-01, 4.7827E+00,-2.7100E-01, 6.2476E+00
"C                                                                                                                     "
   5731.230, -66268.760, 2.0972E+00, 6.1963E+00,-3.2471E-01, 2.5610E+00,-4.6143E-01, 4.7717E+00,-2.7100E-01, 6.2476E+00
"DG                                                                                                                    "
   5855.460, -66144.530, 2.3901E+00, 6.4539E+00,-3.2471E-01, 2.5537E+00,-4.6875E-01, 4.7620E+00,-2.7344E-01, 6.2439E+00
"B                                                                                                                     "
   5856.180, -66143.810, 2.2400E+00, 6.3550E+00,-3.2959E-01, 2.5525E+00,-4.7729E-01, 4.7595E+00,-2.7588E-01, 6.2439E+00
"F2                                                                                                                    "
   5859.240, -66140.750, 2.1558E+00, 6.2305E+00,-3.3081E-01, 2.5525E+00,-4.8462E-01, 4.7510E+00,-2.7466E-01, 6.2427E+00
"B                                                                                                                     "
   5866.260, -66133.730, 2.2131E+00, 6.2903E+00,-3.2715E-01, 2.5537E+00,-4.8462E-01, 4.7473E+00,-2.7100E-01, 6.2439E+00
"G                                                                                                                     "
   6231.870, -65768.120, 2.1606E+00, 6.2549E+00,-3.2593E-01, 2.5525E+00,-4.8340E-01, 4.7473E+00,-2.9663E-01, 6.2207E+00
"F2                                                                                                                    "
   6235.710, -65764.280, 1.9373E+00, 6.0278E+00,-3.2471E-01, 2.5537E+00,-4.9561E-01, 4.7424E+00,-3.0273E-01, 6.2207E+00
"G                                                                                                                     "
  11240.280, -60759.710, 1.7920E+00, 5.8899E+00,-3.2349E-01, 2.5525E+00,-4.9072E-01, 4.7412E+00,-2.9297E-01, 6.2219E+00
"DG                                                                                                                    "
  11298.060, -60701.930, 1.0583E+00, 5.1917E+00,-3.3081E-01, 2.5500E+00,-4.8950E-01, 4.7412E+00,-2.9663E-01, 6.2219E+00
"P                                                                                                                     "
  11298.900, -60701.090,-4.3213E-01, 4.0234E+00,-3.2837E-01, 2.5500E+00,-4.8828E-01, 4.7412E+00,-2.9297E-01, 6.2219E+00
"Z                                                                                                                     "
  12978.150, -59021.840,-5.8472E-01, 3.5632E+00, 1.2329E+00, 4.0796E+00,-4.9072E-01, 4.7424E+00,-2.9907E-01, 6.2219E+00
"P                                                                                                                     "
  13027.350, -58972.640,-1.9531E-02, 4.2493E+00, 1.4917E+00, 4.3225E+00,-4.9072E-01, 4.7424E+00,-2.9907E-01, 6.2219E+00
"Z                                                                                                                     "
  13035.810, -58964.180, 7.8735E-01, 4.7168E+00, 1.4832E+00, 4.3237E+00,-4.8706E-01, 4.7424E+00,-2.9419E-01, 6.2207E+00
"C                                                                                                                     "
  13102.650, -58897.340, 6.7627E-01, 4.7937E+00,-3.3081E-01, 2.5513E+00,-4.9072E-01, 4.7424E+00,-3.0029E-01, 6.2219E+00
"DG                                                                                                                    "
  13139.760, -58860.230, 6.0547E-01, 4.7595E+00,-3.2593E-01, 2.5513E+00,-4.9194E-01, 4.7424E+00,-2.9785E-01, 6.2219E+00
"F2                                                                                                                    "
  13143.420, -58856.570, 7.8491E-01, 4.8877E+00,-3.2349E-01, 2.5500E+00,-4.8950E-01, 4.7412E+00,-2.9175E-01, 6.2219E+00
"B                                                                                                                     "
  13146.990, -58853.000, 7.8003E-01, 4.8914E+00,-3.2349E-01, 2.5525E+00,-4.9072E-01, 4.7412E+00,-2.9541E-01, 6.2207E+00
"C                                                                                                                     "
  13150.800, -58849.190, 8.6304E-01, 4.9622E+00,-3.2227E-01, 2.5525E+00,-4.9072E-01, 4.7424E+00,-2.9297E-01, 6.2219E+00
"DG                                                                                                                    "
  13270.170, -58729.820, 8.5571E-01, 4.9731E+00,-3.2471E-01, 2.5500E+00,-4.9072E-01, 4.7412E+00,-2.9663E-01, 6.2219E+00
"F2                                                                                                                    "
  13274.130, -58725.860, 9.9243E-01, 5.0891E+00,-3.2104E-01, 2.5513E+00,-4.9072E-01, 4.7424E+00,-2.9541E-01, 6.2219E+00
"B                                                                                                                     "
  13280.250, -58719.740, 8.4229E-01, 4.9524E+00,-3.2837E-01, 2.5513E+00,-4.8950E-01, 4.7412E+00,-2.9663E-01, 6.2219E+00
"DG                                                                                                                    "
  13540.950, -58459.040, 9.2041E-01, 5.0317E+00,-3.2715E-01, 2.5500E+00,-4.9316E-01, 4.7424E+00,-2.9663E-01, 6.2219E+00
"F2                                                                                                                    "
  13545.150, -58454.840, 8.9355E-01, 5.0464E+00,-3.2959E-01, 2.5500E+00,-4.9072E-01, 4.7424E+00,-2.9663E-01, 6.2219E+00
"B                                                                                                                     "
  13551.270, -58448.720, 7.9346E-01, 4.9011E+00,-3.2471E-01, 2.5500E+00,-4.8462E-01, 4.7424E+00,-2.9297E-01, 6.2219E+00
"G                                                                                                                     "
  15575.220,   1341.840,-3.7231E-01, 3.7695E+00,-3.2593E-01, 2.5574E+00,-4.8584E-01, 4.7461E+00,-3.0396E-01, 6.2451E+00
"P                                                                                                                     "
  15590.430,   1357.050, 7.4219E-01, 4.8572E+00,-3.1860E-01, 2.5562E+00,-4.8218E-01, 4.7461E+00,-2.8931E-01, 6.2244E+00
"G                                                                                                                     "
  15913.170,   1679.790, 6.1523E-01, 4.5728E+00,-3.2104E-01, 2.5500E+00,-4.8462E-01, 4.7461E+00,-2.9175E-01, 6.2244E+00
"DG                                                                                                                    "
  15972.360,   1738.980,-4.1016E-01, 3.7781E+00,-3.2227E-01, 2.5513E+00,-4.8584E-01, 4.7473E+00,-2.9175E-01, 6.2244E+00
"G                                                                                                                     "
  17359.110,   3125.730, 7.3242E-01, 4.8572E+00,-3.2959E-01, 2.5488E+00,-4.8828E-01, 4.7437E+00,-2.9175E-01, 6.2231E+00
"P                                                                                                                     "
  17397.900,   3164.520, 7.3486E-01, 4.8267E+00,-3.2227E-01, 2.5488E+00,-4.8828E-01, 4.7449E+00,-2.9541E-01, 6.2231E+00
"C                                                                                                                     "
  17412.360,   3178.980, 8.8623E-01, 4.9976E+00,-3.2593E-01, 2.5488E+00,-4.8950E-01, 4.7437E+00,-2.9663E-01, 6.2231E+00
"D                                                                                                                     "
  17418.960,   3185.580, 7.6050E-01, 4.8938E+00,-3.2593E-01, 2.5500E+00,-4.8706E-01, 4.7437E+00,-2.9785E-01, 6.2219E+00
"F2                                                                                                                    "
  17422.140,   3188.760, 8.7402E-01, 4.9609E+00,-3.2227E-01, 2.5500E+00,-4.8584E-01, 4.7449E+00,-2.9419E-01, 6.2231E+00
"FB                                                                                                                    "
  17430.330,   3196.950, 5.7739E-01, 4.7327E+00,-3.2715E-01, 2.5488E+00,-4.8950E-01, 4.7449E+00,-2.9419E-01, 6.2219E+00
"C                                                                                                                     "
  17433.390,   3200.010, 6.7749E-01, 4.8035E+00,-3.2104E-01, 2.5488E+00,-4.8462E-01, 4.7449E+00,-2.9297E-01, 6.2231E+00
"F2                                                                                                                    "
  17438.310,   3204.930, 7.6050E-01, 4.8633E+00,-3.2593E-01, 2.5488E+00,-4.8584E-01, 4.7437E+00,-2.9053E-01, 6.2219E+00
"B                                                                                                                     "
  17442.570,   3209.190, 6.4087E-01, 4.7949E+00,-3.2593E-01, 2.5488E+00,-4.8828E-01, 4.7449E+00,-2.9541E-01, 6.2231E+00
"C                                                                                                                     "
  17443.560,   3210.180, 7.4219E-01, 4.8596E+00,-3.2349E-01, 2.5488E+00,-4.8706E-01, 4.7449E+00,-2.9297E-01, 6.2231E+00
"DG                                                                                                                    "
  17543.160,   3309.780, 1.1316E+00, 5.2869E+00,-3.2715E-01, 2.5488E+00,-4.8584E-01, 4.7437E+00,-2.9175E-01, 6.2231E+00
"F2                                                                                                                    "
  17547.630,   3314.250, 1.1401E+00, 5.2759E+00,-3.2715E-01, 2.5488E+00,-4.9072E-01, 4.7437E+00,-2.9541E-01, 6.2207E+00
"B                                                                                                                     "
  17554.260,   3320.880, 1.1279E+00, 5.2222E+00,-3.2715E-01, 2.5476E+00,-4.8584E-01, 4.7437E+00,-2.9541E-01, 6.2219E+00
"DG                                                                                                                    "
  17624.790,   3391.410, 9.8755E-01, 5.1050E+00,-3.3081E-01, 2.5488E+00,-4.8828E-01, 4.7449E+00,-2.9663E-01, 6.2219E+00
"F2                                                                                                                    "
  17627.070,   3393.690, 9.6069E-01, 5.0684E+00,-3.2227E-01, 2.5488E+00,-4.8706E-01, 4.7449E+00,-2.9541E-01, 6.2219E+00
"B                                                                                                                     "
  17630.640,   3397.260, 1.0352E+00, 5.1367E+00,-3.1982E-01, 2.5488E+00,-4.8706E-01, 4.7449E+00,-2.9297E-01, 6.2231E+00
"G                                                                                                                     "
  20639.400,   6406.020, 1.2537E+00, 5.3015E+00,-3.2715E-01, 2.5439E+00,-4.9316E-01, 4.7375E+00,-2.9663E-01, 6.2195E+00
"CG                                                                                                                    "
  20687.820,   6454.440, 9.0576E-01, 5.1624E+00,-3.1982E-01, 2.5476E+00,-4.9438E-01, 4.7388E+00,-2.9663E-01, 6.2195E+00
"F2                                                                                                                    "
  20691.540,   6458.160, 1.1292E+00, 5.2197E+00,-3.2593E-01, 2.5452E+00,-4.9316E-01, 4.7388E+00,-2.9663E-01, 6.2195E+00
"B                                                                                                                     "
  20698.860,   6465.480, 9.0332E-01, 5.0049E+00,-3.2715E-01, 2.5464E+00,-4.9316E-01, 4.7388E+00,-2.9663E-01, 6.2183E+00
"C                                                                                                                     "
  20701.050,   6467.670, 9.1187E-01, 5.0452E+00,-3.2837E-01, 2.5464E+00,-4.9438E-01, 4.7388E+00,-2.9907E-01, 6.2183E+00
"DG                                                                                                                    "
  20752.320,   6518.940, 1.0498E+00, 5.1770E+00,-3.2471E-01, 2.5464E+00,-4.9316E-01, 4.7375E+00,-2.9907E-01, 6.2183E+00
"F2                                                                                                                    "
  20754.810,   6521.430, 1.3147E+00, 5.4016E+00,-3.2837E-01, 2.5439E+00,-4.9316E-01, 4.7388E+00,-2.9907E-01, 6.2183E+00
"G                                                                                                                     "
  22139.580,   7906.200, 1.0693E+00, 5.1709E+00,-3.2959E-01, 2.5464E+00,-4.9438E-01, 4.7400E+00,-2.9907E-01, 6.2207E+00
"F2                                                                                                                    "
  22142.550,   7909.170, 9.8267E-01, 5.1001E+00,-3.2349E-01, 2.5452E+00,-4.9072E-01, 4.7400E+00,-2.9541E-01, 6.2207E+00
"B                                                                                                                     "
  22144.140,   7910.760, 9.9243E-01, 5.1257E+00,-3.2593E-01, 2.5464E+00,-4.9316E-01, 4.7388E+00,-2.9297E-01, 6.2207E+00
"G                                                                                                                     "
  22688.760,   8455.380, 1.1633E+00, 5.2917E+00,-3.2349E-01, 2.5500E+00,-4.9194E-01, 4.7400E+00,-2.9907E-01, 6.2207E+00
"F2                                                                                                                    "
  22691.880,   8458.500, 9.1797E-01, 5.0354E+00,-3.2959E-01, 2.5488E+00,-4.9316E-01, 4.7400E+00,-2.9541E-01, 6.2207E+00
"B                                                                                                                     "
  22697.670,   8464.290, 1.0217E+00, 5.1306E+00,-3.2471E-01, 2.5488E+00,-4.9072E-01, 4.7400E+00,-2.9907E-01, 6.2207E+00
"G                                                                                                                     "
  24060.120,   9826.740, 6.3232E-01, 4.7595E+00,-3.3081E-01, 2.5439E+00,-4.9316E-01, 4.7388E+00,-1.2085E-01, 6.3965E+00
"F2                                                                                                                    "
  24061.560,   9828.180, 5.6519E-01, 4.6692E+00,-3.2959E-01, 2.5439E+00,-4.9194E-01, 4.7388E+00,-1.1841E-01, 6.3892E+00
"B                                                                                                                     "
  24065.490,   9832.110, 5.4321E-01, 4.6606E+00,-3.2349E-01, 2.5427E+00,-4.9072E-01, 4.7388E+00,-7.3242E-02, 6.4355E+00
"DG                                                                                                                    "
  24657.060,  10423.680,-4.0894E-01, 3.7256E+00,-3.3081E-01, 2.5415E+00,-4.9438E-01, 4.7375E+00,-3.0029E-01, 6.2183E+00
"CG                                                                                                                    "
  24714.090,  10480.710, 5.5786E-01, 4.6570E+00,-1.7700E-01, 2.7393E+00,-4.9316E-01, 4.7375E+00,-2.9541E-01, 6.2183E+00
"F2                                                                                                                    "
  24716.040,  10482.660, 5.0415E-01, 4.6313E+00,-2.1729E-01, 2.5720E+00,-4.9438E-01, 4.7375E+00,-2.9907E-01, 6.2170E+00
"B                                                                                                                     "
  24718.590,  10485.210, 6.5186E-01, 4.7729E+00,-3.0762E-01, 2.5635E+00,-4.9194E-01, 4.7375E+00,-2.9663E-01, 6.2183E+00
"G                                                                                                                     "
  24874.680,  10641.300, 4.8706E-01, 4.2346E+00,-3.3203E-01, 2.5452E+00,-4.9561E-01, 4.7375E+00,-2.9907E-01, 6.2183E+00
"CG                                                                                                                    "
  24983.880,  10750.500, 1.3037E+00, 5.4187E+00,-8.5815E-01, 1.9666E+00,-4.9683E-01, 4.7375E+00,-3.0029E-01, 6.2183E+00
"G                                                                                                                     "
  25169.100,  10935.720,-5.4077E-01, 3.7122E+00,-3.2837E-01, 2.5439E+00,-4.9561E-01, 4.7375E+00,-3.0273E-01, 6.2195E+00
"Z                                                                                                                     "
  25290.510,  11057.130,-2.6489E-01, 3.6609E+00,-3.2959E-01, 2.5452E+00,-4.9438E-01, 4.7375E+00,-2.9907E-01, 6.2183E+00
"P                                                                                                                     "
  25385.130,  11151.750,-2.0142E-01, 3.9148E+00,-3.3325E-01, 2.5427E+00,-4.9438E-01, 4.7388E+00,-3.0151E-01, 6.2183E+00
"B2                                                                                                                    "
  25387.350,  11153.970,-2.4414E-01, 3.8855E+00,-3.2715E-01, 2.5427E+00,-4.9316E-01, 4.7388E+00,-2.9785E-01, 6.2195E+00
"P                                                                                                                     "
  25445.490,  11212.110, 1.4160E-01, 4.2419E+00,-3.2349E-01, 2.5427E+00,-4.9072E-01, 4.7388E+00,-2.9907E-01, 6.2195E+00
"C                                                                                                                     "
  25454.580,  11221.200,-1.4771E-01, 3.9905E+00,-3.3081E-01, 2.5427E+00,-4.9438E-01, 4.7388E+00,-2.9541E-01, 6.2195E+00
"F2                                                                                                                    "
  25456.560,  11223.180, 2.0752E-02, 4.1309E+00,-3.2593E-01, 2.5439E+00,-4.9316E-01, 4.7388E+00,-3.0029E-01, 6.2183E+00
"B                                                                                                                     "
  25461.270,  11227.890, 8.9111E-02, 4.2444E+00,-3.3203E-01, 2.5439E+00,-4.9316E-01, 4.7388E+00,-2.9785E-01, 6.2195E+00
"D                                                                                                                     "
  25470.900,  11237.520,-3.6621E-02, 4.0955E+00,-3.2959E-01, 2.5415E+00,-4.8950E-01, 4.7388E+00,-2.9663E-01, 6.2183E+00
"F2                                                                                                                    "
  25475.220,  11241.840,-7.4463E-02, 4.0894E+00,-3.2593E-01, 2.5452E+00,-4.9316E-01, 4.7375E+00,-2.9663E-01, 6.2183E+00
"B                                                                                                                     "
  25478.160,  11244.780, 3.2959E-02, 4.1443E+00,-3.1860E-01, 2.5513E+00,-4.9072E-01, 4.7375E+00,-2.9541E-01, 6.2195E+00
"C                                                                                                                     "
  25479.240,  11245.860, 1.0742E-01, 4.2285E+00,-3.1616E-01, 2.5500E+00,-4.9194E-01, 4.7388E+00,-2.9663E-01, 6.2195E+00
"B                                                                                                                     "
  25482.480,  11249.100, 1.8921E-01, 4.2188E+00,-3.1982E-01, 2.5488E+00,-4.8950E-01, 4.7388E+00,-2.9297E-01, 6.2195E+00
"C                                                                                                                     "
  25487.520,  11254.140, 2.7222E-01, 4.3909E+00,-3.2959E-01, 2.5452E+00,-4.9438E-01, 4.7388E+00,-2.9541E-01, 6.2195E+00
"F2                                                                                                                    "
  25492.320,  11258.940, 6.8359E-02, 4.2029E+00,-3.2593E-01, 2.5427E+00,-4.9316E-01, 4.7388E+00,-2.9541E-01, 6.2195E+00
"B                                                                                                                     "
  25500.960,  11267.580, 1.3672E-01, 4.2566E+00,-3.2715E-01, 2.5439E+00,-4.9194E-01, 4.7375E+00,-3.0029E-01, 6.2183E+00
"C                                                                                                                     "
  25519.320,  11285.940, 2.3804E-01, 4.3701E+00,-3.2959E-01, 2.5439E+00,-4.9316E-01, 4.7388E+00,-2.9785E-01, 6.2183E+00
"F2                                                                                                                    "
  25523.340,  11289.960, 2.0508E-01, 4.2908E+00,-3.2837E-01, 2.5427E+00,-4.9072E-01, 4.7375E+00,-2.9541E-01, 6.2183E+00
"B                                                                                                                     "
  25530.210,  11296.830, 8.5449E-02, 4.2065E+00,-3.2471E-01, 2.5415E+00,-4.8950E-01, 4.7388E+00,-2.9419E-01, 6.2183E+00
"DG                                                                                                                    "
  25626.510,  11393.130, 4.5654E-01, 4.5667E+00,-3.3203E-01, 2.5415E+00,-4.9561E-01, 4.7375E+00,-3.0029E-01, 6.2183E+00
"F2                                                                                                                    "
  25630.710,  11397.330, 3.8086E-01, 4.4922E+00,-3.2837E-01, 2.5427E+00,-4.9438E-01, 4.7375E+00,-3.0151E-01, 6.2183E+00
"FB                                                                                                                    "
  25633.800,  11400.420, 4.5288E-01, 4.5935E+00,-3.2837E-01, 2.5427E+00,-4.9316E-01, 4.7375E+00,-2.9785E-01, 6.2183E+00
"DG                                                                                                                    "
  25721.790,  11488.410, 3.9551E-01, 4.5630E+00,-3.0884E-01, 2.5586E+00,-4.9438E-01, 4.7363E+00,-3.0151E-01, 6.2170E+00
"F2                                                                                                                    "
  25728.660,  11495.280, 2.3804E-01, 4.3506E+00,-3.2959E-01, 2.5427E+00,-4.9683E-01, 4.7363E+00,-3.0029E-01, 6.2170E+00
"G                                                                                                                     "
  29698.470,  15465.090, 6.4087E-01, 4.7461E+00,-3.3325E-01, 2.5415E+00,-4.9683E-01, 4.7363E+00,-2.7222E-01, 6.2476E+00
"B                                                                                                                     "
  29704.590,  15471.210,-4.2236E-01, 3.7122E+00,-3.3203E-01, 2.5415E+00,-4.9561E-01, 4.7363E+00,-2.6978E-01, 6.2451E+00
"CG                                                                                                                    "
  29719.440,  15486.060, 5.8838E-01, 4.7070E+00,-3.3081E-01, 2.5415E+00,-4.9316E-01, 4.7351E+00,-2.7466E-01, 6.2427E+00
"DG                                                                                                                    "
  29731.530,  15498.150, 7.4585E-01, 4.8621E+00,-3.2837E-01, 2.5415E+00,-4.9561E-01, 4.7363E+00,-2.7710E-01, 6.2390E+00
"F2                                                                                                                    "
  29735.730,  15502.350, 7.4951E-01, 4.8828E+00,-3.3081E-01, 2.5415E+00,-4.9561E-01, 4.7351E+00,-2.7832E-01, 6.2390E+00
"FB                                                                                                                    "
  29740.530,  15507.150, 6.2744E-01, 4.7388E+00,-3.3203E-01, 2.5415E+00,-4.9438E-01, 4.7351E+00,-2.7344E-01, 6.2390E+00
"CG                                                                                                                    "
  29826.540,  15593.160, 1.0767E+00, 5.1794E+00,-3.3203E-01, 2.5403E+00,-4.9683E-01, 4.7351E+00,-2.8076E-01, 6.2329E+00
"G                                                                                                                     "
  31717.320,  17483.940, 7.2144E-01, 4.8376E+00,-3.3081E-01, 2.5415E+00,-4.9561E-01, 4.7339E+00,-3.1372E-01, 6.2085E+00
"B                                                                                                                     "
  31719.990,  17486.610, 7.6538E-01, 4.8608E+00,-3.2471E-01, 2.5452E+00,-4.9561E-01, 4.7339E+00,-2.0996E-01, 6.2793E+00
"C                                                                                                                     "
  31721.400,  17488.020, 5.4688E-01, 4.6667E+00,-3.3203E-01, 2.5439E+00,-4.9927E-01, 4.7339E+00,-2.2583E-01, 6.2170E+00
"DG                                                                                                                    "
  31727.460,  17494.080, 8.2153E-01, 4.9927E+00,-3.3447E-01, 2.5415E+00,-4.9805E-01, 4.7339E+00,-2.4414E-01, 6.2683E+00
"B                                                                                                                     "
  31730.400,  17497.020, 8.5815E-01, 4.8450E+00,-3.2593E-01, 2.5427E+00,-4.9561E-01, 4.7327E+00,-3.0273E-01, 6.2122E+00
"C                                                                                                                     "
  31744.620,  17511.240, 7.4829E-01, 4.8706E+00,-3.3569E-01, 2.5439E+00,-4.9805E-01, 4.7327E+00,-3.0518E-01, 6.2146E+00
"B                                                                                                                     "
  31752.930,  17519.550, 7.2876E-01, 4.8376E+00,-3.3203E-01, 2.5427E+00,-4.9805E-01, 4.7327E+00,-3.0518E-01, 6.2134E+00
"CG                                                                                                                    "
  31777.320,  17543.940, 8.0811E-01, 4.9402E+00,-3.3325E-01, 2.5427E+00,-5.0049E-01, 4.7327E+00,-3.0273E-01, 6.2134E+00
"F2                                                                                                                    "
  31778.880,  17545.500, 7.6538E-01, 4.9121E+00,-3.3325E-01, 2.5427E+00,-5.0293E-01, 4.7327E+00,-3.0518E-01, 6.2134E+00
"B                                                                                                                     "
  31783.050,  17549.670, 6.2744E-01, 4.7729E+00,-3.3569E-01, 2.5427E+00,-5.0171E-01, 4.7339E+00,-3.0518E-01, 6.2134E+00
"CG                                                                                                                    "
  31868.880,  17635.500, 1.1755E+00, 5.3186E+00,-3.3447E-01, 2.5391E+00,-5.0171E-01, 4.7314E+00,-3.0762E-01, 6.2122E+00
"G                                                                                                                     "
  32809.440,  18576.060, 7.6294E-01, 4.8743E+00,-3.3325E-01, 2.5391E+00,-5.0049E-01, 4.7302E+00,-3.0396E-01, 6.2134E+00
"B                                                                                                                     "
  32820.750,  18587.370, 2.6245E-01, 4.6106E+00,-3.4058E-01, 2.5391E+00,-5.0537E-01, 4.7302E+00,-3.0640E-01, 6.2134E+00
"Z                                                                                                                     "
  32913.030,  18679.650,-5.7739E-01, 3.5608E+00,-3.3081E-01, 2.5403E+00,-4.9927E-01, 4.7314E+00,-3.0273E-01, 6.2146E+00
"P                                                                                                                     "
  32959.350,  18725.970,-5.0903E-01, 3.6401E+00,-3.3325E-01, 2.5415E+00,-5.0171E-01, 4.7314E+00,-3.0396E-01, 6.2134E+00
"B2                                                                                                                    "
  32963.310,  18729.930,-4.7974E-01, 3.6560E+00,-3.2837E-01, 2.5403E+00,-4.9927E-01, 4.7314E+00,-3.0151E-01, 6.2146E+00
"P                                                                                                                     "
  32978.640,  18745.260,-3.4912E-01, 3.7854E+00,-3.2715E-01, 2.5403E+00,-4.9927E-01, 4.7314E+00,-2.9907E-01, 6.2146E+00
"C                                                                                                                     "
  32983.920,  18750.540,-4.0894E-01, 3.7244E+00,-3.3325E-01, 2.5403E+00,-4.9683E-01, 4.7327E+00,-2.9907E-01, 6.2146E+00
"F1                                                                                                                    "
  32985.000,  18751.620,-3.8696E-01, 3.7769E+00,-3.3813E-01, 2.5403E+00,-4.9927E-01, 4.7327E+00,-3.0396E-01, 6.2146E+00
"F2                                                                                                                    "
  32987.670,  18754.290,-4.5044E-01, 3.6597E+00,-3.4180E-01, 2.5403E+00,-5.0049E-01, 4.7314E+00,-3.0396E-01, 6.2146E+00
"C                                                                                                                     "
  32995.290,  18761.910, 7.6904E-02, 4.1931E+00,-3.3447E-01, 2.5415E+00,-4.9683E-01, 4.7327E+00,-2.9907E-01, 6.2146E+00
"D                                                                                                                     "
  33014.130,  18780.750,-4.3945E-02, 4.0991E+00,-3.3691E-01, 2.5415E+00,-5.0293E-01, 4.7327E+00,-3.0518E-01, 6.2146E+00
"F2                                                                                                                    "
  33016.980,  18783.600, 5.8594E-02, 4.1736E+00,-3.3203E-01, 2.5403E+00,-5.0049E-01, 4.7327E+00,-3.0273E-01, 6.2146E+00
"B                                                                                                                     "
  33018.090,  18784.710, 2.0386E-01, 4.2944E+00,-3.2959E-01, 2.5403E+00,-5.0049E-01, 4.7327E+00,-3.0151E-01, 6.2146E+00
"C                                                                                                                     "
  33025.830,  18792.450, 3.0884E-01, 4.4580E+00,-3.3691E-01, 2.5403E+00,-5.0049E-01, 4.7327E+00,-3.0273E-01, 6.2146E+00
"C                                                                                                                     "
  33068.550,  18835.170, 4.4189E-01, 4.5508E+00,-3.3813E-01, 2.5403E+00,-4.9927E-01, 4.7327E+00,-3.0518E-01, 6.2146E+00
"F2                                                                                                                    "
  33072.330,  18838.950, 4.1748E-01, 4.5300E+00,-3.3081E-01, 2.5403E+00,-4.9927E-01, 4.7327E+00,-3.0273E-01, 6.2146E+00
"B                                                                                                                     "
  33077.280,  18843.900, 4.2969E-01, 4.6106E+00,-3.2715E-01, 2.5403E+00,-4.9561E-01, 4.7327E+00,-3.0151E-01, 6.2146E+00
"CG                                                                                                                    "
  33123.330,  18889.950, 5.3711E-01, 4.7046E+00,-3.3203E-01, 2.5415E+00,-5.0049E-01, 4.7327E+00,-3.0029E-01, 6.2146E+00
"F2                                                                                                                    "
  33126.480,  18893.100, 3.0029E-01, 4.4165E+00,-3.3813E-01, 2.5403E+00,-5.0171E-01, 4.7327E+00,-3.0396E-01, 6.2146E+00
"FB                                                                                                                    "
  33131.550,  18898.170, 5.6885E-01, 4.6716E+00,-3.3081E-01, 2.5415E+00,-4.9683E-01, 4.7327E+00,-2.9907E-01, 6.2146E+00
"CG                                                                                                                    "
  33196.110,  18962.730, 6.4087E-01, 4.7522E+00,-3.3081E-01, 2.5403E+00,-4.9927E-01, 4.7327E+00,-3.0396E-01, 6.2134E+00
"F2                                                                                                                    "
  33199.650,  18966.270, 4.3701E-01, 4.5471E+00,-3.3081E-01, 2.5403E+00,-4.9683E-01, 4.7327E+00,-3.0151E-01, 6.2134E+00
"B                                                                                                                     "
  33203.220,  18969.840, 5.0293E-01, 4.7119E+00,-3.3813E-01, 2.5403E+00,-5.0293E-01, 4.7327E+00,-3.0273E-01, 6.2146E+00
"G                                                                                                                     "
  33513.660,  19280.280,-2.1240E-01, 4.1272E+00,-3.3203E-01, 2.5391E+00,-5.0049E-01, 4.7302E+00,-3.0273E-01, 6.2122E+00
"CG                                                                                                                    "
  33597.390,  19364.010, 6.0669E-01, 4.7180E+00,-3.3203E-01, 2.5403E+00,-4.9805E-01, 4.7314E+00,-3.0151E-01, 6.2146E+00
"F2                                                                                                                    "
  33599.490,  19366.110, 6.7749E-01, 4.8022E+00,-3.3203E-01, 2.5391E+00,-4.9927E-01, 4.7314E+00,-2.9907E-01, 6.2134E+00
"G                                                                                                                     "
  34450.020,  20216.640,-3.7476E-01, 3.7598E+00,-3.3203E-01, 2.5403E+00,-4.9805E-01, 4.7314E+00,-3.0762E-01, 6.2085E+00
"CG                                                                                                                    "
  34522.890,  20289.510, 3.6499E-01, 4.5007E+00,-3.3813E-01, 2.5403E+00,-5.0293E-01, 4.7339E+00,-3.1006E-01, 6.2122E+00
"F2                                                                                                                    "
  34525.200,  20291.820, 5.7983E-01, 4.7205E+00,-3.4302E-01, 2.5403E+00,-5.0171E-01, 4.7327E+00,-3.0518E-01, 6.2158E+00
"B                                                                                                                     "
  34534.710,  20301.330, 4.9072E-01, 4.5874E+00,-3.3325E-01, 2.5403E+00,-4.9561E-01, 4.7339E+00,-3.0396E-01, 6.2146E+00
"C                                                                                                                     "
  34537.290,  20303.910, 5.5176E-01, 4.6802E+00,-3.3691E-01, 2.5403E+00,-5.0293E-01, 4.7339E+00,-3.0640E-01, 6.2146E+00
"CG                                                                                                                    "
  34591.200,  20357.820, 1.6235E-01, 4.6106E+00,-3.3813E-01, 2.5403E+00,-4.9927E-01, 4.7339E+00,-3.0518E-01, 6.2158E+00
"CG                                                                                                                    "
  35151.360,  20917.980, 7.2510E-01, 4.8560E+00,-3.3813E-01, 2.5403E+00,-5.0293E-01, 4.7314E+00,-2.6001E-01, 6.2549E+00
"B                                                                                                                     "
  35156.880,  20923.500, 3.8330E-01, 4.5374E+00,-3.2837E-01, 2.5488E+00,-5.0415E-01, 4.7327E+00,-2.3682E-01, 6.2805E+00
"C                                                                                                                     "
  35184.720,  20951.340, 6.0425E-01, 4.7253E+00,-3.3691E-01, 2.5403E+00,-5.0049E-01, 4.7314E+00,-2.4170E-01, 6.2769E+00
"DG                                                                                                                    "
  35253.600,  21020.220, 1.0181E+00, 5.1221E+00,-3.3203E-01, 2.5415E+00,-4.9683E-01, 4.7327E+00,-2.3315E-01, 6.2830E+00
"C                                                                                                                     "
  35258.430,  21025.050, 8.1665E-01, 4.9390E+00,-3.3691E-01, 2.5415E+00,-5.0171E-01, 4.7327E+00,-2.3560E-01, 6.2854E+00
"CG                                                                                                                    "
  35327.310,  21093.930,-5.5664E-01, 3.5986E+00,-3.3081E-01, 2.5391E+00,-4.9805E-01, 4.7314E+00,-3.0151E-01, 6.2146E+00
"Z                                                                                                                     "
  36000.030,  21766.650,-5.9204E-01, 3.5535E+00,-3.3447E-01, 2.5403E+00,-5.0049E-01, 4.7327E+00,-3.0151E-01, 6.2146E+00
