"NP                                                                                                                    "
    599.310, -71400.680,-4.6387E-01, 3.6902E+00,-2.9785E-01, 2.5842E+00, 3.7598E+00, 8.9709E+00, 1.0193E+00, 7.2058E+00
"P                                                                                                                     "
    606.030, -71393.960,-4.8828E-01, 3.6462E+00,-2.8809E-01, 2.5867E+00, 3.0554E+00, 8.2959E+00,-3.0396E-01, 6.2219E+00
"Z                                                                                                                     "
    643.650, -71356.340,-5.6274E-01, 3.5803E+00,-2.8687E-01, 2.5916E+00, 3.2764E+00, 8.4717E+00, 1.3013E+00, 7.7307E+00
"P                                                                                                                     "
    664.200, -71335.790,-4.5654E-01, 3.6938E+00,-3.0151E-01, 2.5757E+00, 3.3289E+00, 8.5022E+00, 4.3213E-01, 6.9458E+00
"C                                                                                                                     "
    680.580, -71319.410,-5.5786E-01, 3.5815E+00,-3.0640E-01, 2.5745E+00, 3.1006E+00, 8.2898E+00, 4.8462E-01, 7.0679E+00
"B                                                                                                                     "
    682.650, -71317.340,-5.6885E-01, 3.5779E+00,-2.4414E-01, 2.6355E+00, 3.0798E+00, 8.2910E+00, 3.9063E-01, 6.9055E+00
"C                                                                                                                     "
    688.230, -71311.760,-5.7373E-01, 3.5754E+00,-2.7100E-01, 2.6147E+00, 3.7305E+00, 8.9844E+00, 5.9814E-01, 7.1082E+00
"D                                                                                                                     "
    698.550, -71301.440,-5.8350E-01, 3.5718E+00,-2.7710E-01, 2.6074E+00, 3.3569E+00, 8.5962E+00, 7.2510E-01, 7.2534E+00
"P                                                                                                                     "
    751.200, -71248.790,-5.8105E-01, 3.5669E+00, 2.0288E+00, 4.8730E+00, 3.2629E+00, 8.4729E+00, 3.4180E-01, 6.8640E+00
"B2                                                                                                                    "
    755.310, -71244.680,-5.7739E-01, 3.5645E+00, 1.9861E+00, 4.8267E+00, 3.0676E+00, 8.2422E+00, 2.6489E-01, 6.7834E+00
"P                                                                                                                     "
    767.790, -71232.200,-5.8838E-01, 3.5620E+00, 1.8335E+00, 4.6838E+00, 3.1177E+00, 8.3142E+00, 2.4780E-01, 6.7700E+00
"D                                                                                                                     "
    800.100, -71199.890,-4.4922E-01, 3.7036E+00, 2.1191E+00, 4.9036E+00, 2.8662E+00, 8.0725E+00, 6.1157E-01, 7.0703E+00
"B                                                                                                                     "
    801.360, -71198.630,-5.1025E-01, 3.6267E+00, 1.9788E+00, 4.8120E+00, 2.9065E+00, 8.0969E+00, 5.1025E-01, 7.0068E+00
"C                                                                                                                     "
    804.060, -71195.930,-5.5298E-01, 3.5962E+00, 1.9800E+00, 4.8242E+00, 2.9407E+00, 8.1262E+00, 6.3965E-01, 7.1472E+00
"D                                                                                                                     "
    811.380, -71188.610,-5.5664E-01, 3.5864E+00, 2.0276E+00, 4.8621E+00, 2.8821E+00, 8.0823E+00, 6.3721E-01, 7.1533E+00
"C                                                                                                                     "
    840.090, -71159.900,-5.2002E-01, 3.6365E+00, 1.7664E+00, 4.6069E+00, 2.9578E+00, 8.1421E+00, 7.4097E-01, 7.2522E+00
"D                                                                                                                     "
    874.170, -71125.820,-5.8716E-01, 3.5645E+00, 1.8848E+00, 4.7180E+00,-4.9316E-01, 4.7400E+00, 7.2266E-01, 7.2278E+00
"B                                                                                                                     "
    877.050, -71122.940,-3.4058E-01, 3.6853E+00, 1.6406E+00, 4.4849E+00,-4.9927E-01, 4.7351E+00, 7.4219E-01, 7.2522E+00
"D                                                                                                                     "
    975.420, -71024.570,-4.0039E-01, 3.6792E+00, 1.8372E+00, 4.6631E+00,-5.0049E-01, 4.7363E+00, 8.9844E-01, 7.4292E+00
"C                                                                                                                     "
    978.210, -71021.780,-8.6670E-02, 4.1028E+00, 1.7786E+00, 4.5996E+00,-4.9194E-01, 4.7412E+00, 9.2285E-01, 7.4243E+00
"DG                                                                                                                    "
   1020.930, -70979.060,-4.3945E-01, 3.6914E+00, 2.2180E+00, 5.0427E+00,-5.0171E-01, 4.7314E+00, 8.5938E-01, 7.3608E+00
"G                                                                                                                     "
   1082.970, -70917.020,-4.9927E-01, 3.6499E+00, 2.9358E+00, 5.8154E+00,-5.0293E-01, 4.7302E+00, 8.6426E-01, 7.3706E+00
"D                                                                                                                     "
   1092.420, -70907.570,-5.0415E-01, 3.6450E+00, 2.2327E+00, 5.0574E+00,-5.0293E-01, 4.7302E+00, 8.5938E-01, 7.3560E+00
"C                                                                                                                     "
   1151.160, -70848.830,-5.0659E-01, 3.6414E+00, 2.2864E+00, 5.1099E+00,-5.0415E-01, 4.7314E+00, 9.7046E-01, 7.4768E+00
"D                                                                                                                     "
   1154.910, -70845.080,-4.7974E-01, 3.6987E+00, 2.2827E+00, 5.1099E+00,-4.9805E-01, 4.7314E+00, 1.1987E+00, 7.7612E+00
"B                                                                                                                     "
   1158.810, -70841.180,-4.2114E-01, 3.7366E+00, 2.2803E+00, 5.1099E+00,-5.0171E-01, 4.7302E+00, 1.3831E+00, 7.8760E+00
"D                                                                                                                     "
   1187.580, -70812.410, 1.3220E+00, 5.4468E+00, 2.0520E+00, 4.9683E+00,-5.0171E-01, 4.7314E+00, 1.2585E+00, 7.7502E+00
"DG                                                                                                                    "
   1227.420, -70772.570, 1.6284E+00, 5.7373E+00, 2.2583E+00, 5.0854E+00,-4.9927E-01, 4.7327E+00, 1.1597E+00, 7.6660E+00
"D                                                                                                                     "
   1256.220, -70743.770, 2.3706E+00, 6.4624E+00, 1.7078E+00, 4.5325E+00,-4.9927E-01, 4.7327E+00, 1.2903E+00, 7.7856E+00
"B                                                                                                                     "
   1258.260, -70741.730, 1.7224E+00, 5.8337E+00, 2.0300E+00, 4.8633E+00,-4.9805E-01, 4.7339E+00, 1.0681E+00, 7.5732E+00
"DG                                                                                                                    "
   1270.260, -70729.730, 2.2461E+00, 6.2549E+00, 2.7722E+00, 5.6018E+00,-4.9927E-01, 4.7339E+00, 1.2415E+00, 7.7490E+00
"D                                                                                                                     "
   1387.830, -70612.160, 2.3389E+00, 6.4331E+00, 2.3425E+00, 5.1660E+00,-4.9561E-01, 4.7363E+00, 1.3916E+00, 7.8845E+00
"B                                                                                                                     "
   1389.270, -70610.720, 2.7686E+00, 6.8652E+00, 2.3584E+00, 5.1819E+00,-4.9683E-01, 4.7363E+00, 1.6345E+00, 8.1140E+00
"D                                                                                                                     "
   1415.760, -70584.230, 2.3572E+00, 6.4575E+00, 2.4377E+00, 5.2649E+00,-4.9927E-01, 4.7351E+00, 1.3257E+00, 7.8198E+00
"B                                                                                                                     "
   1419.990, -70580.000, 2.6270E+00, 6.7017E+00, 2.4768E+00, 5.3015E+00,-4.9927E-01, 4.7351E+00, 1.1572E+00, 7.6587E+00
"C                                                                                                                     "
   1420.770, -70579.220, 2.5562E+00, 6.7078E+00, 2.4841E+00, 5.3064E+00,-4.9683E-01, 4.7351E+00, 1.4661E+00, 7.8662E+00
"D                                                                                                                     "
   1423.590, -70576.400, 2.3169E+00, 6.4099E+00, 2.5012E+00, 5.3247E+00,-4.9805E-01, 4.7363E+00, 1.4954E+00, 8.0200E+00
"B                                                                                                                     "
   1426.080, -70573.910, 2.2888E+00, 6.3940E+00, 2.5122E+00, 5.3406E+00,-4.9683E-01, 4.7351E+00, 1.1194E+00, 7.5879E+00
"C                                                                                                                     "
   1427.550, -70572.440, 2.3401E+00, 6.4343E+00, 2.5330E+00, 5.3528E+00,-4.9927E-01, 4.7363E+00, 1.0303E+00, 7.5488E+00
"P                                                                                                                     "
   1428.720, -70571.270, 2.3584E+00, 6.4465E+00, 2.5427E+00, 5.3601E+00,-4.9683E-01, 4.7363E+00,-2.8442E-01, 6.2415E+00
"Z                                                                                                                     "
   1465.770, -70534.220, 2.3462E+00, 6.4453E+00, 2.2449E+00, 5.0745E+00,-4.9683E-01, 4.7363E+00, 3.6621E-02, 6.5161E+00
"P                                                                                                                     "
   1505.850, -70494.140, 2.8174E+00, 6.8872E+00, 2.4194E+00, 5.2454E+00,-4.9805E-01, 4.7351E+00,-2.9175E-01, 6.2463E+00
"Z                                                                                                                     "
   1561.440, -70438.550, 2.3267E+00, 6.4343E+00, 2.4414E+00, 5.3979E+00,-4.9683E-01, 4.7363E+00, 9.1675E-01, 7.0276E+00
"P                                                                                                                     "
   1711.260, -70288.730, 2.5500E+00, 6.6528E+00, 1.7493E+00, 4.5862E+00,-4.9927E-01, 4.7339E+00, 1.4771E-01, 6.6724E+00
"Z                                                                                                                     "
   1726.770, -70273.220, 2.4451E+00, 6.5417E+00, 1.7590E+00, 4.5886E+00,-4.9805E-01, 4.7339E+00, 1.4136E+00, 7.8943E+00
"P                                                                                                                     "
   1787.550, -70212.440,-3.7720E-01, 3.7598E+00, 1.7249E+00, 4.5557E+00,-4.9683E-01, 4.7339E+00, 5.0781E-01, 6.9995E+00
"B2                                                                                                                    "
   1790.850, -70209.140,-5.5176E-01, 3.5864E+00, 1.7334E+00, 4.5715E+00,-4.9683E-01, 4.7339E+00, 4.7607E-01, 6.9788E+00
"P                                                                                                                     "
   1814.370, -70185.620,-5.8350E-01, 3.5681E+00, 1.7627E+00, 4.6069E+00,-4.9927E-01, 4.7327E+00, 4.7119E-01, 6.9897E+00
"B2                                                                                                                    "
   1821.120, -70178.870,-5.7861E-01, 3.5657E+00, 1.7163E+00, 4.5520E+00,-4.9805E-01, 4.7339E+00, 5.7861E-01, 7.0837E+00
"P                                                                                                                     "
   1852.200, -70147.790,-5.8350E-01, 3.5669E+00,-3.1738E-01, 2.5671E+00,-4.9805E-01, 4.7339E+00, 6.6895E-01, 7.1716E+00
"B2                                                                                                                    "
   1858.140, -70141.850,-5.7373E-01, 3.5706E+00,-2.8809E-01, 2.5940E+00,-4.9438E-01, 4.7339E+00, 7.5806E-01, 7.2510E+00
"P                                                                                                                     "
   1888.170, -70111.820,-5.7373E-01, 3.5669E+00,-2.9541E-01, 2.5757E+00,-4.9316E-01, 4.7339E+00, 5.4077E-01, 7.0447E+00
"B2                                                                                                                    "
   1896.900, -70103.090,-5.7861E-01, 3.5657E+00,-3.0884E-01, 2.5684E+00,-4.9683E-01, 4.7339E+00, 6.6650E-01, 7.1680E+00
"P                                                                                                                     "
   1960.710, -70039.280,-5.8716E-01, 3.5645E+00,-3.0518E-01, 2.5745E+00,-5.0049E-01, 4.7339E+00, 7.2388E-01, 7.2375E+00
"B2                                                                                                                    "
   1966.620, -70033.370,-5.7983E-01, 3.5645E+00,-2.1362E-01, 2.6123E+00,-4.9805E-01, 4.7351E+00, 6.8848E-01, 7.1997E+00
"P                                                                                                                     "
   2009.760, -69990.230,-5.7251E-01, 3.5657E+00,-3.1372E-01, 2.5635E+00,-4.9438E-01, 4.7339E+00,-2.7710E-01, 6.3025E+00
"Z                                                                                                                     "
   2019.420, -69980.570,-5.8716E-01, 3.5657E+00,-3.1006E-01, 2.5732E+00,-4.9927E-01, 4.7351E+00, 1.3696E+00, 7.8491E+00
"P                                                                                                                     "
   2064.360, -69935.630,-5.7617E-01, 3.5657E+00, 1.5332E+00, 4.3689E+00,-4.9805E-01, 4.7351E+00, 2.3193E-01, 6.7444E+00
"B2                                                                                                                    "
   2066.490, -69933.500,-4.0649E-01, 3.6646E+00, 1.5662E+00, 4.4019E+00,-5.0049E-01, 4.7339E+00, 2.3560E-01, 6.7542E+00
"P                                                                                                                     "
   2077.860, -69922.130,-5.0781E-01, 3.6169E+00,-3.0640E-01, 2.5720E+00,-4.9561E-01, 4.7351E+00, 4.3091E-01, 6.9568E+00
"C                                                                                                                     "
   2082.090, -69917.900, 5.2612E-01, 4.6741E+00,-3.0151E-01, 2.5793E+00,-4.9561E-01, 4.7351E+00, 5.7983E-01, 7.0813E+00
"D                                                                                                                     "
   2223.030, -69776.960,-2.3193E-01, 3.8977E+00,-3.1128E-01, 2.5659E+00,-4.9438E-01, 4.7375E+00, 7.4341E-01, 7.2546E+00
"F2                                                                                                                    "
   2226.510, -69773.480,-2.4048E-01, 3.8953E+00,-3.1494E-01, 2.5659E+00,-4.9438E-01, 4.7375E+00, 6.2012E-01, 7.1375E+00
"B                                                                                                                     "
   2228.130, -69771.860,-2.4658E-01, 3.8892E+00,-3.1860E-01, 2.5659E+00,-4.9438E-01, 4.7375E+00, 7.7026E-01, 7.2729E+00
"C                                                                                                                     "
   2232.960, -69767.030,-2.5269E-01, 3.8818E+00,-3.1494E-01, 2.5659E+00,-4.9561E-01, 4.7375E+00, 9.7900E-01, 7.4841E+00
"D                                                                                                                     "
   2280.360, -69719.630,-3.1982E-01, 3.8220E+00,-3.1616E-01, 2.5659E+00,-4.9805E-01, 4.7375E+00, 7.6782E-01, 7.2986E+00
"P                                                                                                                     "
   2286.480, -69713.510,-3.2837E-01, 3.8074E+00,-3.1006E-01, 2.5659E+00,-4.9438E-01, 4.7375E+00, 7.1289E-01, 7.2913E+00
"Z                                                                                                                     "
   2288.910, -69711.080,-3.1372E-01, 3.8208E+00,-3.0640E-01, 2.5659E+00,-4.9194E-01, 4.7375E+00, 1.1963E-01, 6.6235E+00
"P                                                                                                                     "
   2297.790, -69702.200,-2.5757E-01, 3.8379E+00,-3.1616E-01, 2.5659E+00,-4.9438E-01, 4.7375E+00,-3.1006E-01, 6.2146E+00
"Z                                                                                                                     "
   2338.950, -69661.040,-5.7617E-01, 3.5779E+00,-3.1738E-01, 2.5671E+00,-4.9316E-01, 4.7388E+00, 1.7090E-02, 6.5076E+00
"P                                                                                                                  "
   2426.820, -69573.170,-5.6519E-01, 3.5876E+00,-3.0884E-01, 2.5696E+00,-4.9316E-01, 4.7388E+00,-1.2329E-01, 6.5674E+00
"Z                                                                                                                     "
   2445.420, -69554.570,-5.6396E-01, 3.5901E+00,-3.1372E-01, 2.5684E+00,-4.9561E-01, 4.7375E+00,-8.7891E-02, 6.3843E+00
"P                                                                                                                     "
   2592.300, -69407.690,-5.8472E-01, 3.5681E+00,-3.1860E-01, 2.5623E+00,-4.9805E-01, 4.7363E+00,-1.9775E-01, 6.3281E+00
"Z                                                                                                                     "
   3185.610, -68814.380,-5.8228E-01, 3.5657E+00,-3.2471E-01, 2.5623E+00,-4.9683E-01, 4.7388E+00,-2.7588E-01, 6.2317E+00
"P                                                                                                                     "
   3209.730, -68790.260,-5.8350E-01, 3.5657E+00,-3.1738E-01, 2.5635E+00,-4.9072E-01, 4.7400E+00, 5.0415E-01, 7.0227E+00
"B2                                                                                                                    "
   3212.490, -68787.500,-5.8472E-01, 3.5657E+00,-3.1128E-01, 2.5623E+00,-4.9316E-01, 4.7388E+00, 5.8716E-01, 7.1106E+00
"P                                                                                                                     "
   3239.910, -68760.080,-5.7495E-01, 3.5645E+00,-3.1372E-01, 2.5623E+00,-4.9316E-01, 4.7388E+00,-3.4180E-02, 6.6260E+00
"Z                                                                                                                     "
   3389.880, -68610.110,-5.5786E-01, 3.5815E+00,-3.1128E-01, 2.5671E+00,-4.9194E-01, 4.7412E+00, 1.3757E+00, 7.8467E+00
"P                                                                                                                     "
   3403.470, -68596.520,-5.5664E-01, 3.5901E+00,-3.1494E-01, 2.5696E+00,-4.9072E-01, 4.7400E+00, 4.6509E-01, 6.9824E+00
"C                                                                                                                     "
   3407.550, -68592.440,-5.5542E-01, 3.5864E+00,-3.1128E-01, 2.5671E+00,-4.9316E-01, 4.7400E+00, 6.2012E-01, 7.1228E+00
"D                                                                                                                     "
   3463.950, -68536.040,-5.6519E-01, 3.5840E+00,-3.1494E-01, 2.5659E+00,-4.9316E-01, 4.7400E+00, 8.4595E-01, 7.3584E+00
"F2                                                                                                                    "
   3466.290, -68533.700,-5.6763E-01, 3.5791E+00,-3.1616E-01, 2.5659E+00,-4.9316E-01, 4.7400E+00, 7.5195E-01, 7.2595E+00
"B                                                                                                                     "
   3468.330, -68531.660,-5.5420E-01, 3.5828E+00,-3.0884E-01, 2.5671E+00,-4.8950E-01, 4.7400E+00, 8.0200E-01, 7.2925E+00
"C                                                                                                                     "
   3472.500, -68527.490,-5.5664E-01, 3.5779E+00,-3.1006E-01, 2.5671E+00,-4.9316E-01, 4.7400E+00, 1.0242E+00, 7.5208E+00
"D                                                                                                                     "
   3720.840, -68279.150,-5.7739E-01, 3.5681E+00,-3.1738E-01, 2.5623E+00,-4.9561E-01, 4.7375E+00, 1.2573E+00, 7.7417E+00
"F2                                                                                                                    "
   3723.600, -68276.390,-5.7983E-01, 3.5657E+00,-3.1494E-01, 2.5623E+00,-4.9561E-01, 4.7363E+00, 1.0535E+00, 7.5757E+00
"B                                                                                                                     "
   3726.270, -68273.720,-5.6396E-01, 3.5669E+00,-3.1738E-01, 2.5623E+00,-4.9316E-01, 4.7363E+00, 1.1389E+00, 7.6245E+00
"C                                                                                                                     "
   3728.430, -68271.560,-5.8716E-01, 3.5645E+00,-3.1738E-01, 2.5623E+00,-4.9438E-01, 4.7375E+00, 1.3452E+00, 7.8467E+00
"DG                                                                                                                    "
   3892.410, -68107.580,-5.6885E-01, 3.5681E+00,-3.1250E-01, 2.5647E+00,-4.9438E-01, 4.7375E+00, 1.1609E+00, 7.6794E+00
"F2                                                                                                                    "
   3894.390, -68105.600,-5.8594E-01, 3.5657E+00,-3.1128E-01, 2.5647E+00,-4.9316E-01, 4.7363E+00, 1.1389E+00, 7.6379E+00
"B                                                                                                                     "
   3896.850, -68103.140,-5.8228E-01, 3.5645E+00,-3.1250E-01, 2.5647E+00,-4.9438E-01, 4.7363E+00, 1.4307E+00, 7.9199E+00
"DG                                                                                                                    "
   4053.300, -67946.690,-5.7251E-01, 3.5681E+00,-3.1860E-01, 2.5635E+00,-4.9316E-01, 4.7375E+00, 1.0925E+00, 7.6062E+00
"F2                                                                                                                    "
   4055.760, -67944.230,-5.7739E-01, 3.5669E+00,-3.1616E-01, 2.5635E+00,-4.9561E-01, 4.7375E+00, 1.2195E+00, 7.7368E+00
"DG                                                                                                                    "
   4383.930, -67616.060,-5.7495E-01, 3.5657E+00,-3.1494E-01, 2.5635E+00,-4.9194E-01, 4.7412E+00, 1.2610E+00, 7.7673E+00
"F2                                                                                                                    "
   4385.640, -67614.350,-5.7617E-01, 3.5657E+00,-3.1738E-01, 2.5647E+00,-4.9072E-01, 4.7412E+00, 1.1987E+00, 7.7148E+00
"B                                                                                                                     "
   4388.910, -67611.080,-5.7373E-01, 3.5657E+00,-3.1616E-01, 2.5635E+00,-4.9194E-01, 4.7412E+00, 1.2866E+00, 7.7869E+00
"DG                                                                                                                    "
   4772.850, -67227.140,-5.7739E-01, 3.5657E+00,-3.0273E-01, 2.5732E+00,-4.9072E-01, 4.7400E+00, 1.2378E+00, 7.7380E+00
"P                                                                                                                     "
   5369.190, -66630.800,-5.7373E-01, 3.5645E+00,-3.1738E-01, 2.5623E+00,-4.9194E-01, 4.7400E+00, 8.7280E-01, 7.3816E+00
"B2                                                                                                                    "
   5374.560, -66625.430,-5.7251E-01, 3.5657E+00,-3.1250E-01, 2.5623E+00,-4.9194E-01, 4.7412E+00, 8.5571E-01, 7.3486E+00
"P                                                                                                                     "
   5417.250, -66582.740,-5.7739E-01, 3.5645E+00,-3.1982E-01, 2.5623E+00,-4.9194E-01, 4.7400E+00, 8.4839E-01, 7.3547E+00
"G                                                                                                                     "
   6368.520,    455.490,-5.7495E-01, 3.5730E+00,-3.1860E-01, 2.5610E+00,-4.8828E-01, 4.7437E+00, 7.5439E-01, 7.6038E+00
"Z                                                                                                                     "
   6769.680,    856.650,-5.7129E-01, 3.5669E+00,-3.1128E-01, 2.5623E+00, 1.9592E+00, 7.1606E+00, 1.5869E-02, 6.2573E+00
"P                                                                                                                     "
   6793.440,    880.410,-5.6763E-01, 3.5706E+00,-3.1250E-01, 2.5623E+00, 1.8591E+00, 7.0593E+00, 6.1279E-01, 7.1252E+00
"G                                                                                                                     "
   6806.520,    893.490,-5.7251E-01, 3.5669E+00,-3.1616E-01, 2.5623E+00, 1.8445E+00, 7.0569E+00, 8.4595E-01, 7.3352E+00
"P                                                                                                                     "
   6819.060,    906.030,-5.5176E-01, 3.5974E+00,-3.1372E-01, 2.5623E+00, 1.8518E+00, 7.1008E+00, 6.7139E-01, 7.1704E+00
"G                                                                                                                     "
   7526.610,   1613.580,-5.2612E-01, 3.6121E+00,-3.1250E-01, 2.5610E+00, 1.6504E+00, 6.8567E+00,-2.1240E-01, 6.4844E+00
"Z                                                                                                                     "
   7589.850,   1676.820, 8.2764E-01, 4.5532E+00,-3.1860E-01, 2.5623E+00, 1.5222E+00, 6.7590E+00, 7.5562E-01, 6.6846E+00
"P                                                                                                                     "
   7604.040,   1691.010, 1.7822E+00, 5.8875E+00,-3.2349E-01, 2.5610E+00, 1.5527E+00, 6.7712E+00, 5.6274E-01, 7.0752E+00
"B2                                                                                                                    "
   7606.710,   1693.680, 1.5942E+00, 5.7141E+00,-3.1860E-01, 2.5610E+00, 1.6772E+00, 6.9299E+00, 6.4209E-01, 7.1411E+00
"P                                                                                                                     "
   7638.900,   1725.870, 4.5166E-01, 4.5874E+00,-3.1616E-01, 2.5623E+00, 1.5955E+00, 6.8018E+00, 6.3477E-01, 7.1265E+00
"B2                                                                                                                    "
   7643.520,   1730.490, 1.8909E+00, 5.9717E+00,-3.1738E-01, 2.5610E+00, 1.5442E+00, 6.7896E+00, 5.8716E-01, 7.0923E+00
"P                                                                                                                     "
   7665.420,   1752.390, 1.5674E+00, 5.5786E+00,-3.1250E-01, 2.5610E+00, 1.5979E+00, 6.7969E+00, 6.8604E-01, 7.1948E+00
"Z                                                                                                                     "
   7671.390,   1758.360, 7.1167E-01, 4.7986E+00,-3.1860E-01, 2.5610E+00, 1.5344E+00, 6.7590E+00,-2.6367E-01, 6.2512E+00
"P                                                                                                                     "
   7683.930,   1770.900, 6.5308E-01, 4.7888E+00,-3.1616E-01, 2.5610E+00, 1.6785E+00, 6.8787E+00, 8.7280E-01, 7.3401E+00
"C                                                                                                                     "
   7686.360,   1773.330, 7.1899E-01, 4.8694E+00,-3.1738E-01, 2.5610E+00, 2.1143E+00, 7.3120E+00, 5.9326E-01, 7.0935E+00
"B                                                                                                                     "
   7691.850,   1778.820, 5.6885E-01, 4.6887E+00,-3.1738E-01, 2.5610E+00, 1.5967E+00, 6.8005E+00, 7.2998E-01, 7.2461E+00
"C                                                                                                                     "
   7694.610,   1781.580, 4.3579E-01, 4.5618E+00,-3.1128E-01, 2.5610E+00, 1.6309E+00, 6.8640E+00, 7.1533E-01, 7.2253E+00
"P                                                                                                                     "
   7697.040,   1784.010, 5.0049E-01, 4.6045E+00,-3.1372E-01, 2.5610E+00, 1.5015E+00, 6.7114E+00, 6.8237E-01, 7.1912E+00
"B2                                                                                                                    "
   7702.650,   1789.620, 1.1841E+00, 5.4004E+00,-3.1738E-01, 2.5610E+00, 1.5979E+00, 6.8201E+00, 6.9824E-01, 7.2131E+00
"P                                                                                                                     "
   7717.920,   1804.890, 1.0229E+00, 5.2405E+00,-3.1128E-01, 2.5610E+00, 2.1069E+00, 7.3083E+00, 7.3364E-01, 7.2156E+00
"C                                                                                                                     "
   7725.210,   1812.180, 1.8811E+00, 5.9741E+00,-3.1372E-01, 2.5610E+00, 1.9153E+00, 7.1997E+00, 7.8369E-01, 7.2852E+00
"D                                                                                                                     "
   7805.280,   1892.250, 1.5369E+00, 5.6482E+00,-2.9785E-01, 2.5793E+00, 1.5881E+00, 6.8250E+00, 9.2163E-01, 7.3181E+00
"F1                                                                                                                    "
   7806.180,   1893.150, 2.0874E+00, 6.1865E+00,-2.9541E-01, 2.5793E+00, 1.5710E+00, 6.7834E+00, 8.0444E-01, 7.2961E+00
"F2                                                                                                                    "
   7809.450,   1896.420, 1.9165E+00, 5.9814E+00,-2.9907E-01, 2.5781E+00, 2.2192E+00, 7.3511E+00, 8.7646E-01, 7.2705E+00
"F3                                                                                                                    "
   7810.710,   1897.680, 1.4905E+00, 5.5884E+00,-2.9175E-01, 2.5793E+00, 1.5552E+00, 6.7566E+00, 1.0449E+00, 7.5073E+00
"F4                                                                                                                    "
   7813.740,   1900.710, 2.1753E+00, 6.2671E+00,-2.9541E-01, 2.5793E+00, 1.5540E+00, 6.7639E+00, 6.9580E-01, 7.2229E+00
"B                                                                                                                     "
   7824.450,   1911.420, 1.1780E+00, 5.3198E+00,-2.9419E-01, 2.5818E+00, 1.6968E+00, 6.9055E+00, 6.6650E-01, 7.1545E+00
"C                                                                                                                     "
   7830.360,   1917.330, 1.5479E+00, 5.6531E+00,-2.9541E-01, 2.5818E+00, 1.7285E+00, 6.9421E+00, 9.5459E-01, 7.4609E+00
"D                                                                                                                     "
   7833.810,   1920.780, 1.9458E+00, 6.0181E+00,-2.9175E-01, 2.5818E+00, 1.6687E+00, 6.8762E+00, 7.6538E-01, 7.3291E+00
"C                                                                                                                     "
   7845.720,   1932.690, 1.5698E+00, 5.6714E+00,-2.9053E-01, 2.5854E+00, 1.6235E+00, 6.8274E+00, 1.0498E+00, 7.5525E+00
"D                                                                                                                     "
   8024.430,   2111.400,-5.7251E-01, 3.5681E+00,-2.9663E-01, 2.5745E+00, 1.5833E+00, 6.7896E+00, 9.1675E-01, 7.4390E+00
"F2                                                                                                                    "
   8027.760,   2114.730,-5.7861E-01, 3.5681E+00,-3.0273E-01, 2.5745E+00, 1.5161E+00, 6.7603E+00, 8.0322E-01, 7.3254E+00
"B                                                                                                                     "
   8030.970,   2117.940,-5.7739E-01, 3.5669E+00,-2.9785E-01, 2.5745E+00, 2.3645E+00, 7.5476E+00, 9.5459E-01, 7.4512E+00
"D                                                                                                                     "
   8100.090,   2187.060,-5.7373E-01, 3.5693E+00,-3.0029E-01, 2.5732E+00, 1.4917E+00, 6.6895E+00, 1.1462E+00, 7.6526E+00
"C                                                                                                                     "
   8107.410,   2194.380,-5.7129E-01, 3.5681E+00,-2.9907E-01, 2.5732E+00, 1.5710E+00, 6.7773E+00, 1.1523E+00, 7.6514E+00
"D                                                                                                                     "
   8163.360,   2250.330,-2.9175E-01, 3.8416E+00,-2.9297E-01, 2.5769E+00, 1.4917E+00, 6.7078E+00, 1.0510E+00, 7.5537E+00
"C                                                                                                                     "
   8167.560,   2254.530,-2.4292E-01, 3.8867E+00,-2.9907E-01, 2.5781E+00, 1.4868E+00, 6.6931E+00, 1.2476E+00, 7.7429E+00
"D                                                                                                                     "
   8330.400,   2417.370,-5.7495E-01, 3.5693E+00,-3.1372E-01, 2.5635E+00, 1.6345E+00, 6.9519E+00, 1.2244E+00, 7.7271E+00
"C                                                                                                                     "
   8332.920,   2419.890,-5.7373E-01, 3.5693E+00,-3.0762E-01, 2.5647E+00, 1.4783E+00, 6.6748E+00, 1.2488E+00, 7.7405E+00
"D                                                                                                                     "
   8420.970,   2507.940,-5.7983E-01, 3.5681E+00,-3.1372E-01, 2.5647E+00, 1.4661E+00, 6.6736E+00, 1.1804E+00, 7.6758E+00
"B                                                                                                                     "
   8427.390,   2514.360,-5.8594E-01, 3.5681E+00,-3.1494E-01, 2.5635E+00, 1.3940E+00, 6.6309E+00, 9.8389E-01, 7.4829E+00
"C                                                                                                                     "
   8429.130,   2516.100,-5.7373E-01, 3.5693E+00,-3.1250E-01, 2.5635E+00, 1.5247E+00, 6.7334E+00, 1.3757E+00, 7.8235E+00
"B                                                                                                                     "
   8430.630,   2517.600,-5.7373E-01, 3.5681E+00,-3.1250E-01, 2.5635E+00, 1.4807E+00, 6.6882E+00, 1.1890E+00, 7.6599E+00
"D                                                                                                                     "
   8452.980,   2539.950,-5.7739E-01, 3.5681E+00,-3.1616E-01, 2.5635E+00, 1.4221E+00, 6.6455E+00, 1.1035E+00, 7.6270E+00
"C                                                                                                                     "
   8455.170,   2542.140,-5.6885E-01, 3.5681E+00,-3.1006E-01, 2.5635E+00, 1.3135E+00, 6.5222E+00, 1.1755E+00, 7.6709E+00
"DG                                                                                                                    "
   8749.770,   2836.740,-5.7495E-01, 3.5693E+00,-3.0884E-01, 2.5635E+00, 1.4063E+00, 6.6199E+00, 1.1316E+00, 7.6233E+00
"G                                                                                                                     "
  15031.530,   9118.500,-5.7373E-01, 3.5645E+00,-3.0518E-01, 2.5610E+00, 9.0332E-02, 5.3125E+00,-2.8442E-01, 6.2830E+00
"Z                                                                                                                     "
  23321.880,  17408.850,-5.3711E-01, 3.6096E+00,-3.2104E-01, 2.5500E+00, 1.1548E+00, 6.3757E+00,-1.3550E-01, 6.2549E+00
"G                                                                                                                     "
  23950.950,  18037.920,-5.2856E-01, 3.6133E+00,-3.1982E-01, 2.5500E+00, 1.1426E+00, 6.3635E+00,-2.9907E-01, 6.2488E+00
"Z                                                                                                                     "
  31865.220,  25952.190,-5.9204E-01, 3.5559E+00,-3.2471E-01, 2.5549E+00,-3.3569E-01, 4.8962E+00, 1.0938E+00, 7.2205E+00
"P                                                                                                                     "
  31881.060,  25968.030,-5.8838E-01, 3.5559E+00,-3.1982E-01, 2.5549E+00,-3.2715E-01, 4.8999E+00, 6.6895E-01, 7.1631E+00
"B2                                                                                                                    "
  31883.430,  25970.400,-5.8228E-01, 3.5571E+00,-3.1982E-01, 2.5549E+00,-3.2837E-01, 4.8987E+00, 6.5552E-01, 7.1582E+00
"P                                                                                                                     "
  31920.120,  26007.090,-5.8838E-01, 3.5547E+00,-3.2227E-01, 2.5549E+00,-3.3691E-01, 4.8926E+00, 5.9570E-01, 7.1082E+00
"B2                                                                                                                    "
  31922.550,  26009.520,-5.9326E-01, 3.5547E+00,-3.2104E-01, 2.5549E+00,-3.4302E-01, 4.8901E+00, 5.3711E-01, 7.0435E+00
"P                                                                                                                     "
  31936.350,  26023.320,-5.8228E-01, 3.5559E+00,-3.2104E-01, 2.5537E+00,-3.3813E-01, 4.8914E+00, 4.8462E-01, 6.9922E+00
"C                                                                                                                     "
  31976.970,  26063.940,-5.9082E-01, 3.5559E+00,-3.2349E-01, 2.5537E+00, 1.5991E+00, 6.8188E+00, 6.7139E-01, 7.1765E+00
"F2                                                                                                                    "
  31979.520,  26066.490,-5.8960E-01, 3.5559E+00,-3.2349E-01, 2.5537E+00,-3.3813E-01, 4.8987E+00, 5.7861E-01, 7.0691E+00
"B                                                                                                                     "
  31989.240,  26076.210,-5.9326E-01, 3.5559E+00,-3.2227E-01, 2.5549E+00,-3.4180E-01, 4.8914E+00, 5.6519E-01, 7.0667E+00
"C                                                                                                                     "
  31994.100,  26081.070,-5.9448E-01, 3.5559E+00,-3.0884E-01, 2.5708E+00,-3.3691E-01, 4.8901E+00, 7.2510E-01, 7.2290E+00
"D                                                                                                                     "
  32022.690,  26109.660,-5.8838E-01, 3.5571E+00,-3.1738E-01, 2.5598E+00,-3.3447E-01, 4.8962E+00, 8.4351E-01, 7.3523E+00
"B                                                                                                                     "
  32025.030,  26112.000,-5.8716E-01, 3.5571E+00,-3.1372E-01, 2.5610E+00,-3.3691E-01, 4.8938E+00, 8.3374E-01, 7.3438E+00
"F2                                                                                                                    "
  32027.430,  26114.400,-5.9204E-01, 3.5559E+00,-3.1738E-01, 2.5598E+00,-3.3569E-01, 4.8950E+00, 7.4097E-01, 7.2473E+00
"B                                                                                                                     "
  32030.130,  26117.100,-5.8105E-01, 3.5571E+00,-3.1006E-01, 2.5586E+00,-3.2104E-01, 4.9048E+00, 8.0688E-01, 7.2986E+00
"C                                                                                                                     "
  32033.370,  26120.340,-5.8105E-01, 3.5571E+00,-3.1250E-01, 2.5586E+00,-3.2104E-01, 4.9048E+00, 8.6304E-01, 7.3682E+00
"D                                                                                                                     "
  32119.740,  26206.710,-5.7983E-01, 3.5583E+00,-3.1372E-01, 2.5562E+00,-3.1738E-01, 4.9084E+00, 1.0828E+00, 7.5793E+00
"F2                                                                                                                    "
  32122.530,  26209.500,-5.9326E-01, 3.5583E+00,-3.2227E-01, 2.5574E+00, 1.5869E+00, 6.8042E+00, 9.1675E-01, 7.4097E+00
"B                                                                                                                     "
  32126.760,  26213.730,-5.8350E-01, 3.5583E+00,-3.1860E-01, 2.5574E+00,-3.2227E-01, 4.9097E+00, 1.7078E+00, 8.0408E+00
"C                                                                                                                     "
  32132.850,  26219.820,-5.7617E-01, 3.5596E+00,-3.1494E-01, 2.5574E+00,-3.1616E-01, 4.9097E+00, 1.1841E+00, 7.6807E+00
"D                                                                                                                     "
  32183.040,  26270.010,-5.9204E-01, 3.5583E+00,-3.1494E-01, 2.5598E+00, 1.6772E+00, 6.8970E+00, 9.3872E-01, 7.4658E+00
"F2                                                                                                                    "
  32185.170,  26272.140,-5.8350E-01, 3.5596E+00,-3.1250E-01, 2.5598E+00, 1.1963E-01, 5.7849E+00, 9.3872E-01, 7.4524E+00
"F3                                                                                                                    "
  32186.160,  26273.130,-5.8228E-01, 3.5596E+00,-3.1860E-01, 2.5598E+00,-3.0884E-01, 4.9255E+00, 1.0901E+00, 7.6233E+00
"F4                                                                                                                    "
  32192.460,  26279.430,-5.8472E-01, 3.5596E+00,-3.1616E-01, 2.5598E+00, 1.5137E+00, 6.7432E+00, 1.0864E+00, 7.5806E+00
"F2                                                                                                                    "
  32197.170,  26284.140,-5.8350E-01, 3.5608E+00,-3.1250E-01, 2.5598E+00,-3.0884E-01, 4.9158E+00, 7.9468E-01, 7.3108E+00
"B                                                                                                                     "
  32202.570,  26289.540,-5.7739E-01, 3.5608E+00,-3.1860E-01, 2.5598E+00,-3.1372E-01, 4.9146E+00, 9.6313E-01, 7.4573E+00
"C                                                                                                                     "
  32213.010,  26299.980,-5.8594E-01, 3.5596E+00,-3.1738E-01, 2.5598E+00,-3.1738E-01, 4.9170E+00, 1.1633E+00, 7.6648E+00
"DG                                                                                                                    "
  32323.650,  26410.620,-5.9204E-01, 3.5596E+00,-3.1738E-01, 2.5598E+00, 1.6125E+00, 6.8250E+00, 1.1975E+00, 7.7295E+00
"F2                                                                                                                    "
  32325.600,  26412.570,-5.8838E-01, 3.5596E+00,-3.2227E-01, 2.5598E+00, 1.6077E+00, 6.8237E+00, 1.0034E+00, 7.4951E+00
"B                                                                                                                     "
  32330.490,  26417.460,-5.8716E-01, 3.5596E+00,-3.1982E-01, 2.5586E+00, 1.5979E+00, 6.8164E+00, 1.0327E+00, 7.5452E+00
"DG                                                                                                                    "
  32547.960,  26634.930,-5.7739E-01, 3.5583E+00,-3.1860E-01, 2.5586E+00, 1.4734E+00, 6.6785E+00, 1.3696E+00, 7.8369E+00
"F2                                                                                                                    "
  32550.090,  26637.060,-5.8105E-01, 3.5583E+00,-3.1494E-01, 2.5586E+00, 1.4758E+00, 6.6833E+00, 1.3025E+00, 7.7979E+00
"B                                                                                                                     "
  32552.910,  26639.880,-5.8716E-01, 3.5583E+00,-3.1860E-01, 2.5586E+00, 1.4612E+00, 6.6797E+00, 1.3196E+00, 7.8210E+00
"C                                                                                                                     "
  32554.290,  26641.260,-5.8838E-01, 3.5571E+00,-3.1982E-01, 2.5586E+00, 1.4648E+00, 6.6858E+00, 1.3538E+00, 7.8577E+00
"DG                                                                                                                    "
  32768.010,  26854.980,-5.8594E-01, 3.5571E+00,-3.1982E-01, 2.5549E+00, 1.3831E+00, 6.5979E+00, 1.4111E+00, 7.9089E+00
"G                                                                                                                     "
  34376.220,  28463.190,-5.6274E-01, 3.5938E+00,-3.2471E-01, 2.5549E+00,-3.6255E-01, 4.8706E+00, 1.1218E+00, 7.6221E+00
"DG                                                                                                                    "
  34452.330,  28539.300,-5.8594E-01, 3.5645E+00,-3.1738E-01, 2.5562E+00, 1.1084E+00, 6.3269E+00, 1.2524E+00, 7.7539E+00
"F2                                                                                                                    "
  34453.770,  28540.740,-5.8472E-01, 3.5620E+00,-3.1738E-01, 2.5549E+00, 1.1194E+00, 6.3342E+00, 1.3245E+00, 7.8040E+00
"B                                                                                                                     "
  34454.850,  28541.820,-5.7861E-01, 3.5632E+00,-3.1982E-01, 2.5562E+00, 1.1194E+00, 6.3306E+00, 1.3159E+00, 7.8210E+00
"DG                                                                                                                    "
  34498.530,  28585.500, 1.1719E-01, 4.2590E+00,-3.2227E-01, 2.5562E+00,-3.6133E-01, 4.8706E+00, 1.2952E+00, 7.7942E+00
"CG                                                                                                                    "
  34531.950,  28618.920, 4.4800E-01, 4.6948E+00,-3.2104E-01, 2.5574E+00,-2.6978E-01, 4.9561E+00, 1.1218E+00, 7.6416E+00
"DG                                                                                                                    "
  34585.860,  28672.830, 1.2085E+00, 5.3125E+00,-3.1616E-01, 2.5574E+00, 1.1304E+00, 6.3464E+00, 1.1914E+00, 7.7039E+00
"G                                                                                                                     "
  36000.030,  30087.000, 3.8672E+00, 7.9419E+00,-3.1982E-01, 2.5562E+00,-3.5889E-01, 4.8706E+00,-1.0620E-01, 6.4099E+00
