"NP                                                                                                                    "
  11940.630, -60059.360,-5.8472E-01, 3.5583E+00,-3.2471E-01, 2.5488E+00,-2.7832E-01, 4.9414E+00, 1.4734E+00, 7.9688E+00
"P                                                                                                                     "
  11969.100, -60030.890,-5.8716E-01, 3.5583E+00,-3.2471E-01, 2.5488E+00, 2.1655E+00, 7.3840E+00, 1.4319E+00, 7.9309E+00
"C                                                                                                                     "
  11974.800, -60025.190,-5.8960E-01, 3.5571E+00,-3.2837E-01, 2.5488E+00, 2.1948E+00, 7.3914E+00, 2.4597E+00, 8.9990E+00
"D                                                                                                                     "
  12025.290, -59974.700,-5.8594E-01, 3.5583E+00,-3.2715E-01, 2.5488E+00, 2.6074E+00, 7.8137E+00, 1.4709E+00, 7.9675E+00
"F2                                                                                                                    "
  12027.300, -59972.690,-5.8594E-01, 3.5583E+00,-3.2715E-01, 2.5488E+00, 2.7979E+00, 7.9602E+00, 1.4343E+00, 7.9346E+00
"B                                                                                                                     "
  12030.540, -59969.450,-5.8716E-01, 3.5583E+00,-3.2471E-01, 2.5500E+00, 2.3694E+00, 7.5757E+00, 1.4270E+00, 7.9236E+00
"C                                                                                                                     "
  12032.490, -59967.500,-5.8838E-01, 3.5583E+00,-3.2837E-01, 2.5488E+00, 2.7405E+00, 7.9492E+00, 1.4307E+00, 7.9272E+00
"D                                                                                                                     "
  12127.170, -59872.820,-5.8716E-01, 3.5583E+00,-3.2471E-01, 2.5500E+00, 2.5916E+00, 7.7771E+00, 1.5405E+00, 8.0334E+00
"F2                                                                                                                    "
  12129.390, -59870.600,-5.8594E-01, 3.5583E+00,-3.2959E-01, 2.5488E+00, 2.8931E+00, 8.0908E+00, 1.5039E+00, 8.0042E+00
"B                                                                                                                     "
  12134.040, -59865.950,-5.8716E-01, 3.5583E+00,-3.2471E-01, 2.5500E+00, 2.4487E+00, 7.6611E+00, 1.4771E+00, 7.9663E+00
"C                                                                                                                     "
  12135.300, -59864.690,-5.8472E-01, 3.5583E+00,-3.2471E-01, 2.5500E+00, 2.5220E+00, 7.7271E+00, 1.5784E+00, 8.0615E+00
"DG                                                                                                                    "
  12175.290, -59824.700,-5.8350E-01, 3.5583E+00,-3.2593E-01, 2.5500E+00, 2.6514E+00, 7.8894E+00, 1.5698E+00, 8.0615E+00
"C                                                                                                                     "
  12177.990, -59822.000,-5.8228E-01, 3.5583E+00,-3.2593E-01, 2.5500E+00, 2.6111E+00, 7.8088E+00, 1.5625E+00, 8.0542E+00
"DG                                                                                                                    "
  12246.360, -59753.630,-4.7852E-01, 3.6633E+00,-3.2349E-01, 2.5488E+00, 2.6697E+00, 7.8613E+00, 1.4685E+00, 7.9578E+00
"F2                                                                                                                    "
  12248.250, -59751.740,-3.1006E-01, 3.7720E+00,-3.3081E-01, 2.5488E+00, 2.5439E+00, 7.7686E+00, 1.4075E+00, 7.9346E+00
"B                                                                                                                     "
  12251.340, -59748.650,-4.3945E-01, 3.7024E+00,-3.2349E-01, 2.5488E+00, 2.5232E+00, 7.7271E+00, 1.4673E+00, 7.9602E+00
"DG                                                                                                                    "
  12332.130, -59667.860, 2.3755E+00, 6.4807E+00,-3.2593E-01, 2.5476E+00, 2.6123E+00, 7.8918E+00, 1.4722E+00, 7.9663E+00
"B                                                                                                                     "
  12336.990, -59663.000, 2.1826E+00, 6.2708E+00,-3.2715E-01, 2.5488E+00, 2.4365E+00, 7.6245E+00, 1.4209E+00, 7.9138E+00
"DG                                                                                                                    "
  12705.210, -59294.780, 2.4719E+00, 6.5601E+00,-3.2715E-01, 2.5476E+00, 2.8479E+00, 8.0542E+00, 1.4270E+00, 7.9492E+00
"B                                                                                                                     "
  12709.110, -59290.880, 2.9077E+00, 6.9141E+00,-3.2837E-01, 2.5476E+00, 2.4060E+00, 7.6953E+00, 1.4709E+00, 7.9712E+00
"DG                                                                                                                    "
  12881.580, -59118.410, 2.3425E+00, 6.4441E+00,-3.2959E-01, 2.5488E+00, 2.5708E+00, 7.7869E+00, 1.5405E+00, 8.0359E+00
"F2                                                                                                                    "
  12883.200, -59116.790, 2.2998E+00, 6.4221E+00,-3.2837E-01, 2.5488E+00, 2.6318E+00, 7.8552E+00, 1.5710E+00, 8.0688E+00
"B                                                                                                                     "
  12885.000, -59114.990, 2.2900E+00, 6.3989E+00,-3.3081E-01, 2.5476E+00, 2.6526E+00, 7.8748E+00, 1.6077E+00, 8.1055E+00
"DG                                                                                                                    "
  13182.420, -58817.570, 2.9724E+00, 7.0618E+00,-3.2593E-01, 2.5476E+00, 2.6965E+00, 7.8918E+00, 1.4954E+00, 7.9883E+00
"B                                                                                                                     "
  13184.310, -58815.680, 2.9492E+00, 7.0349E+00,-3.2593E-01, 2.5488E+00, 2.8320E+00, 8.0322E+00, 1.5540E+00, 8.0481E+00
"DG                                                                                                                    "
  13195.080, -58804.910, 3.0505E+00, 7.1277E+00,-3.2837E-01, 2.5488E+00, 2.5647E+00, 7.8015E+00, 1.4465E+00, 7.9395E+00
"F2                                                                                                                    "
  13196.250, -58803.740, 2.7625E+00, 6.8604E+00,-3.2837E-01, 2.5476E+00, 2.6343E+00, 7.8638E+00, 1.4624E+00, 7.9614E+00
"DG                                                                                                                    "
  13530.360, -58469.630, 3.0652E+00, 7.1582E+00,-3.2593E-01, 2.5476E+00, 2.6147E+00, 7.8345E+00, 1.4771E+00, 7.9773E+00
"F2                                                                                                                    "
  13531.230, -58468.760, 3.0835E+00, 7.1765E+00,-3.3203E-01, 2.5464E+00, 2.7759E+00, 7.9822E+00, 1.4856E+00, 7.9834E+00
"DG                                                                                                                    "
  14352.990, -57647.000, 2.8345E+00, 6.9189E+00,-3.2593E-01, 2.5476E+00, 2.7820E+00, 7.9504E+00, 1.5662E+00, 8.0676E+00
"G                                                                                                                     "
  14718.870, -57281.120, 2.7759E+00, 6.8677E+00,-3.2715E-01, 2.5476E+00, 2.3950E+00, 7.6013E+00, 1.6711E+00, 8.0945E+00
"DG                                                                                                                    "
  14913.600, -57086.390, 2.8357E+00, 6.9141E+00,-3.2471E-01, 2.5476E+00, 2.4329E+00, 7.6379E+00, 1.4319E+00, 7.9248E+00
"B                                                                                                                     "
  14921.520, -57078.470, 2.9089E+00, 6.9910E+00,-3.2593E-01, 2.5476E+00, 2.4634E+00, 7.6514E+00, 1.6028E+00, 8.0945E+00
"DG                                                                                                                    "
  15354.750, -56645.240, 2.7307E+00, 6.8286E+00,-3.2715E-01, 2.5488E+00, 2.2510E+00, 6.9543E+00, 1.5613E+00, 8.0615E+00
"CG                                                                                                                    "
  15357.360, -56642.630, 2.7368E+00, 6.8176E+00,-3.2227E-01, 2.5500E+00, 2.7234E+00, 7.9285E+00, 1.6125E+00, 8.1067E+00
"G                                                                                                                     "
  15366.000, -56633.990, 2.7612E+00, 6.8298E+00,-3.2349E-01, 2.5513E+00, 2.7405E+00, 7.8772E+00, 1.5894E+00, 8.1238E+00
"CG                                                                                                                    "
  15368.040, -56631.950, 2.6599E+00, 6.7322E+00,-3.2593E-01, 2.5500E+00, 2.6819E+00, 7.9138E+00, 1.6199E+00, 8.1140E+00
"G                                                                                                                     "
  15490.500, -56509.490, 2.7954E+00, 6.8884E+00,-3.2227E-01, 2.5500E+00, 2.5708E+00, 7.7747E+00, 1.6138E+00, 8.1067E+00
"DG                                                                                                                    "
  15515.790, -56484.200, 2.8503E+00, 6.9250E+00,-3.2227E-01, 2.5488E+00, 2.6477E+00, 7.8528E+00, 1.4575E+00, 7.9468E+00
"G                                                                                                                     "
  16235.040, -55764.950, 2.9395E+00, 7.0300E+00,-3.3081E-01, 2.5464E+00, 2.5281E+00, 7.7466E+00, 1.3892E+00, 7.8931E+00
"DG                                                                                                                    "
  16544.700, -55455.290, 2.9053E+00, 6.9922E+00,-3.2837E-01, 2.5464E+00, 2.8101E+00, 8.0188E+00, 1.4026E+00, 7.9028E+00
"G                                                                                                                     "
  16917.120, -55082.870, 3.0310E+00, 7.0984E+00,-3.2471E-01, 2.5476E+00, 2.7576E+00, 7.9614E+00, 1.4563E+00, 7.9517E+00
"DG                                                                                                                    "
  17001.780, -54998.210, 3.2849E+00, 7.3694E+00,-3.3081E-01, 2.5464E+00, 2.7563E+00, 7.9675E+00, 1.5088E+00, 8.0286E+00
"G                                                                                                                     "
  17758.950, -54241.040, 3.0042E+00, 7.0898E+00,-3.2471E-01, 2.5476E+00, 2.3352E+00, 7.5610E+00, 1.3782E+00, 7.8796E+00
"F2                                                                                                                    "
  17762.340, -54237.650, 2.9626E+00, 7.0532E+00,-3.2837E-01, 2.5476E+00, 2.1411E+00, 7.3706E+00, 1.4771E+00, 7.9749E+00
"P                                                                                                                     "
  17803.860, -54196.130, 2.6855E+00, 6.7798E+00,-3.2715E-01, 2.5464E+00, 1.9653E+00, 7.1899E+00, 1.3794E+00, 7.8809E+00
"C                                                                                                                     "
  17816.610, -54183.380, 2.8760E+00, 6.9617E+00,-3.2593E-01, 2.5464E+00, 2.0874E+00, 7.2998E+00, 1.3208E+00, 7.8687E+00
"F2                                                                                                                    "
  17818.350, -54181.640, 2.8979E+00, 6.9836E+00,-3.2227E-01, 2.5464E+00, 2.3010E+00, 7.4524E+00, 1.3391E+00, 7.8223E+00
"B                                                                                                                     "
  17820.270, -54179.720, 2.7893E+00, 6.8750E+00,-3.2837E-01, 2.5464E+00, 1.8896E+00, 7.1106E+00, 1.3574E+00, 7.8577E+00
"F2                                                                                                                    "
  17822.250, -54177.740, 2.8894E+00, 6.9800E+00,-3.3203E-01, 2.5464E+00, 2.0459E+00, 7.2498E+00, 1.3452E+00, 7.8442E+00
"B                                                                                                                     "
  17846.640, -54153.350, 3.0627E+00, 7.1545E+00,-3.2715E-01, 2.5464E+00, 2.0178E+00, 7.2241E+00, 1.4087E+00, 7.9089E+00
"C                                                                                                                     "
  17853.990, -54146.000, 3.2263E+00, 7.3071E+00,-3.2349E-01, 2.5464E+00, 2.1265E+00, 7.3218E+00, 1.3562E+00, 7.8467E+00
"B                                                                                                                     "
  17857.800, -54142.190, 3.1738E+00, 7.2607E+00,-3.2349E-01, 2.5464E+00, 2.1997E+00, 7.3914E+00, 1.3086E+00, 7.8003E+00
"DG                                                                                                                    "
  17879.760, -54120.230, 3.0042E+00, 7.0923E+00,-3.2959E-01, 2.5464E+00, 2.1094E+00, 7.3157E+00, 1.5100E+00, 8.0042E+00
"F2                                                                                                                    "
  17881.920, -54118.070, 2.6672E+00, 6.6614E+00,-3.3081E-01, 2.5464E+00, 2.2278E+00, 7.4451E+00, 1.4355E+00, 7.9358E+00
"B                                                                                                                     "
  17885.250, -54114.740, 2.7246E+00, 6.8213E+00,-3.2837E-01, 2.5464E+00, 2.1777E+00, 7.3730E+00, 1.3745E+00, 7.8674E+00
"DG                                                                                                                    "
  17920.680, -54079.310, 2.9443E+00, 7.0251E+00,-3.2471E-01, 2.5464E+00, 2.0691E+00, 7.2815E+00, 1.3916E+00, 7.8821E+00
"F2                                                                                                                    "
  17922.960, -54077.030, 2.9468E+00, 7.0300E+00,-3.2715E-01, 2.5476E+00, 2.2095E+00, 7.4268E+00, 1.3892E+00, 7.8894E+00
"DG                                                                                                                    "
  17981.160, -54018.830, 2.8540E+00, 6.9348E+00,-3.2959E-01, 2.5476E+00, 1.9019E+00, 7.1094E+00, 1.3049E+00, 7.7942E+00
"B                                                                                                                     "
  17985.900, -54014.090, 2.9846E+00, 7.0789E+00,-3.2959E-01, 2.5476E+00, 2.0618E+00, 7.2681E+00, 1.3660E+00, 7.8699E+00
"D                                                                                                                     "
  17989.260, -54010.730, 3.0078E+00, 7.0886E+00,-3.2471E-01, 2.5476E+00, 2.2620E+00, 7.4670E+00, 1.3452E+00, 7.8418E+00
"G                                                                                                                     "
  18039.810, -53960.180, 2.8406E+00, 7.0227E+00,-3.2715E-01, 2.5476E+00, 2.2888E+00, 7.4731E+00, 1.3538E+00, 7.8589E+00
"DG                                                                                                                    "
  18080.580, -53919.410, 3.0005E+00, 7.0862E+00,-3.2837E-01, 2.5476E+00, 2.2058E+00, 7.4329E+00, 1.4758E+00, 7.9858E+00
"F2                                                                                                                    "
  18082.740, -53917.250, 3.0298E+00, 7.1240E+00,-3.2593E-01, 2.5464E+00, 2.2729E+00, 7.5085E+00, 1.5344E+00, 8.0261E+00
"B                                                                                                                     "
  18084.480, -53915.510, 3.0688E+00, 7.1533E+00,-3.2959E-01, 2.5476E+00, 2.1252E+00, 7.3340E+00, 1.5674E+00, 8.0566E+00
"DG                                                                                                                    "
  18123.600, -53876.390, 2.8894E+00, 6.9763E+00,-3.2715E-01, 2.5476E+00, 2.0776E+00, 7.3523E+00, 1.4258E+00, 7.9199E+00
"G                                                                                                                     "
  19141.440, -52858.550, 2.9919E+00, 7.0679E+00,-3.2593E-01, 2.5464E+00, 2.3926E+00, 7.6453E+00, 1.4832E+00, 7.9773E+00
"C                                                                                                                     "
  19147.200, -52852.790, 2.9700E+00, 7.0459E+00,-3.2471E-01, 2.5452E+00, 2.3169E+00, 7.5256E+00, 1.3940E+00, 7.8821E+00
"F2                                                                                                                    "
  19149.570, -52850.420, 2.8271E+00, 6.9080E+00,-3.2471E-01, 2.5464E+00, 2.4316E+00, 7.6465E+00, 1.3513E+00, 7.8345E+00
"B                                                                                                                     "
  19153.650, -52846.340, 2.9700E+00, 7.0496E+00,-3.2349E-01, 2.5452E+00, 2.2595E+00, 7.4414E+00, 1.4612E+00, 7.9529E+00
"DG                                                                                                                    "
  19272.030, -52727.960, 2.9797E+00, 7.0728E+00,-3.2837E-01, 2.5464E+00, 2.3218E+00, 7.5232E+00, 1.3440E+00, 7.8442E+00
"F2                                                                                                                    "
  19274.220, -52725.770, 3.0066E+00, 7.0984E+00,-3.2837E-01, 2.5464E+00, 2.5671E+00, 7.7893E+00, 1.3599E+00, 7.8625E+00
"G                                                                                                                     "
  19291.650, -52708.340, 3.0225E+00, 7.0996E+00,-3.2837E-01, 2.5464E+00, 2.3145E+00, 7.5208E+00, 1.3843E+00, 7.8796E+00
"DG                                                                                                                    "
  19458.060, -52541.930, 2.9919E+00, 7.0825E+00,-3.2471E-01, 2.5476E+00, 2.5769E+00, 7.7747E+00, 1.5222E+00, 8.0164E+00
"G                                                                                                                     "
  19982.640, -52017.350, 2.1716E+00, 6.0034E+00,-3.3081E-01, 2.5439E+00, 2.2241E+00, 7.4329E+00, 1.3831E+00, 7.8796E+00
"F2                                                                                                                    "
  19985.040, -52014.950, 2.6953E+00, 6.8066E+00,-3.2593E-01, 2.5439E+00, 2.3059E+00, 7.5073E+00, 1.4124E+00, 7.9041E+00
"DG                                                                                                                    "
  22668.030, -49331.960, 2.8174E+00, 6.9080E+00,-3.2837E-01, 2.5439E+00, 2.4280E+00, 7.6367E+00, 1.3525E+00, 7.8540E+00
"F2                                                                                                                    "
  22669.710, -49330.280, 2.7600E+00, 6.8469E+00,-3.2837E-01, 2.5439E+00, 2.3499E+00, 7.5842E+00, 1.2976E+00, 7.7771E+00
"DG                                                                                                                    "
  23071.020, -48928.970, 2.6392E+00, 6.7249E+00,-3.3203E-01, 2.5415E+00, 2.6318E+00, 7.8381E+00,-1.5869E-02, 6.5112E+00
"CG                                                                                                                    "
  23072.760, -48927.230, 2.6929E+00, 6.7786E+00,-3.2837E-01, 2.5415E+00, 2.5085E+00, 7.7148E+00, 1.4392E+00, 7.9382E+00
"G                                                                                                                     "
  23084.340, -48915.650, 2.5525E+00, 6.6541E+00,-3.3081E-01, 2.5415E+00, 1.4392E+00, 7.2046E+00, 1.3708E+00, 7.8748E+00
"CG                                                                                                                    "
  23086.410, -48913.580, 2.4561E+00, 6.5613E+00,-3.2837E-01, 2.5415E+00, 2.4854E+00, 7.7075E+00,-3.7842E-02, 6.4771E+00
"DG                                                                                                                    "
  23122.920, -48877.070, 2.5049E+00, 6.6064E+00,-3.2959E-01, 2.5415E+00, 2.5781E+00, 7.7905E+00, 1.3623E+00, 7.8662E+00
"CG                                                                                                                    "
  23124.990, -48875.000, 2.5623E+00, 6.6687E+00,-3.2959E-01, 2.5415E+00, 2.6111E+00, 7.8198E+00, 1.3611E+00, 7.8638E+00
"DG                                                                                                                    "
  23179.890, -48820.100, 2.5952E+00, 6.6760E+00,-3.2837E-01, 2.5415E+00, 2.7588E+00, 7.9590E+00, 1.3879E+00, 7.8796E+00
"CG                                                                                                                    "
  23182.020, -48817.970, 2.6135E+00, 6.6907E+00,-3.2837E-01, 2.5415E+00, 2.5720E+00, 7.7759E+00, 1.3721E+00, 7.8699E+00
"G                                                                                                                     "
  23949.060, -48050.930, 2.7527E+00, 6.8555E+00,-3.3325E-01, 2.5403E+00, 2.5488E+00, 7.7686E+00, 1.4783E+00, 7.9919E+00
"CG                                                                                                                    "
  23952.900, -48047.090, 2.7466E+00, 6.8237E+00,-3.2959E-01, 2.5403E+00, 2.4084E+00, 7.6074E+00, 1.5503E+00, 8.0444E+00
"DG                                                                                                                    "
  24665.100, -47334.890, 2.7734E+00, 6.8335E+00,-3.2959E-01, 2.5403E+00, 2.5342E+00, 7.7441E+00, 1.5271E+00, 8.0225E+00
"CG                                                                                                                    "
  24667.440, -47332.550, 2.7429E+00, 6.8445E+00,-3.2837E-01, 2.5403E+00, 2.4402E+00, 7.6599E+00, 1.5308E+00, 8.0212E+00
"G                                                                                                                     "
  25005.060, -46994.930, 2.7332E+00, 6.8237E+00,-3.2715E-01, 2.5403E+00, 2.4316E+00, 7.6416E+00, 1.3733E+00, 7.8699E+00
"DG                                                                                                                    "
  25037.100, -46962.890, 2.6672E+00, 6.7639E+00,-3.3447E-01, 2.5403E+00, 2.3767E+00, 7.5879E+00, 1.3147E+00, 7.8162E+00
"DG                                                                                                                    "
  25532.850, -46467.140, 2.7515E+00, 6.8347E+00,-3.3325E-01, 2.5378E+00, 2.3157E+00, 7.5244E+00, 1.4209E+00, 7.9175E+00
"F2                                                                                                                    "
  25535.220, -46464.770, 2.7673E+00, 6.8591E+00,-3.3447E-01, 2.5391E+00, 2.3474E+00, 7.5488E+00, 1.4392E+00, 7.9419E+00
"G                                                                                                                     "
  25646.460, -46353.530, 2.6929E+00, 6.7920E+00,-3.3569E-01, 2.5378E+00, 2.5366E+00, 7.7393E+00, 1.4478E+00, 7.9492E+00
"DG                                                                                                                    "
  25731.900, -46268.090, 2.7942E+00, 6.8823E+00,-3.3447E-01, 2.5391E+00, 2.4719E+00, 7.6929E+00, 1.5515E+00, 8.0530E+00
"G                                                                                                                     "
  26068.230, -45931.760, 2.7441E+00, 6.8347E+00,-3.2959E-01, 2.5391E+00, 2.4744E+00, 7.6904E+00, 1.3403E+00, 7.8345E+00
"Dg                                                                                                                    "
  26507.550, -45492.440, 2.7600E+00, 6.8628E+00,-3.3081E-01, 2.5391E+00, 1.8311E+00, 7.0581E+00, 1.4001E+00, 7.9004E+00
"G                                                                                                                     "
  27701.610, -44298.380, 3.1445E+00, 7.2583E+00,-3.3081E-01, 2.5427E+00, 1.1230E-01, 5.3479E+00, 1.4307E+00, 7.9321E+00
"CG                                                                                                                    "
  27703.290, -44296.700, 3.0859E+00, 7.1582E+00,-3.2959E-01, 2.5427E+00, 1.1475E-01, 5.3613E+00, 1.4502E+00, 7.9504E+00
"D                                                                                                                     "
  27716.220, -44283.770, 2.7258E+00, 6.8079E+00,-3.2593E-01, 2.5415E+00, 2.2815E+00, 7.4976E+00, 1.4233E+00, 7.9199E+00
"DG                                                                                                                    "
  28222.410, -43777.580, 2.6428E+00, 6.7236E+00,-3.2837E-01, 2.5403E+00, 2.5549E+00, 7.7588E+00, 1.3013E+00, 7.7979E+00
"G                                                                                                                     "
  29472.420, -42527.570, 4.1504E-01, 4.5435E+00,-3.2593E-01, 2.5403E+00, 1.9421E+00, 7.1631E+00, 1.4209E+00, 7.9199E+00
"C                                                                                                                     "
  29478.090, -42521.900, 4.1138E-01, 4.5410E+00,-3.3203E-01, 2.5403E+00, 2.1387E+00, 7.3560E+00, 1.3782E+00, 7.8809E+00
"D                                                                                                                     "
  29492.640, -42507.350, 3.9185E-01, 4.5227E+00,-3.3203E-01, 2.5415E+00, 2.0947E+00, 7.3254E+00, 1.3306E+00, 7.8296E+00
"F2                                                                                                                    "
  29494.170, -42505.820, 4.1260E-01, 4.5313E+00,-3.2837E-01, 2.5403E+00, 2.1838E+00, 7.3584E+00, 1.3550E+00, 7.8467E+00
"B                                                                                                                     "
  29497.860, -42502.130, 3.9063E-01, 4.5129E+00,-3.2837E-01, 2.5403E+00, 1.9531E+00, 7.1643E+00, 1.4636E+00, 7.9663E+00
"DG                                                                                                                    "
  29533.110, -42466.880, 3.6987E-01, 4.4910E+00,-3.3203E-01, 2.5403E+00, 2.0447E+00, 7.2656E+00, 1.3232E+00, 7.8198E+00
"F2                                                                                                                    "
  29537.280, -42462.710, 3.5400E-01, 4.4763E+00,-3.2715E-01, 2.5403E+00, 2.0276E+00, 7.2241E+00, 1.3757E+00, 7.8699E+00
"B                                                                                                                     "
  29542.860, -42457.130, 3.4912E-01, 4.4800E+00,-3.3081E-01, 2.5403E+00, 2.0142E+00, 7.2229E+00, 1.3354E+00, 7.8345E+00
"F2                                                                                                                    "
  29576.280, -42423.710, 2.6941E+00, 6.8018E+00,-3.3081E-01, 2.5403E+00, 2.0776E+00, 7.3315E+00, 1.2744E+00, 7.7747E+00
"B                                                                                                                     "
  29578.560, -42421.430, 2.6904E+00, 6.7749E+00,-3.3081E-01, 2.5415E+00, 1.9739E+00, 7.1838E+00, 1.2659E+00, 7.7686E+00
"DG                                                                                                                    "
  29683.650, -42316.340, 2.6587E+00, 6.7578E+00,-3.2959E-01, 2.5403E+00, 2.1008E+00, 7.3108E+00,-5.1270E-02, 6.4673E+00
"f2                                                                                                                    "
  29685.420, -42314.570, 2.6477E+00, 6.7468E+00,-3.3081E-01, 2.5403E+00, 2.2974E+00, 7.4939E+00, 1.2964E+00, 7.7966E+00
"b                                                                                                                     "
  29687.280, -42312.710, 2.6746E+00, 6.7749E+00,-3.3203E-01, 2.5403E+00, 1.9788E+00, 7.1936E+00,-4.7607E-02, 6.4685E+00
"g                                                                                                                     "
  32496.330, -39503.660, 2.6123E+00, 6.7163E+00,-3.3081E-01, 2.5427E+00, 1.8213E+00, 6.9580E+00, 1.3428E+00, 7.8418E+00
"p                                                                                                                     "
  32574.450, -39425.540, 2.6648E+00, 6.7554E+00,-3.2837E-01, 2.5415E+00, 1.4331E+00, 6.6443E+00, 1.4905E+00, 7.9871E+00
"c                                                                                                                     "
  32585.850, -39414.140, 2.6184E+00, 6.7188E+00,-3.2959E-01, 2.5415E+00, 1.4771E+00, 6.6907E+00, 1.5491E+00, 8.0481E+00
"b                                                                                                                     "
  32586.390, -39413.600, 2.6709E+00, 6.7480E+00,-3.2959E-01, 2.5415E+00, 1.7041E+00, 7.1582E+00, 1.5808E+00, 8.0737E+00
"f21                                                                                                                   "
  32588.250, -39411.740, 2.6672E+00, 6.7590E+00,-3.2715E-01, 2.5415E+00, 1.5613E+00, 6.7737E+00, 1.5247E+00, 8.0176E+00
"b                                                                                                                     "
  32590.020, -39409.970, 2.5928E+00, 6.6992E+00,-3.2959E-01, 2.5415E+00, 1.3831E+00, 6.5833E+00, 1.4966E+00, 7.9968E+00
"c                                                                                                                     "
  32595.630, -39404.360, 2.6648E+00, 6.7603E+00,-3.3325E-01, 2.5415E+00, 1.5454E+00, 6.7737E+00, 1.3281E+00, 7.8259E+00
"d                                                                                                                     "
  32612.700, -39387.290, 2.6526E+00, 6.7432E+00,-3.2471E-01, 2.5415E+00, 1.7566E+00, 6.9690E+00, 1.3831E+00, 7.8784E+00
"b                                                                                                                     "
  32613.870, -39386.120, 2.6208E+00, 6.7212E+00,-3.3203E-01, 2.5415E+00, 1.5088E+00, 6.7334E+00, 1.3831E+00, 7.8809E+00
"f2                                                                                                                    "
  32615.280, -39384.710, 2.6538E+00, 6.7407E+00,-3.3203E-01, 2.5415E+00, 1.7371E+00, 6.9006E+00, 1.3025E+00, 7.8052E+00
"b                                                                                                                     "
  32617.560, -39382.430, 2.6575E+00, 6.7444E+00,-3.2837E-01, 2.5415E+00, 1.4087E+00, 6.6382E+00, 1.3464E+00, 7.8406E+00
"c                                                                                                                     "
  32623.140, -39376.850, 2.6404E+00, 6.7432E+00,-3.2959E-01, 2.5415E+00, 1.5930E+00, 6.8140E+00, 1.3611E+00, 7.8589E+00
"d                                                                                                                     "
  32641.710, -39358.280, 2.6282E+00, 6.7126E+00,-3.2959E-01, 2.5415E+00, 1.5137E+00, 6.7334E+00, 1.3110E+00, 7.8101E+00
"b                                                                                                                     "
  32642.310, -39357.680, 2.6318E+00, 6.7236E+00,-3.2837E-01, 2.5415E+00, 1.7126E+00, 6.8567E+00, 1.3220E+00, 7.8149E+00
"f2\                                                                                                                   "
  32643.570, -39356.420, 2.6416E+00, 6.7236E+00,-3.2715E-01, 2.5415E+00, 1.8591E+00, 7.0569E+00, 1.3245E+00, 7.8223E+00
"b                                                                                                                     "
  32645.820, -39354.170, 2.5952E+00, 6.6833E+00,-3.3447E-01, 2.5415E+00, 1.3562E+00, 6.5857E+00, 1.3110E+00, 7.8137E+00
"c                                                                                                                     "
  32648.250, -39351.740, 2.6196E+00, 6.7188E+00,-3.3325E-01, 2.5415E+00, 1.5454E+00, 6.7517E+00, 1.2781E+00, 7.7820E+00
"d                                                                                                                     "
  32669.850, -39330.140, 2.6587E+00, 6.7493E+00,-3.2837E-01, 2.5415E+00, 1.5210E+00, 6.7175E+00, 1.3171E+00, 7.8027E+00
"f2                                                                                                                    "
  32671.410, -39328.580, 2.6611E+00, 6.7395E+00,-3.2837E-01, 2.5415E+00, 1.6858E+00, 6.8750E+00, 1.3232E+00, 7.8137E+00
"b                                                                                                                     "
  32676.750, -39323.240, 2.6746E+00, 6.7590E+00,-3.2593E-01, 2.5415E+00, 1.4417E+00, 6.6833E+00, 1.3086E+00, 7.8040E+00
"dg                                                                                                                    "
  32715.090, -39284.900, 3.2837E-01, 4.4495E+00,-3.2715E-01, 2.5403E+00, 1.6992E+00, 6.8958E+00, 1.5869E-02, 6.5356E+00
"f2                                                                                                                    "
  32717.790, -39282.200, 3.3936E-01, 4.4592E+00,-3.3081E-01, 2.5415E+00, 1.6125E+00, 6.8481E+00, 4.8828E-03, 6.5210E+00
"B                                                                                                                     "
  32722.890, -39277.100, 3.4668E-01, 4.4739E+00,-3.3081E-01, 2.5403E+00, 1.4844E+00, 6.6907E+00, 2.6855E-02, 6.5454E+00
"D                                                                                                                     "
  32754.780, -39245.210, 3.3936E-01, 4.4617E+00,-3.3325E-01, 2.5415E+00, 1.5137E+00, 6.7493E+00, 1.3660E+00, 7.8674E+00
"F2                                                                                                                    "
  32755.890, -39244.100, 2.6062E+00, 6.6870E+00,-3.3203E-01, 2.5415E+00, 1.8433E+00, 7.0374E+00, 1.3599E+00, 7.8601E+00
"B                                                                                                                     "
  32758.410, -39241.580, 2.6074E+00, 6.6980E+00,-3.2837E-01, 2.5403E+00, 1.4795E+00, 6.7285E+00, 1.2744E+00, 7.7698E+00
"C                                                                                                                     "
  32765.910, -39234.080, 2.6416E+00, 6.7419E+00,-3.2715E-01, 2.5403E+00, 1.6943E+00, 6.9043E+00, 1.3464E+00, 7.8479E+00
"DG                                                                                                                    "
  32796.930, -39203.060, 2.6672E+00, 6.7566E+00,-3.3203E-01, 2.5415E+00, 1.6724E+00, 6.8823E+00, 1.4417E+00, 7.9431E+00
"F2                                                                                                                    "
  32798.580, -39201.410, 3.8086E-01, 4.6045E+00,-3.2837E-01, 2.5403E+00, 1.7188E+00, 6.9470E+00, 1.4636E+00, 7.9602E+00
"B                                                                                                                     "
  32800.980, -39199.010, 2.5842E+00, 6.6882E+00,-3.3325E-01, 2.5403E+00, 1.4282E+00, 6.6370E+00, 1.3757E+00, 7.8760E+00
"DG                                                                                                                    "
  32813.160, -39186.830, 2.6038E+00, 6.6956E+00,-3.2959E-01, 2.5415E+00, 1.6223E+00, 6.8591E+00, 1.3794E+00, 7.8772E+00
"F2                                                                                                                    "
  32814.720, -39185.270, 2.6147E+00, 6.7029E+00,-3.2959E-01, 2.5415E+00, 1.6467E+00, 6.8713E+00, 1.3977E+00, 7.8882E+00
"B                                                                                                                     "
  32817.000, -39182.990, 2.6050E+00, 6.7053E+00,-3.3081E-01, 2.5403E+00, 1.4490E+00, 6.6687E+00, 1.4026E+00, 7.9016E+00
"DG                                                                                                                    "
  32931.750, -39068.240, 2.6807E+00, 6.7651E+00,-3.2959E-01, 2.5415E+00, 1.8433E+00, 7.0398E+00, 1.3574E+00, 7.8479E+00
"F2                                                                                                                    "
  32934.090, -39065.900, 2.6428E+00, 6.7432E+00,-3.3203E-01, 2.5415E+00, 1.9458E+00, 7.1313E+00, 1.4673E+00, 7.9602E+00
"B                                                                                                                     "
  32941.050, -39058.940, 2.6196E+00, 6.7163E+00,-3.2837E-01, 2.5415E+00, 1.7126E+00, 6.9519E+00, 1.3940E+00, 7.8906E+00
"DG                                                                                                                    "
  33231.450, -38768.540, 3.0762E-01, 4.4275E+00,-3.2837E-01, 2.5427E+00, 1.9690E+00, 7.2437E+00, 1.4319E+00, 7.9260E+00
"G                                                                                                                     "
  33315.480, -38684.510, 2.0386E-01, 4.3372E+00,-3.3203E-01, 2.5415E+00, 2.0703E+00, 7.2656E+00, 1.3403E+00, 7.8369E+00
"DG                                                                                                                    "
  33548.250, -38451.740, 2.7209E+00, 6.8079E+00,-3.2959E-01, 2.5415E+00, 2.0972E+00, 7.3804E+00, 1.3293E+00, 7.8235E+00
"CG                                                                                                                    "
  33550.710, -38449.280, 2.7075E+00, 6.8140E+00,-3.3203E-01, 2.5403E+00, 2.0605E+00, 7.2754E+00, 1.2573E+00, 7.7625E+00
"G                                                                                                                     "
  33615.090, -38384.900, 2.6599E+00, 6.7554E+00,-3.3325E-01, 2.5415E+00, 2.1155E+00, 7.3291E+00, 1.3208E+00, 7.8259E+00
"DG                                                                                                                    "
  33748.500, -38251.490, 2.6611E+00, 6.7371E+00,-3.2837E-01, 2.5427E+00, 2.3718E+00, 7.5366E+00, 1.3232E+00, 7.8162E+00
"CG                                                                                                                    "
  33760.440, -38239.550, 2.6697E+00, 6.7639E+00,-3.2715E-01, 2.5439E+00, 2.2864E+00, 7.4951E+00, 1.3220E+00, 7.8186E+00
"D                                                                                                                     "
  33766.200, -38233.790, 2.6892E+00, 6.7749E+00,-3.2959E-01, 2.5427E+00, 2.0837E+00, 7.3132E+00, 1.3049E+00, 7.8088E+00
"F2                                                                                                                    "
  33769.950, -38230.040, 2.6843E+00, 6.7822E+00,-3.2715E-01, 2.5427E+00, 2.3865E+00, 7.6196E+00, 1.1780E+00, 7.7075E+00
"G                                                                                                                     "
  33872.490, -38127.500, 2.6660E+00, 6.7578E+00,-3.2837E-01, 2.5439E+00, 2.2266E+00, 7.4402E+00, 1.3000E+00, 7.8003E+00
"DG                                                                                                                    "
  33953.580, -38046.410, 2.6685E+00, 6.7542E+00,-3.2959E-01, 2.5427E+00, 2.1509E+00, 7.3608E+00, 1.3147E+00, 7.8149E+00
"C                                                                                                                     "
  33962.820, -38037.170, 2.6001E+00, 6.6736E+00,-3.2471E-01, 2.5427E+00, 2.1252E+00, 7.3291E+00, 1.2781E+00, 7.7722E+00
"DG                                                                                                                    "
  34070.100, -37929.890, 2.4646E+00, 6.5881E+00,-3.3325E-01, 2.5427E+00, 2.1692E+00, 7.4268E+00, 1.3208E+00, 7.8198E+00
"F2                                                                                                                    "
  34074.000, -37925.990, 2.4463E+00, 6.5405E+00,-3.3447E-01, 2.5415E+00, 2.4670E+00, 7.6917E+00, 1.2781E+00, 7.7942E+00
"DG                                                                                                                    "
  34436.070, -37563.920, 2.2339E-01, 4.3481E+00,-3.2715E-01, 2.5427E+00, 2.3169E+00, 7.5183E+00, 1.3147E+00, 7.8088E+00
"CG                                                                                                                    "
  34438.800, -37561.190, 2.2339E-01, 4.3494E+00,-3.2715E-01, 2.5427E+00, 1.3794E-01, 5.3613E+00, 1.3098E+00, 7.8027E+00
"G                                                                                                                     "
  34455.870, -37544.120, 2.1606E-01, 4.3494E+00,-3.3203E-01, 2.5439E+00, 2.3828E+00, 7.6074E+00, 1.3171E+00, 7.8198E+00
"CG                                                                                                                    "
  34458.120, -37541.870, 2.1606E-01, 4.3433E+00,-3.3447E-01, 2.5427E+00, 1.8311E+00, 6.4441E+00, 1.3318E+00, 7.8284E+00
"DG                                                                                                                    "
  34529.550, -37470.440, 2.2583E-01, 4.3481E+00,-3.2837E-01, 2.5439E+00, 2.2461E+00, 7.4414E+00, 1.3721E+00, 7.8687E+00
"CG                                                                                                                    "
  34530.960, -37469.030, 2.2095E-01, 4.3481E+00,-3.2959E-01, 2.5427E+00, 1.6296E+00, 7.1313E+00, 1.3733E+00, 7.8723E+00
"DG                                                                                                                    "
  34740.180, -37259.810, 2.5757E-01, 4.3933E+00,-3.3081E-01, 2.5439E+00, 2.0654E+00, 7.2668E+00, 5.1270E-02, 6.5686E+00
"F2                                                                                                                    "
  34741.950, -37258.040, 1.9287E-01, 4.3213E+00,-3.2471E-01, 2.5439E+00, 2.1997E+00, 7.4170E+00, 6.1035E-02, 6.5710E+00
"B                                                                                                                     "
  34744.650, -37255.340, 2.2339E-01, 4.3530E+00,-3.3203E-01, 2.5439E+00, 1.9629E+00, 7.2021E+00, 1.2915E+00, 7.7954E+00
"DG                                                                                                                    "
  34821.060, -37178.930, 1.6602E-01, 4.2969E+00,-3.3447E-01, 2.5427E+00, 2.1851E+00, 7.4341E+00, 1.3245E+00, 7.8308E+00
"F2                                                                                                                    "
  34822.890, -37177.100, 1.7212E-01, 4.2981E+00,-3.2593E-01, 2.5427E+00, 2.2839E+00, 7.5024E+00, 1.3367E+00, 7.8296E+00
"B                                                                                                                     "
  34825.830, -37174.160, 1.6602E-01, 4.2969E+00,-3.3447E-01, 2.5427E+00, 2.1069E+00, 7.3340E+00, 1.2769E+00, 7.7844E+00
"DG                                                                                                                    "
  34842.420, -37157.570, 1.5625E-01, 4.2847E+00,-3.2837E-01, 2.5427E+00, 2.2595E+00, 7.4573E+00, 5.0049E-02, 6.5601E+00
"F2                                                                                                                    "
  34844.130, -37155.860, 1.5381E-01, 4.2871E+00,-3.3203E-01, 2.5427E+00, 2.3462E+00, 7.5427E+00, 4.1504E-02, 6.5613E+00
"B                                                                                                                     "
  34846.050, -37153.940, 1.5747E-01, 4.2896E+00,-3.3325E-01, 2.5415E+00, 2.1729E+00, 7.3938E+00, 4.7607E-02, 6.5649E+00
"DG                                                                                                                    "
  35049.750, -36950.240, 1.0498E-01, 4.2371E+00,-3.3081E-01, 2.5427E+00, 2.2412E+00, 7.4573E+00, 1.3513E+00, 7.8442E+00
"G                                                                                                                     "
  36000.000, -35999.990,-1.3428E-02, 4.1211E+00,-3.2959E-01, 2.5452E+00, 2.1484E-01, 5.4431E+00, 1.3135E+00, 7.8162E+00
