"NP                                                                                                                    "
   1404.090, -70595.900, 6.9580E-01, 3.9697E+00,-3.5767E-01, 2.5159E+00,-5.3467E-01, 4.6936E+00,-6.4941E-01, 5.8679E+00
"P                                                                                                                     "
   1431.030, -70568.960,-1.4771E-01, 4.6423E+00,-3.5889E-01, 2.5159E+00,-5.3955E-01, 4.6936E+00,-2.7466E-01, 6.2415E+00
"Z                                                                                                                     "
   1472.160, -70527.830,-4.1138E-01, 3.9575E+00,-3.5645E-01, 2.5171E+00,-5.3711E-01, 4.6960E+00,-3.5767E-01, 6.1621E+00
"P                                                                                                                     "
   1499.040, -70500.950, 1.2537E+00, 5.3528E+00,-3.5767E-01, 2.5220E+00,-5.3833E-01, 4.6960E+00,-7.8979E-01, 5.7336E+00
"B2                                                                                                                    "
   1502.940, -70497.050, 1.2317E+00, 5.3662E+00,-3.4180E-01, 2.5317E+00,-5.3345E-01, 4.6960E+00,-7.1167E-01, 5.8081E+00
"P                                                                                                                     "
   1517.070, -70482.920, 1.3159E+00, 5.4260E+00,-3.6011E-01, 2.5171E+00,-4.9194E-01, 4.7693E+00,-5.5420E-01, 5.9619E+00
"C                                                                                                                     "
   1522.590, -70477.400, 1.7615E+00, 5.9119E+00,-3.5645E-01, 2.5183E+00,-5.2856E-01, 4.7046E+00,-3.4912E-01, 6.1670E+00
"D                                                                                                                     "
   1541.340, -70458.650, 1.6028E+00, 5.7324E+00,-3.5645E-01, 2.5171E+00,-5.2979E-01, 4.6997E+00,-3.1250E-01, 6.1975E+00
"F2                                                                                                                    "
   1542.900, -70457.090, 1.5137E+00, 5.6079E+00,-3.6377E-01, 2.5171E+00,-5.3589E-01, 4.6997E+00,-3.4058E-01, 6.1780E+00
"B                                                                                                                     "
   1558.230, -70441.760, 1.4478E+00, 5.5115E+00,-3.5522E-01, 2.5183E+00,-5.2734E-01, 4.6985E+00,-4.0405E-01, 6.1072E+00
"D                                                                                                                     "
   1680.360, -70319.630, 1.9299E+00, 6.0217E+00,-3.5767E-01, 2.5171E+00,-5.3833E-01, 4.6960E+00,-2.0996E-01, 6.2939E+00
"C                                                                                                                     "
   1681.320, -70318.670, 1.9397E+00, 6.2390E+00,-3.6133E-01, 2.5171E+00,-5.3467E-01, 4.6960E+00,-3.6499E-01, 6.1560E+00
"D                                                                                                                     "
   1688.970, -70311.020, 2.1082E+00, 6.1694E+00,-3.6377E-01, 2.5171E+00,-5.3101E-01, 4.6960E+00,-3.5034E-01, 6.1658E+00
"B                                                                                                                     "
   1689.480, -70310.510, 2.2290E+00, 6.2708E+00,-3.6133E-01, 2.5183E+00,-5.3467E-01, 4.6960E+00,-3.4912E-01, 6.1658E+00
"C                                                                                                                     "
   1690.540, -70309.450, 2.1423E+00, 6.2390E+00,-3.3325E-01, 2.5427E+00,-5.4077E-01, 4.6960E+00,-3.1128E-01, 6.2073E+00
"D                                                                                                                     "
   1700.940, -70299.050, 2.0337E+00, 6.0962E+00,-3.6011E-01, 2.5171E+00,-5.3589E-01, 4.6973E+00,-4.6997E-01, 6.0510E+00
"C                                                                                                                     "
   1702.100, -70297.890, 2.1411E+00, 6.2268E+00,-3.5767E-01, 2.5171E+00,-5.3711E-01, 4.6960E+00,-4.3945E-01, 6.0791E+00
"D                                                                                                                     "
   1719.020, -70280.970, 2.1484E+00, 6.2561E+00,-3.6377E-01, 2.5171E+00,-5.3955E-01, 4.6960E+00,-4.4312E-01, 6.0791E+00
"C                                                                                                                     "
   1719.980, -70280.010, 1.9519E+00, 6.1816E+00,-3.6133E-01, 2.5171E+00,-5.3223E-01, 4.6960E+00,-4.3335E-01, 6.0828E+00
"D                                                                                                                     "
   1729.460, -70270.530, 2.2046E+00, 6.2378E+00,-3.5889E-01, 2.5171E+00,-5.3345E-01, 4.6960E+00,-3.2349E-01, 6.1853E+00
"C                                                                                                                     "
   1730.940, -70269.050, 2.1606E+00, 6.1890E+00,-3.5645E-01, 2.5171E+00,-5.3223E-01, 4.6960E+00,-3.5156E-01, 6.1621E+00
"D                                                                                                                     "
   1733.820, -70266.170, 1.9922E+00, 6.1401E+00,-3.6133E-01, 2.5171E+00,-5.3711E-01, 4.6960E+00,-3.6621E-01, 6.1499E+00
"C                                                                                                                     "
   1735.360, -70264.630, 2.2375E+00, 6.4380E+00,-3.6621E-01, 2.5171E+00,-5.3833E-01, 4.6948E+00,-3.7354E-01, 6.1462E+00
"D                                                                                                                     "
   1743.160, -70256.830, 2.1387E+00, 6.2378E+00,-3.5645E-01, 2.5171E+00,-5.3467E-01, 4.6948E+00,-3.5889E-01, 6.1426E+00
"C                                                                                                                     "
   1745.060, -70254.930, 2.0911E+00, 6.1633E+00,-3.5889E-01, 2.5171E+00,-5.3101E-01, 4.6960E+00,-2.4536E-01, 6.2695E+00
"D                                                                                                                     "
   1797.940, -70202.050, 2.2607E+00, 6.2793E+00,-3.5278E-01, 2.5159E+00,-5.3589E-01, 4.6936E+00,-3.5889E-01, 6.1523E+00
"C                                                                                                                     "
   1816.540, -70183.450, 1.9397E+00, 6.0266E+00,-3.6621E-01, 2.5159E+00,-4.9927E-01, 4.7302E+00,-2.5757E-01, 6.2671E+00
"P                                                                                                                     "
   1817.480, -70182.510,-3.4668E-01, 4.3945E+00,-3.6133E-01, 2.5159E+00,-5.1025E-01, 4.7192E+00,-2.4536E-01, 6.2646E+00
"Z                                                                                                                     "
   6811.660, -65188.330, 6.2256E-01, 4.5703E+00,-3.5767E-01, 2.5183E+00,-5.1514E-01, 4.7144E+00,-3.1982E-01, 6.1987E+00
"P                                                                                                                     "
   6859.860, -65140.130,-5.2246E-01, 3.7805E+00,-3.5156E-01, 2.5183E+00,-5.1392E-01, 4.7168E+00,-3.1860E-01, 6.1987E+00
"Z                                                                                                                     "
   7051.440, -64948.550, 5.3833E-01, 4.4092E+00,-3.5400E-01, 2.5171E+00,-5.2246E-01, 4.7083E+00,-3.1616E-01, 6.1975E+00
"P                                                                                                                     "
   7093.820, -64906.170,-1.4893E-01, 3.9819E+00,-3.0884E-01, 2.5427E+00,-5.2246E-01, 4.7083E+00,-3.2104E-01, 6.1963E+00
"B2                                                                                                                    "
   7097.760, -64902.230,-1.1719E-01, 4.0149E+00,-3.5400E-01, 2.5171E+00,-5.2734E-01, 4.7083E+00,-3.1738E-01, 6.1963E+00
"P                                                                                                                     "
   7126.280, -64873.710,-1.9409E-01, 3.9429E+00,-3.5522E-01, 2.5171E+00,-5.1758E-01, 4.7083E+00,-3.1982E-01, 6.1963E+00
"B2                                                                                                                    "
   7132.180, -64867.810,-2.7710E-01, 3.8452E+00,-3.5400E-01, 2.5171E+00,-5.1636E-01, 4.7083E+00,-3.1738E-01, 6.1963E+00
"P                                                                                                                     "
   7176.160, -64823.830,-8.6914E-01, 3.6389E+00,-3.5889E-01, 2.5171E+00,-5.2002E-01, 4.7070E+00,-3.2104E-01, 6.1951E+00
"Z                                                                                                                     "
   7255.820, -64744.170, 6.3477E-02, 4.0906E+00,-3.5400E-01, 2.5244E+00,-5.2490E-01, 4.7083E+00,-3.1982E-01, 6.1963E+00
"P                                                                                                                     "
   7273.080, -64726.910,-4.6997E-01, 3.6890E+00,-3.6255E-01, 2.5171E+00,-5.2124E-01, 4.7095E+00,-3.1982E-01, 6.1963E+00
"C                                                                                                                     "
   7279.080, -64720.910,-5.3711E-02, 4.0637E+00,-3.4790E-01, 2.5208E+00,-5.2002E-01, 4.7095E+00,-3.1860E-01, 6.1963E+00
"D                                                                                                                     "
   7297.760, -64702.230, 2.7344E-01, 4.4336E+00,-3.5156E-01, 2.5183E+00,-5.2002E-01, 4.7119E+00,-3.1982E-01, 6.1963E+00
"F2                                                                                                                    "
   7300.200, -64699.790, 2.7222E-01, 4.3848E+00,-3.5889E-01, 2.5171E+00,-5.2002E-01, 4.7107E+00,-3.1982E-01, 6.1963E+00
"FB                                                                                                                    "
   7305.180, -64694.810, 4.3823E-01, 4.6069E+00,-3.5645E-01, 2.5171E+00,-5.1758E-01, 4.7107E+00,-3.1860E-01, 6.1963E+00
"C                                                                                                                     "
   7309.830, -64690.160, 4.2480E-01, 4.5581E+00,-3.5767E-01, 2.5171E+00,-5.2002E-01, 4.7107E+00,-3.1982E-01, 6.1963E+00
"D                                                                                                                     "
   7312.080, -64687.910, 6.8604E-01, 4.7314E+00,-3.5278E-01, 2.5171E+00,-5.1636E-01, 4.7107E+00,-3.1616E-01, 6.1963E+00
"C                                                                                                                     "
   7315.020, -64684.970, 5.1636E-01, 4.6191E+00,-3.5400E-01, 2.5171E+00,-5.1636E-01, 4.7095E+00,-3.1616E-01, 6.1963E+00
"D                                                                                                                     "
   7326.990, -64673.000, 3.4180E-01, 4.4617E+00,-3.5278E-01, 2.5171E+00,-5.1880E-01, 4.7107E+00,-3.1616E-01, 6.1975E+00
"F2                                                                                                                    "
   7328.010, -64671.980, 3.1738E-01, 4.4751E+00,-3.6133E-01, 2.5183E+00,-5.2002E-01, 4.7107E+00,-3.1738E-01, 6.1987E+00
"FB                                                                                                                    "
   7329.900, -64670.090, 2.9419E-01, 4.4604E+00,-3.6011E-01, 2.5171E+00,-5.1758E-01, 4.7107E+00,-3.1982E-01, 6.1975E+00
"B                                                                                                                     "
   7354.230, -64645.760,-2.4414E-02, 4.0845E+00,-3.5034E-01, 2.5183E+00,-5.1270E-01, 4.7119E+00,-3.1616E-01, 6.1975E+00
"C                                                                                                                     "
   7356.450, -64643.540, 4.2480E-01, 4.5569E+00,-3.5278E-01, 2.5183E+00,-5.1636E-01, 4.7119E+00,-3.1372E-01, 6.1987E+00
"D                                                                                                                     "
   7424.280, -64575.710, 6.2012E-01, 4.7205E+00,-3.5522E-01, 2.5183E+00,-5.1514E-01, 4.7119E+00,-3.1494E-01, 6.1987E+00
"F2                                                                                                                    "
   7425.090, -64574.900, 5.9204E-01, 4.7437E+00,-3.5889E-01, 2.5183E+00,-5.1758E-01, 4.7107E+00,-3.1616E-01, 6.1987E+00
"C                                                                                                                     "
   7432.530, -64567.460, 9.1431E-01, 5.0281E+00,-3.4058E-01, 2.5317E+00,-5.2124E-01, 4.7107E+00,-3.1616E-01, 6.1987E+00
"B                                                                                                                     "
   7436.310, -64563.680, 9.0332E-01, 5.0171E+00,-3.5156E-01, 2.5183E+00,-5.1392E-01, 4.7107E+00,-3.1372E-01, 6.1975E+00
"D                                                                                                                     "
   7456.080, -64543.910, 7.5195E-01, 4.8572E+00,-3.5156E-01, 2.5183E+00,-5.2246E-01, 4.7107E+00,-3.2471E-01, 6.2085E+00
"F2                                                                                                                    "
   7457.610, -64542.380, 7.5562E-01, 4.8657E+00,-3.5522E-01, 2.5183E+00,-5.2124E-01, 4.7119E+00,-3.1738E-01, 6.1987E+00
"B                                                                                                                     "
   7460.910, -64539.080, 4.6387E-01, 4.5825E+00,-3.5522E-01, 2.5195E+00,-5.1758E-01, 4.7095E+00,-3.0396E-01, 6.2061E+00
"C                                                                                                                     "
   7476.510, -64523.480, 8.4473E-01, 5.0464E+00,-3.5645E-01, 2.5183E+00,-5.1880E-01, 4.7107E+00,-3.4668E-01, 6.1694E+00
"B                                                                                                                     "
   7478.670, -64521.320, 8.0688E-01, 4.8999E+00,-3.5156E-01, 2.5183E+00,-5.1514E-01, 4.7119E+00,-3.2104E-01, 6.1914E+00
"C                                                                                                                     "
   7480.350, -64519.640, 1.0266E+00, 5.1282E+00,-3.5278E-01, 2.5183E+00,-5.1636E-01, 4.7107E+00,-3.2104E-01, 6.1951E+00
"D                                                                                                                     "
   7504.530, -64495.460, 1.1487E+00, 5.2588E+00,-3.5400E-01, 2.5183E+00,-5.1880E-01, 4.7107E+00,-3.1738E-01, 6.1987E+00
"C                                                                                                                     "
   7506.930, -64493.060, 1.1023E+00, 5.2039E+00,-3.5278E-01, 2.5183E+00,-5.1758E-01, 4.7107E+00,-3.1860E-01, 6.1987E+00
"D                                                                                                                     "
   7537.320, -64462.670, 2.0923E+00, 6.0791E+00,-3.5156E-01, 2.5183E+00,-5.2368E-01, 4.7095E+00,-3.1616E-01, 6.1987E+00
"C                                                                                                                     "
   7537.860, -64462.130, 9.4482E-01, 5.0476E+00,-3.5522E-01, 2.5171E+00,-5.2124E-01, 4.7095E+00,-3.1860E-01, 6.1975E+00
"B                                                                                                                     "
   7539.150, -64460.840, 7.7637E-01, 4.8621E+00,-3.5522E-01, 2.5171E+00,-5.1758E-01, 4.7107E+00,-3.1738E-01, 6.1975E+00
"F2                                                                                                                    "
   7540.500, -64459.490, 6.5063E-01, 4.7742E+00,-3.5767E-01, 2.5183E+00,-5.1758E-01, 4.7083E+00,-3.1860E-01, 6.1975E+00
"B                                                                                                                     "
   7545.390, -64454.600, 4.5044E-01, 4.5740E+00,-3.5645E-01, 2.5171E+00,-5.2490E-01, 4.7083E+00,-3.1860E-01, 6.1975E+00
"C                                                                                                                     "
   7548.870, -64451.120, 9.2285E-01, 5.0354E+00,-3.5645E-01, 2.5183E+00,-5.2002E-01, 4.7083E+00,-3.1616E-01, 6.1975E+00
"D                                                                                                                     "
   7687.080, -64312.910, 1.0706E+00, 5.1807E+00,-3.5767E-01, 2.5171E+00,-5.2246E-01, 4.7058E+00,-3.1860E-01, 6.1963E+00
"F2                                                                                                                    "
   7688.910, -64311.080, 1.1218E+00, 5.1514E+00,-3.5645E-01, 2.5171E+00,-5.3223E-01, 4.7009E+00,-3.1860E-01, 6.1963E+00
"B                                                                                                                     "
   7692.030, -64307.960, 1.1023E+00, 4.7681E+00,-3.5645E-01, 2.5159E+00,-5.2612E-01, 4.7034E+00,-3.1982E-01, 6.1963E+00
"C                                                                                                                     "
   7694.430, -64305.560, 8.1909E-01, 4.9512E+00,-3.5767E-01, 2.5171E+00,-5.2734E-01, 4.7046E+00,-3.1860E-01, 6.1963E+00
"D                                                                                                                     "
   7805.640, -64194.350, 1.1487E+00, 5.1807E+00,-3.5400E-01, 2.5171E+00,-5.2124E-01, 4.7070E+00,-3.1616E-01, 6.1975E+00
"B                                                                                                                     "
   7807.080, -64192.910, 1.1584E+00, 5.3149E+00,-3.5278E-01, 2.5171E+00,-5.2734E-01, 4.7058E+00,-3.1860E-01, 6.1975E+00
"C                                                                                                                     "
   7808.160, -64191.830, 1.1841E+00, 5.2869E+00,-3.5767E-01, 2.5171E+00,-5.2002E-01, 4.7058E+00,-3.1494E-01, 6.1975E+00
"D                                                                                                                     "
   8202.420, -63797.570, 9.6313E-01, 5.0989E+00,-3.5889E-01, 2.5171E+00,-5.2246E-01, 4.7046E+00,-3.1616E-01, 6.1963E+00
"F2                                                                                                                    "
   8203.830, -63796.160, 8.7280E-01, 4.9829E+00,-3.5522E-01, 2.5171E+00,-5.2002E-01, 4.7046E+00,-3.1616E-01, 6.1963E+00
"FB                                                                                                                    "
   8206.800, -63793.190, 9.5581E-01, 5.0452E+00,-3.5645E-01, 2.5171E+00,-5.2490E-01, 4.7046E+00,-2.9907E-01, 6.2085E+00
"C                                                                                                                     "
   8207.580, -63792.410, 1.1438E+00, 5.2478E+00,-3.6011E-01, 2.5171E+00,-5.2124E-01, 4.7046E+00,-3.1616E-01, 6.1963E+00
"D                                                                                                                     "
   8224.410, -63775.580, 9.0454E-01, 5.0354E+00,-3.5767E-01, 2.5159E+00,-5.2734E-01, 4.7046E+00,-3.0151E-01, 6.2146E+00
"C                                                                                                                     "
   8226.450, -63773.540, 1.5344E+00, 5.4712E+00,-3.5645E-01, 2.5159E+00,-5.2979E-01, 4.7046E+00,-2.6611E-01, 6.2512E+00
"D                                                                                                                     "
   9427.290, -62572.700, 7.6416E-01, 4.9951E+00,-3.4302E-01, 2.5342E+00,-5.2612E-01, 4.7021E+00,-3.1616E-01, 6.1951E+00
"F2                                                                                                                    "
   9428.460, -62571.530, 8.2642E-01, 4.8914E+00,-3.0273E-01, 2.5720E+00,-5.2246E-01, 4.7021E+00,-3.1616E-01, 6.1963E+00
"B                                                                                                                     "
   9431.550, -62568.440, 1.0010E+00, 5.0024E+00,-3.5400E-01, 2.5159E+00,-5.2490E-01, 4.7021E+00,-3.1860E-01, 6.1951E+00
"C                                                                                                                     "
   9432.810, -62567.180, 9.1431E-01, 5.2002E+00,-3.5889E-01, 2.5146E+00,-5.2856E-01, 4.7009E+00,-3.2104E-01, 6.1963E+00
"D                                                                                                                     "
   9435.420, -62564.570, 9.3018E-01, 4.9963E+00,-3.5645E-01, 2.5159E+00,-5.2612E-01, 4.7009E+00,-3.1982E-01, 6.1951E+00
"C                                                                                                                     "
   9436.230, -62563.760, 1.4526E+00, 5.4163E+00,-3.5645E-01, 2.5171E+00,-5.2979E-01, 4.7021E+00,-3.1982E-01, 6.1963E+00
"D                                                                                                                     "
   9449.610, -62550.380, 9.0820E-01, 5.0061E+00,-3.5645E-01, 2.5159E+00,-5.3345E-01, 4.7009E+00,-3.1982E-01, 6.1951E+00
"C                                                                                                                     "
   9450.390, -62549.600, 1.0156E+00, 5.1868E+00,-3.5400E-01, 2.5159E+00,-5.2734E-01, 4.7009E+00,-3.1738E-01, 6.1963E+00
"D                                                                                                                     "
   9784.290, -62215.700, 9.1064E-01, 4.9561E+00,-3.5278E-01, 2.5171E+00,-5.1758E-01, 4.7070E+00,-3.1372E-01, 6.1987E+00
"C                                                                                                                     "
   9785.610, -62214.380, 9.5581E-01, 5.1868E+00,-3.5278E-01, 2.5171E+00,-5.2612E-01, 4.7058E+00,-3.1616E-01, 6.1987E+00
"D                                                                                                                     "
   9933.300, -62066.690, 7.1045E-01, 4.8425E+00,-3.5767E-01, 2.5159E+00,-5.2490E-01, 4.7034E+00,-3.1616E-01, 6.1975E+00
"F2                                                                                                                    "
   9934.470, -62065.520, 7.5684E-01, 4.8364E+00,-3.5278E-01, 2.5171E+00,-5.2246E-01, 4.7046E+00,-3.1982E-01, 6.1975E+00
"B                                                                                                                     "
   9936.600, -62063.390, 7.5317E-01, 4.8352E+00,-3.5645E-01, 2.5159E+00,-5.2490E-01, 4.7046E+00,-3.1860E-01, 6.1975E+00
"C                                                                                                                     "
   9937.170, -62062.820, 6.8604E-01, 4.9036E+00,-3.5522E-01, 2.5159E+00,-5.2856E-01, 4.7046E+00,-3.1738E-01, 6.1975E+00
"B                                                                                                                     "
   9939.270, -62060.720, 7.5684E-01, 4.8743E+00,-3.5767E-01, 2.5159E+00,-5.2856E-01, 4.7034E+00,-3.1738E-01, 6.1975E+00
"C                                                                                                                     "
   9939.870, -62060.120, 7.9346E-01, 4.9280E+00,-3.5522E-01, 2.5159E+00,-5.2490E-01, 4.7046E+00,-3.1494E-01, 6.1975E+00
"D                                                                                                                     "
   9949.170, -62050.820, 6.8604E-01, 4.8413E+00,-3.5522E-01, 2.5159E+00,-5.2246E-01, 4.7034E+00,-3.1616E-01, 6.1975E+00
"B                                                                                                                     "
   9950.160, -62049.830, 8.8257E-01, 4.9792E+00,-3.5034E-01, 2.5159E+00,-5.2246E-01, 4.7034E+00,-3.1738E-01, 6.1975E+00
"C                                                                                                                     "
   9950.790, -62049.200, 1.1487E+00, 5.3052E+00,-3.5400E-01, 2.5159E+00,-5.2124E-01, 4.7034E+00,-3.1738E-01, 6.1975E+00
"D                                                                                                                     "
   9953.400, -62046.590, 7.0313E-01, 4.8535E+00,-3.6011E-01, 2.5159E+00,-5.2734E-01, 4.7034E+00,-3.1982E-01, 6.1963E+00
"B                                                                                                                     "
   9954.360, -62045.630, 1.3281E+00, 5.2136E+00,-3.5400E-01, 2.5159E+00,-5.2246E-01, 4.7034E+00,-3.1616E-01, 6.1975E+00
"C                                                                                                                     "
   9955.020, -62044.970, 9.1309E-01, 5.0977E+00,-3.5522E-01, 2.5159E+00,-5.2368E-01, 4.7034E+00,-3.1494E-01, 6.1975E+00
"D                                                                                                                     "
  10184.430, -61815.560, 6.7993E-01, 4.8828E+00,-3.5156E-01, 2.5159E+00,-5.2246E-01, 4.7034E+00,-3.1494E-01, 6.1975E+00
"C                                                                                                                     "
  10186.110, -61813.880, 8.8501E-01, 4.9841E+00,-3.5889E-01, 2.5159E+00,-5.2612E-01, 4.7034E+00,-3.1738E-01, 6.1975E+00
"D                                                                                                                     "
  10357.650, -61642.340, 6.9946E-01, 4.8462E+00,-3.5400E-01, 2.5171E+00,-5.2124E-01, 4.7070E+00,-3.1250E-01, 6.2000E+00
"B                                                                                                                     "
  10362.450, -61637.540, 2.7588E-01, 4.4043E+00,-3.5156E-01, 2.5171E+00,-5.2856E-01, 4.7058E+00,-3.1616E-01, 6.2000E+00
"C                                                                                                                     "
  10363.680, -61636.310, 1.2769E+00, 5.3589E+00,-3.5767E-01, 2.5171E+00,-5.2612E-01, 4.7058E+00,-3.1494E-01, 6.2000E+00
"D                                                                                                                     "
  10450.830, -61549.160, 5.1392E-01, 4.7046E+00,-3.5522E-01, 2.5171E+00,-5.2002E-01, 4.7058E+00,-3.1616E-01, 6.2012E+00
"B                                                                                                                     "
  10453.140, -61546.850, 3.5889E-01, 4.5361E+00,-3.5645E-01, 2.5171E+00,-5.2979E-01, 4.7058E+00,-3.1372E-01, 6.2000E+00
"C                                                                                                                     "
  10454.130, -61545.860, 9.0820E-01, 5.0403E+00,-3.5400E-01, 2.5171E+00,-5.2856E-01, 4.7046E+00,-3.1494E-01, 6.2000E+00
"D                                                                                                                     "
  10474.530, -61525.460, 5.2490E-01, 4.6472E+00,-3.5156E-01, 2.5171E+00,-5.2002E-01, 4.7046E+00,-3.1006E-01, 6.2024E+00
"B                                                                                                                     "
  10475.070, -61524.920, 6.4331E-01, 4.7607E+00,-3.5156E-01, 2.5171E+00,-5.2368E-01, 4.7046E+00,-3.1006E-01, 6.2024E+00
"F2                                                                                                                    "
  10476.450, -61523.540, 5.7983E-01, 4.6851E+00,-3.5400E-01, 2.5171E+00,-5.2246E-01, 4.7046E+00,-3.0762E-01, 6.2036E+00
"B                                                                                                                     "
  10480.740, -61519.250, 4.1626E-01, 4.5630E+00,-3.5522E-01, 2.5171E+00,-5.2734E-01, 4.7046E+00,-2.4292E-01, 6.2646E+00
"C                                                                                                                     "
  10482.060, -61517.930, 7.7515E-01, 4.8730E+00,-3.5156E-01, 2.5171E+00,-5.2246E-01, 4.7046E+00,-2.6978E-01, 6.2451E+00
"Z                                                                                                                     "
  31240.020, -40759.970,-6.0669E-01, 3.5425E+00,-3.5645E-01, 2.5110E+00, 6.6040E-01, 5.8911E+00,-3.1982E-01, 6.1951E+00
"P                                                                                                                     "
  31287.240, -40712.750,-6.6406E-01, 3.4692E+00,-3.5645E-01, 2.5122E+00, 8.2153E-01, 6.0291E+00,-3.1738E-01, 6.1963E+00
"B2                                                                                                                    "
  31291.440, -40708.550,-6.5796E-01, 3.4924E+00,-3.5645E-01, 2.5122E+00, 6.6650E-01, 5.8813E+00,-3.1616E-01, 6.1963E+00
"P                                                                                                                     "
  31318.050, -40681.940, 2.1240E-01, 4.0540E+00,-3.5522E-01, 2.5122E+00, 6.9458E-01, 5.9167E+00,-3.1616E-01, 6.1963E+00
"C                                                                                                                     "
  31323.600, -40676.390,-1.1597E-01, 4.0283E+00,-3.5400E-01, 2.5122E+00, 9.5581E-01, 6.1658E+00,-3.1738E-01, 6.1963E+00
"D                                                                                                                     "
  31334.280, -40665.710, 1.1719E-01, 4.2529E+00,-3.5400E-01, 2.5110E+00, 7.7026E-01, 5.9924E+00,-3.1616E-01, 6.1963E+00
"C                                                                                                                     "
  31338.510, -40661.480, 1.3428E-01, 4.2651E+00,-3.5400E-01, 2.5122E+00, 1.0022E+00, 6.3184E+00,-3.1372E-01, 6.1975E+00
"D                                                                                                                     "
  31396.620, -40603.370, 5.4932E-01, 4.6533E+00,-3.5156E-01, 2.5122E+00, 8.9722E-01, 6.1035E+00,-3.1372E-01, 6.1975E+00
"F2                                                                                                                    "
  31399.530, -40600.460, 6.4575E-01, 4.7913E+00,-3.5278E-01, 2.5134E+00, 1.0657E+00, 6.2695E+00,-3.1738E-01, 6.1975E+00
"B                                                                                                                     "
  31404.060, -40595.930, 6.0059E-01, 4.7278E+00,-3.4912E-01, 2.5122E+00, 8.3496E-01, 6.0474E+00,-3.1494E-01, 6.1975E+00
"D                                                                                                                      "
  31406.760, -40593.230, 6.7749E-01, 4.8145E+00,-3.4912E-01, 2.5122E+00, 9.9976E-01, 6.2695E+00,-3.1616E-01, 6.1975E+00
"C                                                                                                                     "
  31409.490, -40590.500, 8.8989E-01, 5.0134E+00,-3.5645E-01, 2.5122E+00, 8.8745E-01, 6.1060E+00,-3.1616E-01, 6.1975E+00
"D                                                                                                                     "
  31475.370, -40524.620, 1.2964E+00, 5.3674E+00,-3.5034E-01, 2.5122E+00, 9.9731E-01, 6.2073E+00,-3.1616E-01, 6.1975E+00
"C                                                                                                                     "
  31475.880, -40524.110, 1.2354E+00, 5.3601E+00,-3.5645E-01, 2.5122E+00, 9.8999E-01, 6.2000E+00,-3.1738E-01, 6.1975E+00
"FB                                                                                                                    "
  31478.730, -40521.260, 1.2317E+00, 5.4150E+00,-3.5278E-01, 2.5134E+00, 7.8491E-01, 6.0071E+00,-3.1616E-01, 6.1975E+00
"B                                                                                                                     "
  31480.800, -40519.190, 1.3550E+00, 5.4736E+00,-3.5034E-01, 2.5134E+00, 9.5825E-01, 6.0925E+00,-3.1494E-01, 6.1975E+00
"C                                                                                                                     "
  31482.900, -40517.090, 2.0093E+00, 5.9021E+00,-3.5400E-01, 2.5134E+00, 6.9580E-01, 5.9302E+00,-3.1616E-01, 6.1975E+00
"D                                                                                                                     "
  31534.980, -40465.010, 1.1206E+00, 5.2356E+00,-3.5645E-01, 2.5134E+00, 9.3018E-01, 6.1499E+00,-3.1738E-01, 6.1975E+00
"F2                                                                                                                    "
  31536.600, -40463.390, 1.2463E+00, 5.3369E+00,-3.5645E-01, 2.5122E+00, 9.0210E-01, 6.1157E+00,-3.1616E-01, 6.1975E+00
"FB                                                                                                                    "
  31539.870, -40460.120, 9.9487E-01, 5.0867E+00,-3.5278E-01, 2.5122E+00, 7.7393E-01, 5.9888E+00,-3.1738E-01, 6.1975E+00
"B                                                                                                                     "
  31542.060, -40457.930, 8.2764E-01, 4.9622E+00,-3.5522E-01, 2.5122E+00, 7.8125E-01, 6.0046E+00,-3.1616E-01, 6.1963E+00
"C                                                                                                                     "
  31545.000, -40454.990, 1.3318E+00, 5.4590E+00,-3.5156E-01, 2.5122E+00, 6.8970E-01, 5.9082E+00,-3.1494E-01, 6.1963E+00
"D                                                                                                                     "
  31637.490, -40362.500, 1.1865E+00, 5.3552E+00,-3.5522E-01, 2.5122E+00, 6.9214E-01, 5.9094E+00,-3.1494E-01, 6.1963E+00
"F2                                                                                                                    "
  31639.020, -40360.970, 1.1096E+00, 5.2380E+00,-3.5400E-01, 2.5122E+00, 7.0557E-01, 5.9155E+00,-3.1616E-01, 6.1963E+00
"FB                                                                                                                    "
  31643.040, -40356.950, 1.2134E+00, 5.3076E+00,-3.5156E-01, 2.5122E+00, 6.2744E-01, 5.8350E+00,-3.1738E-01, 6.1951E+00
"B                                                                                                                     "
  31646.160, -40353.830, 1.3196E+00, 5.3577E+00,-3.5156E-01, 2.5122E+00, 6.9702E-01, 5.9094E+00,-3.1616E-01, 6.1951E+00
"C                                                                                                                     "
  31647.630, -40352.360, 1.4575E+00, 5.5737E+00,-3.5034E-01, 2.5122E+00, 6.9946E-01, 5.9167E+00,-3.1860E-01, 6.1951E+00
"D                                                                                                                     "
  31863.990, -40136.000, 1.6199E+00, 5.7275E+00,-3.5400E-01, 2.5098E+00, 6.3354E-01, 5.8594E+00,-3.1982E-01, 6.1926E+00
"F2                                                                                                                    "
  31865.370, -40134.620, 1.5906E+00, 5.6470E+00,-3.5522E-01, 2.5122E+00, 6.2256E-01, 5.8325E+00,-3.1982E-01, 6.1938E+00
"FB                                                                                                                    "
  31866.960, -40133.030, 1.7346E+00, 5.8228E+00,-3.5767E-01, 2.5110E+00, 6.5186E-01, 5.8679E+00,-3.1982E-01, 6.1938E+00
"F2                                                                                                                    "
  31867.770, -40132.220, 1.4258E+00, 5.5310E+00,-3.5278E-01, 2.5110E+00, 5.7739E-01, 5.7849E+00,-3.1860E-01, 6.1926E+00
"B                                                                                                                     "
  31870.380, -40129.610, 1.6968E+00, 5.6714E+00,-3.5034E-01, 2.5110E+00, 1.6125E+00, 6.7834E+00,-3.1982E-01, 6.1926E+00
"C                                                                                                                     "
  31876.740, -40123.250, 1.5723E+00, 5.6628E+00,-3.5156E-01, 2.5110E+00, 9.3140E-01, 6.1377E+00,-3.1860E-01, 6.1926E+00
"D                                                                                                                     "
  32154.360, -39845.630, 1.6711E+00, 5.7703E+00,-3.5645E-01, 2.5085E+00, 5.2979E-01, 5.7581E+00,-3.2349E-01, 6.1914E+00
"F2                                                                                                                    "
  32155.740, -39844.250, 1.5173E+00, 5.5847E+00,-3.5645E-01, 2.5085E+00, 1.4636E+00, 6.6809E+00,-3.2227E-01, 6.1914E+00
"FB                                                                                                                    "
  32157.060, -39842.930, 1.4526E+00, 5.6506E+00,-3.6011E-01, 2.5085E+00, 9.8755E-01, 6.2244E+00,-3.2104E-01, 6.1902E+00
"F2                                                                                                                    "
  32157.780, -39842.210, 1.5100E+00, 5.5896E+00,-3.5645E-01, 2.5098E+00, 9.9854E-01, 6.2061E+00,-3.1982E-01, 6.1902E+00
"FB                                                                                                                    "
  32160.990, -39839.000, 1.5771E+00, 5.6897E+00,-3.5400E-01, 2.5085E+00, 9.9609E-01, 6.2097E+00,-3.2227E-01, 6.1902E+00
"B                                                                                                                     "
  32165.040, -39834.950, 1.6382E+00, 5.7434E+00,-3.5767E-01, 2.5085E+00, 1.1108E+00, 6.3281E+00,-3.2104E-01, 6.1914E+00
"C                                                                                                                     "
  32166.450, -39833.540, 1.7175E+00, 5.8276E+00,-3.6621E-01, 2.5098E+00, 1.0901E+00, 6.3074E+00,-3.2471E-01, 6.1914E+00
"D                                                                                                                     "
  32625.060, -39374.930, 1.6272E+00, 5.7202E+00,-3.4912E-01, 2.5146E+00, 9.7534E-01, 6.1792E+00,-3.1616E-01, 6.1975E+00
"FB                                                                                                                    "
  32627.640, -39372.350, 1.4734E+00, 5.5713E+00,-3.5278E-01, 2.5134E+00, 8.4961E-01, 6.0706E+00,-3.1616E-01, 6.1975E+00
"B                                                                                                                     "
  32630.730, -39369.260, 1.7542E+00, 5.7825E+00,-3.5522E-01, 2.5134E+00, 8.8135E-01, 6.0779E+00,-3.1494E-01, 6.1963E+00
"C                                                                                                                     "
  32631.810, -39368.180, 1.5625E+00, 5.6641E+00,-3.5278E-01, 2.5134E+00, 9.3994E-01, 6.1523E+00,-3.1372E-01, 6.1963E+00
"D                                                                                                                     "
  32640.120, -39359.870, 1.2109E+00, 5.2649E+00,-3.5400E-01, 2.5134E+00, 7.7637E-01, 5.9875E+00,-3.1738E-01, 6.1963E+00
"C                                                                                                                     "
  32641.530, -39358.460, 1.8176E+00, 5.9021E+00,-3.5767E-01, 2.5134E+00, 1.1816E+00, 6.2195E+00,-3.1738E-01, 6.1963E+00
"D                                                                                                                     "
  32930.160, -39069.830, 1.3916E+00, 5.5249E+00,-3.5645E-01, 2.5122E+00, 7.2754E-01, 5.9302E+00,-3.1860E-01, 6.1938E+00
"FB                                                                                                                    "
  32932.410, -39067.580, 1.3232E+00, 5.4431E+00,-3.5400E-01, 2.5122E+00, 7.5073E-01, 5.9485E+00,-3.1982E-01, 6.1938E+00
"F2                                                                                                                    "
  32932.980, -39067.010, 1.4551E+00, 5.5151E+00,-3.6011E-01, 2.5122E+00, 7.1411E-01, 5.9351E+00,-3.1982E-01, 6.1938E+00
"B                                                                                                                     "
  32934.540, -39065.450, 1.8005E+00, 5.8569E+00,-3.5278E-01, 2.5122E+00, 7.5073E-01, 5.9583E+00,-3.2104E-01, 6.1938E+00
"C                                                                                                                     "
  32935.260, -39064.730, 1.6479E+00, 5.8142E+00,-3.5400E-01, 2.5122E+00, 7.1777E-01, 5.9375E+00,-3.1860E-01, 6.1938E+00
"D                                                                                                                     "
  33285.120, -38714.870, 1.7615E+00, 5.8472E+00,-3.5645E-01, 2.5098E+00, 7.3730E-01, 5.9412E+00,-3.2104E-01, 6.1914E+00
"FB                                                                                                                    "
  33287.550, -38712.440, 1.3770E+00, 5.4773E+00,-3.6011E-01, 2.5098E+00, 1.2012E+00, 6.3989E+00,-3.2471E-01, 6.1902E+00
"B                                                                                                                     "
  33293.370, -38706.620, 1.5405E+00, 5.6519E+00,-3.6133E-01, 2.5098E+00, 1.0449E+00, 6.2732E+00,-3.2227E-01, 6.1902E+00
"C                                                                                                                     "
  33295.230, -38704.760, 1.5857E+00, 5.6860E+00,-3.5522E-01, 2.5098E+00, 1.0974E+00, 6.3025E+00,-3.2104E-01, 6.1914E+00
"D                                                                                                                     "
  33580.260, -38419.730, 1.6125E+00, 5.9106E+00,-3.5767E-01, 2.5134E+00, 7.2266E-01, 5.9546E+00,-3.1738E-01, 6.1975E+00
"B                                                                                                                     "
  33582.120, -38417.870, 1.6235E+00, 5.4395E+00,-3.5400E-01, 2.5134E+00, 5.5298E-01, 5.7898E+00,-3.1494E-01, 6.1975E+00
"C                                                                                                                     "
  33582.960, -38417.030, 1.7334E+00, 5.9119E+00,-3.5522E-01, 2.5146E+00, 5.7007E-01, 5.7813E+00,-3.1738E-01, 6.1975E+00
"D                                                                                                                     "
  33666.300, -38333.690, 1.7505E+00, 5.8325E+00,-3.5034E-01, 2.5146E+00, 9.6313E-01, 6.1694E+00,-3.1616E-01, 6.1975E+00
"FB                                                                                                                    "
  33669.690, -38330.300, 1.6394E+00, 5.7349E+00,-3.4912E-01, 2.5146E+00, 1.0242E+00, 6.2317E+00,-3.1616E-01, 6.1975E+00
"B                                                                                                                     "
  33670.530, -38329.460, 1.7419E+00, 5.8533E+00,-3.5767E-01, 2.5146E+00, 1.0217E+00, 6.2427E+00,-3.1494E-01, 6.1975E+00
"C                                                                                                                     "
  33672.030, -38327.960, 1.6687E+00, 5.7825E+00,-3.5645E-01, 2.5146E+00, 9.8877E-01, 6.2000E+00,-3.1616E-01, 6.1975E+00
"G                                                                                                                     "
  33705.810, -38294.180, 2.3572E+00, 6.1938E+00,-3.5645E-01, 2.5146E+00, 8.5083E-01, 6.0681E+00,-3.1494E-01, 6.1975E+00
"CG                                                                                                                    "
  33782.700, -38217.290, 1.9922E+00, 5.8716E+00,-3.5400E-01, 2.5146E+00, 7.9712E-01, 6.0144E+00,-3.1616E-01, 6.1975E+00
"C                                                                                                                     "
  33783.510, -38216.480, 1.6602E+00, 5.7678E+00,-3.5645E-01, 2.5146E+00, 8.9355E-01, 6.1584E+00,-3.1616E-01, 6.1975E+00
"DG                                                                                                                    "
  33872.760, -38127.230, 1.1340E+00, 4.8633E+00,-3.4912E-01, 2.5146E+00, 9.2651E-01, 6.1316E+00,-3.1616E-01, 6.1963E+00
"C                                                                                                                     "
  33873.480, -38126.510, 1.7419E+00, 5.9314E+00,-3.5034E-01, 2.5146E+00, 9.6924E-01, 6.1731E+00,-3.1738E-01, 6.1963E+00
"D                                                                                                                     "
  34013.760, -37986.230, 1.6138E+00, 5.7043E+00,-3.5400E-01, 2.5134E+00, 6.4819E-01, 5.8386E+00,-3.1860E-01, 6.1951E+00
"C                                                                                                                     "
  34015.470, -37984.520, 1.9495E+00, 6.0681E+00,-3.5645E-01, 2.5134E+00, 5.9082E-01, 5.8069E+00,-3.1738E-01, 6.1951E+00
"D                                                                                                                     "
  34144.890, -37855.100, 1.3904E+00, 5.5579E+00,-3.5156E-01, 2.5134E+00, 1.0913E+00, 6.2976E+00,-3.1982E-01, 6.1926E+00
"F2                                                                                                                    "
  34147.470, -37852.520, 1.3635E+00, 5.5029E+00,-3.5156E-01, 2.5122E+00, 8.2764E-01, 6.0535E+00,-3.1860E-01, 6.1938E+00
"B                                                                                                                     "
  34151.520, -37848.470, 1.6553E+00, 5.7568E+00,-3.5278E-01, 2.5134E+00, 8.6792E-01, 6.0999E+00,-3.1982E-01, 6.1938E+00
"C                                                                                                                     "
  34152.570, -37847.420, 1.4880E+00, 5.5969E+00,-3.5645E-01, 2.5134E+00, 9.9609E-01, 6.2366E+00,-3.2104E-01, 6.1926E+00
"D                                                                                                                     "
  34257.930, -37742.060, 1.8384E+00, 5.9387E+00,-3.5645E-01, 2.5122E+00, 6.6772E-01, 5.8875E+00,-3.2104E-01, 6.1926E+00
"DG                                                                                                                    "
  34528.560, -37471.430, 1.4282E+00, 5.5188E+00,-3.5645E-01, 2.5098E+00, 6.2988E-01, 5.8411E+00,-3.2227E-01, 6.1902E+00
"F2                                                                                                                    "
  34530.360, -37469.630, 1.4001E+00, 5.5127E+00,-3.5889E-01, 2.5098E+00, 6.2012E-01, 5.8362E+00,-3.2227E-01, 6.1902E+00
"D                                                                                                                     "
  34533.720, -37466.270, 1.4124E+00, 5.5127E+00,-3.5645E-01, 2.5110E+00, 7.2754E-01, 5.9436E+00,-3.2471E-01, 6.1902E+00
"C                                                                                                                     "
  34537.680, -37462.310, 1.5674E+00, 5.6689E+00,-3.6011E-01, 2.5110E+00, 6.8604E-01, 5.8716E+00,-3.2471E-01, 6.1902E+00
"G                                                                                                                     "
  35787.000, -36212.990,-3.5400E-02, 4.0881E+00,-3.5400E-01, 2.5122E+00, 7.4707E-01, 5.9656E+00,-3.2471E-01, 6.1902E+00
"C                                                                                                                     "
  35792.250, -36207.740,-2.5635E-02, 4.1638E+00,-3.5767E-01, 2.5122E+00, 6.9214E-01, 5.8960E+00,-3.2349E-01, 6.1902E+00
"D                                                                                                                     "
  35980.470, -36019.520, 9.0576E-01, 5.1672E+00,-3.5645E-01, 2.5134E+00, 7.8857E-01, 6.0193E+00,-3.1982E-01, 6.1926E+00
"FB                                                                                                                    "
  35985.840, -36014.150, 8.7769E-01, 4.9805E+00,-3.5889E-01, 2.5122E+00, 7.9712E-01, 6.0217E+00,-3.1860E-01, 6.1926E+00
"C                                                                                                                     "
  35986.740, -36013.250, 9.9609E-01, 5.1123E+00,-3.6011E-01, 2.5122E+00, 8.5205E-01, 6.0095E+00,-3.2104E-01, 6.1926E+00
"D                                                                                                                     "
  36224.700, -35775.290, 1.2537E+00, 5.4163E+00,-3.5278E-01, 2.5159E+00, 1.1377E+00, 6.3574E+00,-3.1494E-01, 6.1975E+00
"G                                                                                                                     "
  36270.510, -35729.480, 1.4734E+00, 5.5750E+00,-3.4912E-01, 2.5159E+00, 6.4209E-01, 5.8618E+00,-3.1738E-01, 6.1975E+00
