"z                                                                                                                     "
    263.970, -71736.020,-5.6030E-01, 3.5815E+00,-3.0884E-01, 2.5708E+00,-4.3091E-01, 4.7803E+00,-3.2227E-01, 6.1963E+00
"P                                                                                                                     "
    287.460, -71712.530,-5.7617E-01, 3.5730E+00,-3.1250E-01, 2.5684E+00, 3.5669E+00, 8.7695E+00,-3.2104E-01, 6.1975E+00
"B2                                                                                                                    "
    291.780, -71708.210,-5.6885E-01, 3.5693E+00, 1.6040E+00, 4.4336E+00, 3.5791E+00, 8.7695E+00,-3.2227E-01, 6.1975E+00
"P                                                                                                                     "
    306.090, -71693.900,-5.7739E-01, 3.5681E+00, 3.7683E+00, 6.5393E+00, 3.4131E+00, 8.6108E+00,-3.1860E-01, 6.1975E+00
"Z                                                                                                                     "
    334.290, -71665.700,-5.8472E-01, 3.5645E+00, 2.9565E+00, 5.7874E+00, 1.6614E+00, 5.7288E+00,-3.2227E-01, 6.1975E+00
"P                                                                                                                     "
    353.610, -71646.380,-5.7251E-01, 3.5681E+00, 2.9272E+00, 5.7422E+00, 2.6392E+00, 7.8503E+00,-3.2104E-01, 6.1963E+00
"B2                                                                                                                    "
    357.600, -71642.390,-5.6274E-01, 3.5730E+00, 2.9089E+00, 5.7031E+00, 2.6489E+00, 7.8784E+00,-3.1738E-01, 6.1963E+00
"P                                                                                                                     "
    363.780, -71636.210,-5.7983E-01, 3.5657E+00, 2.8748E+00, 5.6982E+00, 2.7966E+00, 8.0127E+00,-3.2471E-01, 6.1963E+00
"C                                                                                                                     "
    368.700, -71631.290,-5.7373E-01, 3.5681E+00, 2.8857E+00, 5.7117E+00, 3.3240E+00, 8.3398E+00,-3.2349E-01, 6.1963E+00
"D                                                                                                                     "
    372.360, -71627.630,-5.7373E-01, 3.5669E+00, 2.9407E+00, 5.7483E+00, 2.9749E+00, 8.1628E+00,-3.2471E-01, 6.1963E+00
"B                                                                                                                     "
    373.620, -71626.370,-5.7739E-01, 3.5718E+00, 2.9224E+00, 5.7483E+00, 3.1152E+00, 8.3093E+00,-3.2593E-01, 6.1963E+00
"F2                                                                                                                    "
    376.590, -71623.400,-5.6763E-01, 3.5706E+00, 2.9443E+00, 5.7581E+00, 3.1262E+00, 8.3630E+00,-3.2227E-01, 6.1963E+00
"B                                                                                                                     "
    380.310, -71619.680,-5.6641E-01, 3.5669E+00, 2.9590E+00, 5.7593E+00, 3.2825E+00, 8.4753E+00,-3.2104E-01, 6.1963E+00
"C                                                                                                                     "
    383.610, -71616.380,-5.7495E-01, 3.5681E+00, 2.9761E+00, 5.7788E+00, 2.9846E+00, 8.1787E+00,-3.2227E-01, 6.1963E+00
"D                                                                                                                     "
    497.640, -71502.350,-5.6030E-01, 3.5828E+00, 2.6050E+00, 5.4224E+00, 3.2251E+00, 8.4119E+00,-3.2104E-01, 6.1963E+00
"F2                                                                                                                    "
    501.510, -71498.480,-5.5908E-01, 3.5803E+00, 2.6465E+00, 5.4553E+00, 3.3862E+00, 8.6389E+00,-3.2349E-01, 6.1963E+00
"B                                                                                                                     "
    506.160, -71493.830,-5.5298E-01, 3.5840E+00, 2.7478E+00, 5.5615E+00, 4.6985E+00, 9.7241E+00,-3.1860E-01, 6.1963E+00
"C                                                                                                                     "
    509.550, -71490.440,-5.6641E-01, 3.5852E+00,-2.7710E-01, 2.6074E+00, 3.3838E+00, 8.4033E+00,-3.2593E-01, 6.1963E+00
"D                                                                                                                     "
    516.390, -71483.600,-5.5786E-01, 3.5828E+00,-2.6978E-01, 2.6135E+00, 3.0896E+00, 8.2751E+00,-3.2349E-01, 6.1963E+00
"C                                                                                                                     "
    519.750, -71480.240,-5.5786E-01, 3.5828E+00,-2.3682E-01, 2.6392E+00, 3.2178E+00, 8.5071E+00,-3.2349E-01, 6.1951E+00
"B                                                                                                                     "
    521.820, -71478.170,-5.6396E-01, 3.5815E+00,-2.4658E-01, 2.6294E+00, 3.0908E+00, 8.3057E+00,-3.2227E-01, 6.1963E+00
"C                                                                                                                     "
    523.230, -71476.760,-5.6274E-01, 3.5815E+00,-2.6123E-01, 2.6172E+00, 3.3911E+00, 8.7598E+00,-3.2227E-01, 6.1951E+00
"B                                                                                                                     "
    524.460, -71475.530,-5.6641E-01, 3.5791E+00,-2.7222E-01, 2.6062E+00, 3.1885E+00, 8.3899E+00,-3.1982E-01, 6.1963E+00
"F2                                                                                                                    "
    526.440, -71473.550,-5.7007E-01, 3.5803E+00,-2.9419E-01, 2.5928E+00, 3.1836E+00, 8.5339E+00,-3.2349E-01, 6.1951E+00
"B                                                                                                                     "
    541.860, -71458.130,-5.6274E-01, 3.5828E+00,-2.0996E-01, 2.6746E+00, 3.1641E+00, 8.3752E+00,-3.2349E-01, 6.1963E+00
"C                                                                                                                     "
    544.560, -71455.430,-5.6396E-01, 3.5828E+00,-2.2339E-01, 2.6318E+00, 3.0981E+00, 8.4314E+00,-3.2227E-01, 6.1963E+00
"D                                                                                                                     "
    547.470, -71452.520,-5.6152E-01, 3.5828E+00,-1.8921E-01, 2.6880E+00, 2.7356E+00, 7.9419E+00,-3.2471E-01, 6.1975E+00
"B                                                                                                                     "
    551.250, -71448.740,-5.5420E-01, 3.5828E+00,-1.9287E-01, 2.6917E+00, 3.1421E+00, 8.3240E+00,-3.2104E-01, 6.1963E+00
"D                                                                                                                     "
    563.070, -71436.920,-5.5786E-01, 3.5840E+00,-2.8442E-01, 2.5879E+00, 2.6660E+00, 7.8979E+00,-3.2227E-01, 6.1963E+00
"B                                                                                                                     "
    567.120, -71432.870,-5.5420E-01, 3.5852E+00,-2.9053E-01, 2.5916E+00, 3.1104E+00, 8.2922E+00,-3.2104E-01, 6.1963E+00
"C                                                                                                                     "
    571.860, -71428.130,-5.6030E-01, 3.5840E+00,-2.8809E-01, 2.5928E+00, 3.1555E+00, 8.5583E+00,-3.2227E-01, 6.1963E+00
"D                                                                                                                     "
    713.580, -71286.410,-5.7251E-01, 3.5693E+00, 2.4268E+00, 5.2490E+00, 3.0737E+00, 8.2935E+00, 4.7119E-01, 6.9763E+00
"B                                                                                                                     "
    716.970, -71283.020,-5.7373E-01, 3.5681E+00, 2.2144E+00, 5.0610E+00, 3.0554E+00, 8.3411E+00, 4.3579E-01, 6.9617E+00
"F2                                                                                                                    "
    718.800, -71281.190,-5.6152E-01, 3.5681E+00, 2.1863E+00, 5.0073E+00, 2.7954E+00, 7.9993E+00, 4.1748E-01, 6.9250E+00
"B                                                                                                                     "
    723.150, -71276.840,-5.7007E-01, 3.5681E+00, 1.9910E+00, 4.8132E+00, 2.7759E+00, 7.9590E+00, 4.0649E-01, 6.9128E+00
"C                                                                                                                     "
    726.780, -71273.210,-5.8350E-01, 3.5681E+00, 1.9958E+00, 4.8438E+00, 3.0432E+00, 8.2153E+00, 3.6255E-01, 6.8713E+00
"DG                                                                                                                    "
    854.190, -71145.800,-5.6763E-01, 3.5669E+00, 1.9055E+00, 4.7461E+00,-1.6968E-01, 5.6152E+00, 7.8247E-01, 7.2815E+00
"Z                                                                                                                     "
   6464.040, -65535.950, 1.3306E+00, 5.4456E+00,-3.1006E-01, 2.5659E+00,-4.8828E-01, 4.7424E+00,-3.1860E-01, 6.2012E+00
"P                                                                                                                     "
   6485.820, -65514.170,-3.7842E-01, 3.6914E+00,-3.1006E-01, 2.5635E+00, 1.6113E+00, 6.8359E+00,-3.1372E-01, 6.2024E+00
"B2                                                                                                                    "
   6490.020, -65509.970,-4.4067E-01, 3.6304E+00,-3.0762E-01, 2.5635E+00, 1.6052E+00, 6.8274E+00,-3.1372E-01, 6.2024E+00
"P                                                                                                                     "
   6536.370, -65463.620,-5.2002E-01, 3.6572E+00,-2.9297E-01, 2.5769E+00,-4.0649E-01, 5.0110E+00,-3.1250E-01, 6.2024E+00
"Z                                                                                                                     "
   6548.970, -65451.020,-5.7373E-01, 3.5693E+00,-3.0029E-01, 2.5769E+00, 7.8857E-01, 5.2344E+00,-3.1738E-01, 6.2024E+00
"P                                                                                                                     "
   6593.070, -65406.920,-5.6885E-01, 3.5706E+00,-3.0518E-01, 2.5745E+00, 1.7993E+00, 7.0142E+00,-3.1494E-01, 6.2024E+00
"C                                                                                                                     "
   6624.720, -65375.270,-5.7129E-01, 3.5657E+00,-2.9785E-01, 2.5732E+00, 1.5967E+00, 6.8152E+00,-3.1128E-01, 6.2024E+00
"D                                                                                                                     "
   6641.100, -65358.890,-5.7129E-01, 3.5693E+00,-3.1494E-01, 2.5684E+00, 1.7249E+00, 7.1118E+00,-3.1372E-01, 6.2024E+00
"F2                                                                                                                    "
   6643.740, -65356.250,-5.7739E-01, 3.5669E+00,-3.0762E-01, 2.5659E+00, 1.9434E+00, 7.1936E+00,-3.1616E-01, 6.2024E+00
"B                                                                                                                     "
   6659.160, -65340.830,-5.6274E-01, 3.5718E+00,-3.0884E-01, 2.5659E+00, 1.8970E+00, 7.0386E+00,-3.1250E-01, 6.2036E+00
"D                                                                                                                     "
   6678.390, -65321.600,-5.7983E-01, 3.5681E+00,-3.1372E-01, 2.5623E+00, 1.6431E+00, 6.8872E+00,-3.1250E-01, 6.2097E+00
"B                                                                                                                     "
   6681.960, -65318.030,-5.7495E-01, 3.5681E+00,-3.1128E-01, 2.5623E+00, 1.7529E+00, 6.9702E+00,-3.1128E-01, 6.2036E+00
"D                                                                                                                     "
   6728.730, -65271.260,-5.7129E-01, 3.5693E+00,-3.1128E-01, 2.5635E+00, 1.8298E+00, 7.0471E+00,-3.1006E-01, 6.2036E+00
"B                                                                                                                     "
   6733.800, -65266.190,-5.7983E-01, 3.5693E+00,-3.1616E-01, 2.5623E+00, 2.1216E+00, 7.1375E+00,-3.1738E-01, 6.2036E+00
"C                                                                                                                     "
   6736.680, -65263.310,-5.7251E-01, 3.5681E+00,-3.1738E-01, 2.5623E+00, 1.9238E+00, 7.1338E+00,-3.1250E-01, 6.2036E+00
"D                                                                                                                     "
   6754.830, -65245.160,-5.7373E-01, 3.5681E+00,-3.1250E-01, 2.5623E+00, 1.8726E+00, 7.1057E+00,-3.1616E-01, 6.2036E+00
"C                                                                                                                     "
   6756.510, -65243.480,-5.7251E-01, 3.5681E+00,-3.0762E-01, 2.5623E+00, 1.9299E+00, 7.1350E+00,-3.1372E-01, 6.2036E+00
"F2                                                                                                                    "
   6758.910, -65241.080,-5.8472E-01, 3.5657E+00,-3.1616E-01, 2.5623E+00, 1.9275E+00, 7.1533E+00,-3.1616E-01, 6.2036E+00
"B                                                                                                                     "
   6767.850, -65232.140,-5.6519E-01, 3.5693E+00,-3.1250E-01, 2.5623E+00, 1.9714E+00, 7.1814E+00,-3.1128E-01, 6.2036E+00
"D                                                                                                                     "
   6806.250, -65193.740,-5.8472E-01, 3.5706E+00,-3.1616E-01, 2.5623E+00, 1.7993E+00, 6.9983E+00, 7.7148E-01, 7.2876E+00
"F2                                                                                                                    "
   6808.350, -65191.640,-5.8105E-01, 3.5706E+00,-3.1738E-01, 2.5623E+00, 2.0422E+00, 7.3242E+00, 8.0566E-01, 7.3218E+00
"B                                                                                                                     "
   6812.790, -65187.200,-5.7617E-01, 3.5693E+00,-3.1128E-01, 2.5623E+00, 1.8860E+00, 7.0911E+00, 8.2642E-01, 7.3315E+00
"C                                                                                                                     "
   6813.720, -65186.270,-5.7251E-01, 3.5693E+00,-3.1372E-01, 2.5623E+00, 1.9299E+00, 7.1570E+00, 7.2876E-01, 7.2009E+00
"D                                                                                                                     "
   6853.980, -65146.010,-5.7617E-01, 3.5718E+00,-3.0640E-01, 2.5696E+00, 1.8237E+00, 7.0496E+00, 1.0193E+00, 7.5098E+00
"F2                                                                                                                    "
   6856.230, -65143.760,-5.7983E-01, 3.5718E+00,-2.9907E-01, 2.5806E+00, 2.0300E+00, 7.2705E+00, 1.0095E+00, 7.5159E+00
"B                                                                                                                     "
   6863.340, -65136.650,-5.7495E-01, 3.5693E+00,-3.0029E-01, 2.5769E+00, 1.7969E+00, 7.0117E+00, 1.0291E+00, 7.5330E+00
"D                                                                                                                     "
   6930.960, -65069.030,-5.7373E-01, 3.5693E+00,-3.0884E-01, 2.5647E+00, 1.6614E+00, 6.8848E+00, 1.1206E+00, 7.6257E+00
"F2                                                                                                                    "
   6933.180, -65066.810,-5.7861E-01, 3.5693E+00,-3.1616E-01, 2.5635E+00, 1.8335E+00, 7.0483E+00, 1.1169E+00, 7.5415E+00
"B                                                                                                                     "
   6940.650, -65059.340,-5.7617E-01, 3.5693E+00,-3.1494E-01, 2.5635E+00, 1.8359E+00, 7.0386E+00, 2.5635E-01, 6.7664E+00
"D                                                                                                                     "
   7050.390, -64949.600,-5.7617E-01, 3.5706E+00,-3.1250E-01, 2.5635E+00, 1.6675E+00, 6.8787E+00, 1.2097E+00, 7.7173E+00
"F2                                                                                                                    "
   7052.910, -64947.080,-5.6641E-01, 3.5730E+00,-3.1250E-01, 2.5635E+00, 1.8896E+00, 7.0801E+00, 1.2207E+00, 7.7161E+00
"B                                                                                                                     "
   7065.780, -64934.210,-5.8228E-01, 3.5681E+00,-3.1494E-01, 2.5635E+00, 1.6162E+00, 6.8567E+00, 1.2524E+00, 7.7661E+00
"DG                                                                                                                    "
   7159.920, -64840.070,-5.7495E-01, 3.5706E+00,-3.1250E-01, 2.5635E+00, 1.5613E+00, 6.7908E+00, 1.3037E+00, 7.8052E+00
"B                                                                                                                     "
   7176.480, -64823.510,-5.6641E-01, 3.5840E+00,-2.9175E-01, 2.5818E+00, 1.6016E+00, 6.8396E+00, 1.3123E+00, 7.8137E+00
"DG                                                                                                                    "
   7280.220, -64719.770,-1.2085E-01, 4.0283E+00,-3.1128E-01, 2.5635E+00, 1.5991E+00, 6.8103E+00, 1.3538E+00, 7.8552E+00
"F2                                                                                                                    "
   7281.780, -64718.210,-4.6387E-01, 3.6804E+00,-3.1006E-01, 2.5623E+00, 1.8384E+00, 7.0520E+00, 1.3281E+00, 7.8247E+00
"B                                                                                                                     "
   7296.780, -64703.210,-5.7129E-01, 3.5718E+00,-3.0640E-01, 2.5635E+00, 1.7310E+00, 6.9495E+00, 1.3770E+00, 7.8796E+00
"DG                                                                                                                    "
   7382.940, -64617.050, 9.6191E-01, 5.0806E+00,-3.1494E-01, 2.5623E+00, 1.5894E+00, 6.8274E+00, 1.4014E+00, 7.9053E+00
"F2                                                                                                                    "
   7384.920, -64615.070, 7.6294E-01, 4.9048E+00,-3.1494E-01, 2.5623E+00, 1.8066E+00, 7.0251E+00, 1.9897E-01, 7.0813E+00
"B                                                                                                                     "
   7390.260, -64609.730, 8.7402E-01, 5.0281E+00,-3.1616E-01, 2.5623E+00, 1.6895E+00, 6.9019E+00, 1.4001E+00, 7.9041E+00
"DG                                                                                                                    "
   7538.490, -64461.500,-5.7617E-01, 3.5730E+00,-2.8809E-01, 2.5635E+00, 1.5820E+00, 6.8140E+00,-3.1494E-01, 6.2036E+00
"F2                                                                                                                    "
   7540.410, -64459.580,-5.7617E-01, 3.5718E+00,-2.4414E-01, 2.5879E+00, 1.8286E+00, 7.0544E+00,-2.9053E-01, 6.2134E+00
"B                                                                                                                     "
   7548.630, -64451.360, 4.4312E-01, 4.6265E+00,-3.1128E-01, 2.5623E+00, 1.6907E+00, 6.8933E+00,-3.1128E-01, 6.2036E+00
"DG                                                                                                                    "
   7598.400, -64401.590, 1.7188E+00, 5.8447E+00,-3.1738E-01, 2.5610E+00, 1.5381E+00, 6.7712E+00, 6.6650E-01, 7.1777E+00
"F2                                                                                                                    "
   7599.990, -64400.000, 1.1340E+00, 5.3259E+00,-3.1372E-01, 2.5623E+00, 1.6882E+00, 6.9617E+00, 4.4556E-01, 6.9653E+00
"B                                                                                                                     "
   7610.940, -64389.050, 1.6431E+00, 5.7568E+00,-3.1250E-01, 2.5623E+00, 1.6138E+00, 6.8164E+00, 5.1025E-01, 7.0190E+00
"DG                                                                                                                    "
   7696.530, -64303.460, 4.9072E-01, 4.5789E+00,-3.1372E-01, 2.5623E+00, 1.4819E+00, 6.6809E+00, 6.8970E-01, 7.1912E+00
"F2                                                                                                                    "
   7698.570, -64301.420, 9.0820E-01, 5.1074E+00,-3.1128E-01, 2.5610E+00, 1.5967E+00, 6.7749E+00, 7.1289E-01, 7.2156E+00
"B                                                                                                                     "
   7717.650, -64282.340, 1.3721E+00, 5.5066E+00,-3.1982E-01, 2.5610E+00, 1.4917E+00, 6.7395E+00, 6.3232E-01, 7.0166E+00
"C                                                                                                                     "
   7718.250, -64281.740, 8.7769E-01, 4.9854E+00,-3.1250E-01, 2.5623E+00, 1.5601E+00, 6.7639E+00, 2.6343E+00, 9.0881E+00
"DG                                                                                                                    "
   7783.830, -64216.160, 1.5491E+00, 5.6531E+00,-2.5513E-01, 2.5940E+00, 1.5405E+00, 6.7468E+00, 9.5215E-01, 7.4500E+00
"C                                                                                                                     "
   7785.210, -64214.780, 1.5674E+00, 5.6775E+00,-3.0884E-01, 2.5659E+00, 1.5491E+00, 6.8152E+00, 1.1011E+00, 7.6160E+00
"DG                                                                                                                    "
   7798.680, -64201.310, 1.4832E+00, 5.6030E+00,-2.9419E-01, 2.5818E+00, 1.5088E+00, 6.7297E+00, 9.0576E-01, 7.4072E+00
"F2                                                                                                                    "
   7800.990, -64199.000, 2.0898E+00, 6.1719E+00,-2.9297E-01, 2.5806E+00, 1.9055E+00, 6.9824E+00, 9.1919E-01, 7.4231E+00
"B                                                                                                                     "
   7808.970, -64191.020, 1.5051E+00, 5.6091E+00,-2.9419E-01, 2.5793E+00, 1.6370E+00, 6.8506E+00, 7.3608E-01, 7.2144E+00
"CG                                                                                                                    "
   7837.470, -64162.520, 1.5479E+00, 5.6580E+00,-2.9175E-01, 2.5830E+00, 1.6370E+00, 6.8384E+00, 8.6914E-01, 7.3718E+00
"DG                                                                                                                    "
   7892.250, -64107.740,-5.7007E-01, 3.5693E+00,-2.8809E-01, 2.5830E+00, 1.7505E+00, 6.9714E+00, 1.2842E+00, 7.7747E+00
"C                                                                                                                     "
   7895.130, -64104.860,-5.7373E-01, 3.5706E+00,-2.9419E-01, 2.5830E+00, 1.5808E+00, 6.8396E+00, 9.8633E-01, 7.5037E+00
"DG                                                                                                                    "
   7988.520, -64011.470,-5.8105E-01, 3.5669E+00,-2.9907E-01, 2.5781E+00, 1.5820E+00, 6.7920E+00, 1.0791E+00, 7.5830E+00
"CG                                                                                                                    "
   8004.630, -63995.360,-5.8228E-01, 3.5681E+00,-3.0273E-01, 2.5745E+00, 1.6223E+00, 6.8298E+00, 1.1182E+00, 7.6184E+00
"DG                                                                                                                    "
   8042.130, -63957.860,-5.6763E-01, 3.5681E+00,-3.0396E-01, 2.5745E+00, 1.5723E+00, 6.7737E+00, 1.1121E+00, 7.6123E+00
"F2                                                                                                                    "
   8044.980, -63955.010,-5.7129E-01, 3.5669E+00,-3.0273E-01, 2.5732E+00, 1.9116E+00, 7.0435E+00, 9.8999E-01, 7.4854E+00
"B                                                                                                                     "
   8048.550, -63951.440,-5.6641E-01, 3.5693E+00,-2.9907E-01, 2.5732E+00, 1.5405E+00, 6.7419E+00, 1.1340E+00, 7.6318E+00
"DG                                                                                                                    "
   8132.460, -63867.530,-5.6274E-01, 3.5681E+00,-3.0029E-01, 2.5732E+00, 1.5735E+00, 6.7688E+00, 1.4087E+00, 7.9077E+00
"C                                                                                                                     "
   8140.350, -63859.640,-5.6641E-01, 3.5693E+00,-2.9785E-01, 2.5720E+00, 1.6394E+00, 6.8457E+00, 1.1255E+00, 7.6270E+00
"DG                                                                                                                    "
   8187.120, -63812.870,-2.4414E-01, 3.8904E+00,-3.1372E-01, 2.5635E+00, 1.4600E+00, 6.6711E+00, 1.0938E+00, 7.6282E+00
"C                                                                                                                     "
   8194.200, -63805.790,-2.3560E-01, 3.8940E+00,-3.0762E-01, 2.5635E+00, 1.5393E+00, 6.7419E+00, 1.1572E+00, 7.6526E+00
"DG                                                                                                                    "
  11056.440, -60943.550, 4.1113E+00,-6.0669E-01, 6.1340E+00,-4.5349E+00, 3.2446E+00, 7.0251E+00, 2.9785E+00, 2.5671E+00
"G                                                                                                                     "
  11207.040, -60792.950,-5.6030E-01, 3.5754E+00,-3.1494E-01, 2.5610E+00, 1.1243E+00, 6.3269E+00, 1.4197E+00, 7.9163E+00
"DG                                                                                                                    "
  11319.510, -60680.480,-5.8472E-01, 3.5681E+00,-3.1006E-01, 2.5610E+00, 1.1707E+00, 6.3940E+00, 1.4624E+00, 7.9651E+00
"F2                                                                                                                    "
  11321.340, -60678.650,-5.7495E-01, 3.5669E+00,-3.0640E-01, 2.5610E+00, 1.3464E+00, 6.5442E+00, 1.4734E+00, 7.9663E+00
"B                                                                                                                     "
  11327.430, -60672.560,-5.6763E-01, 3.5681E+00,-3.0884E-01, 2.5610E+00, 1.1707E+00, 6.3733E+00, 1.4734E+00, 7.9700E+00
"DG                                                                                                                    "
  11882.790, -60117.200,-5.7617E-01, 3.5681E+00,-3.1494E-01, 2.5610E+00, 1.1768E+00, 6.3818E+00, 1.4685E+00, 7.9688E+00
"G                                                                                                                     "
  19132.110, -52867.880,-5.7007E-01, 3.5632E+00,-3.0884E-01, 2.5549E+00, 1.1963E+00, 6.3904E+00,-3.1494E-01, 6.2000E+00
"D                                                                                                                     "
  19148.460, -52851.530,-5.7251E-01, 3.5632E+00,-3.1738E-01, 2.5549E+00, 1.1401E+00, 6.3330E+00,-3.1616E-01, 6.2000E+00
"C                                                                                                                     "
  19150.650, -52849.340,-5.8350E-01, 3.5632E+00,-3.1860E-01, 2.5549E+00, 1.2524E+00, 6.4832E+00,-3.1738E-01, 6.2000E+00
"D                                                                                                                     "
  19152.960, -52847.030,-5.8960E-01, 3.5632E+00,-3.1738E-01, 2.5549E+00, 1.1499E+00, 6.3892E+00,-3.1738E-01, 6.2000E+00
"B                                                                                                                     "
  19154.700, -52845.290,-5.8472E-01, 3.5620E+00,-3.1860E-01, 2.5549E+00, 1.3342E+00, 6.5405E+00,-3.1738E-01, 6.2000E+00
"C                                                                                                                     "
  19155.450, -52844.540,-5.8105E-01, 3.5632E+00,-3.1738E-01, 2.5549E+00, 1.3184E+00, 6.5198E+00,-3.1616E-01, 6.2012E+00
"D                                                                                                                     "
  19179.450, -52820.540,-5.7373E-01, 3.5632E+00,-3.1250E-01, 2.5549E+00, 1.3501E+00, 6.5430E+00,-3.1494E-01, 6.2012E+00
"C                                                                                                                     "
  19182.240, -52817.750,-5.8472E-01, 3.5632E+00,-3.1616E-01, 2.5549E+00, 1.1707E+00, 6.5845E+00,-3.1616E-01, 6.2012E+00
"B                                                                                                                     "
  19183.920, -52816.070,-5.7495E-01, 3.5632E+00,-3.0640E-01, 2.5549E+00, 1.5503E+00, 6.6626E+00,-3.1494E-01, 6.2012E+00
"D                                                                                                                     "
  19188.660, -52811.330,-5.7251E-01, 3.5632E+00,-3.1250E-01, 2.5549E+00, 1.2622E+00, 6.4868E+00,-3.1616E-01, 6.2000E+00
"F2                                                                                                                    "
  19191.150, -52808.840,-5.7373E-01, 3.5632E+00,-3.1860E-01, 2.5549E+00, 1.3232E+00, 6.5613E+00,-3.1494E-01, 6.2012E+00
"B                                                                                                                     "
  19198.290, -52801.700,-5.7739E-01, 3.5645E+00,-3.1372E-01, 2.5549E+00, 1.2732E+00, 6.4771E+00,-3.1494E-01, 6.2012E+00
"C                                                                                                                     "
  19205.400, -52794.590,-5.7129E-01, 3.5632E+00,-3.1738E-01, 2.5549E+00, 1.3000E+00, 6.4990E+00,-3.1738E-01, 6.2000E+00
"DG                                                                                                                    "
  19268.430, -52731.560,-5.7495E-01, 3.5620E+00,-3.1616E-01, 2.5549E+00, 1.2390E+00, 6.4539E+00,-3.1616E-01, 6.2012E+00
"F2                                                                                                                    "
  19270.950, -52729.040,-5.8838E-01, 3.5645E+00,-3.1860E-01, 2.5549E+00, 1.3257E+00, 6.5930E+00,-3.1616E-01, 6.2012E+00
"B                                                                                                                     "
  19280.400, -52719.590,-5.8594E-01, 3.5632E+00,-3.1494E-01, 2.5549E+00, 1.2842E+00, 6.4929E+00,-3.1616E-01, 6.2012E+00
"D                                                                                                                     "
  19286.190, -52713.800,-5.7495E-01, 3.5632E+00,-3.2227E-01, 2.5549E+00, 1.3525E+00, 6.5613E+00,-3.1616E-01, 6.2012E+00
"F2                                                                                                                    "
  19601.580, -52398.410,-5.8594E-01, 3.5608E+00,-3.2104E-01, 2.5525E+00, 1.6272E+00, 6.8396E+00,-3.1982E-01, 6.1987E+00
"B                                                                                                                     "
  19604.400, -52395.590,-5.7739E-01, 3.5608E+00,-3.1616E-01, 2.5537E+00, 1.3855E+00, 6.5588E+00,-3.1616E-01, 6.1987E+00
"DG                                                                                                                    "
  19886.070, -52113.920,-5.8838E-01, 3.5608E+00,-3.1616E-01, 2.5537E+00, 1.2024E+00, 6.4124E+00,-3.1738E-01, 6.1987E+00
"F2                                                                                                                    "
  19889.160, -52110.830,-5.8716E-01, 3.5596E+00,-3.2104E-01, 2.5525E+00, 1.4380E+00, 6.5686E+00,-3.1982E-01, 6.1975E+00
"B                                                                                                                     "
  19891.650, -52108.340,-5.9082E-01, 3.5608E+00,-3.1982E-01, 2.5525E+00, 1.0400E+00, 6.2744E+00,-3.1860E-01, 6.1975E+00
"DG                                                                                                                    "
  20614.260, -51385.730,-5.8594E-01, 3.5583E+00,-2.7344E-01, 2.5903E+00, 1.1755E+00, 6.3831E+00,-3.2349E-01, 6.1963E+00
"F2                                                                                                                    "
  20616.660, -51383.330,-5.8105E-01, 3.5571E+00,-2.7954E-01, 2.5916E+00, 1.1768E+00, 6.4026E+00,-3.2104E-01, 6.1975E+00
"B                                                                                                                     "
  20621.460, -51378.530,-5.7983E-01, 3.5596E+00,-2.8076E-01, 2.5903E+00, 9.5825E-01, 6.1597E+00,-3.2104E-01, 6.1963E+00
"DG                                                                                                                    "
  21469.950, -50530.040,-5.8228E-01, 3.5571E+00,-3.1738E-01, 2.5525E+00, 1.0522E+00, 6.2659E+00,-3.1860E-01, 6.1963E+00
"G                                                                                                                     "
  36000.000, -35999.990, 3.8574E+00, 7.9504E+00,-3.1860E-01, 2.5562E+00,-3.5767E-01, 4.8718E+00,-1.0376E-01, 6.4087E+00
