"NP                                                                                                                    "
     84.150, -71915.840, 3.9539E+00, 8.0481E+00, 2.7917E+00, 5.4700E+00, 6.4697E-02, 5.3101E+00, 5.1270E-02, 6.5710E+00
"P                                                                                                                     "
    111.690, -71888.300, 4.3408E+00, 8.3752E+00, 2.3547E+00, 5.1746E+00,-4.6875E-01, 4.7681E+00, 5.1270E-02, 6.5710E+00
"B2                                                                                                                    "
    114.930, -71885.060, 4.2737E+00, 8.3472E+00, 2.2937E+00, 5.1343E+00,-4.8218E-01, 4.7534E+00, 5.4932E-02, 6.5710E+00
"P                                                                                                                     "
    190.560, -71809.430, 4.1064E+00, 8.1836E+00,-5.9814E-02, 3.3398E+00, 3.6499E+00, 8.8416E+00, 3.5718E+00, 9.9988E+00
"Z                                                                                                                     "
    235.890, -71764.100, 4.0100E+00, 8.0872E+00,-3.0640E-01, 2.5793E+00, 3.2166E+00, 8.4314E+00,-3.0151E-01, 6.2207E+00
"P                                                                                                                     "
    258.450, -71741.540, 4.0320E+00, 8.1104E+00, 1.9971E+00, 4.8438E+00, 3.0029E+00, 8.2117E+00,-3.0640E-01, 6.2134E+00
"B2                                                                                                                    "
    260.520, -71739.470, 4.0198E+00, 8.0920E+00, 2.0752E+00, 4.8767E+00, 2.8931E+00, 8.1042E+00,-3.0640E-01, 6.2134E+00
"P                                                                                                                     "
    264.840, -71735.150, 4.1089E+00, 8.1885E+00, 2.3767E+00, 5.1794E+00, 2.9626E+00, 8.1677E+00,-2.9297E-01, 6.2256E+00
"C                                                                                                                     "
    269.460, -71730.530, 4.0735E+00, 8.1592E+00, 2.2095E+00, 5.0623E+00, 2.9761E+00, 8.2043E+00,-2.7222E-01, 6.2476E+00
"D                                                                                                                     "
    353.250, -71646.740, 4.1736E+00, 8.2837E+00, 2.2217E+00, 5.0537E+00,-4.6021E-01, 4.7717E+00, 3.5498E+00, 9.9475E+00
"F2                                                                                                                    "
    355.830, -71644.160, 4.2346E+00, 8.3167E+00, 2.3621E+00, 5.2051E+00,-4.6875E-01, 4.7668E+00, 3.1848E+00, 9.6423E+00
"B                                                                                                                     "
    358.350, -71641.640, 4.5801E+00, 8.6658E+00, 2.3840E+00, 5.2148E+00,-4.7363E-01, 4.7668E+00, 3.0823E+00, 9.5593E+00
"C                                                                                                                     "
    361.020, -71638.970, 4.6350E+00, 8.6975E+00, 2.5122E+00, 5.3235E+00,-4.6753E-01, 4.7656E+00, 3.1848E+00, 9.6387E+00
"D                                                                                                                     "
    399.330, -71600.660, 4.2236E+00, 8.2983E+00, 2.3657E+00, 5.2087E+00,-5.2368E-01, 4.7168E+00, 3.8562E+00, 9.9988E+00
"B                                                                                                                     "
    400.650, -71599.340, 4.3909E+00, 8.4790E+00, 2.4194E+00, 5.2881E+00,-5.2002E-01, 4.7180E+00, 3.6133E+00, 9.9988E+00
"C                                                                                                                     "
    401.460, -71598.530, 4.1821E+00, 8.2568E+00, 2.6135E+00, 5.4150E+00,-5.2002E-01, 4.7156E+00, 3.5718E+00, 9.9988E+00
"D                                                                                                                     "
    474.630, -71525.360, 4.2883E+00, 8.4717E+00, 2.7454E+00, 5.7556E+00, 3.6877E+00, 8.8940E+00, 3.3362E+00, 9.5593E+00
"F2                                                                                                                    "
    476.760, -71523.230, 4.4812E+00, 8.5522E+00, 2.3303E+00, 5.1685E+00, 3.7109E+00, 8.9001E+00, 2.9468E+00, 9.5093E+00
"B                                                                                                                     "
    478.140, -71521.850, 5.2478E+00, 9.2163E+00, 2.5891E+00, 5.4236E+00, 3.7219E+00, 8.9111E+00, 3.5095E+00, 9.9609E+00
"C                                                                                                                     "
    480.780, -71519.210, 4.4275E+00, 8.5217E+00, 3.3032E+00, 5.9839E+00, 3.7500E+00, 9.1174E+00, 3.3777E+00, 9.8267E+00
"D                                                                                                                     "
    865.500, -71134.490,-5.7495E-01, 3.5742E+00, 3.2471E+00, 6.1389E+00, 3.8550E+00, 9.0479E+00, 2.7771E+00, 9.2651E+00
"C                                                                                                                     "
    866.370, -71133.620,-5.7861E-01, 3.5742E+00, 2.9626E+00, 5.7861E+00, 3.9978E+00, 9.2017E+00, 2.8748E+00, 9.4910E+00
"F2                                                                                                                    "
    869.400, -71130.590,-5.7617E-01, 3.5706E+00, 2.8601E+00, 5.6763E+00, 4.3188E+00, 9.5361E+00, 2.3364E+00, 8.9563E+00
"B                                                                                                                     "
    873.150, -71126.840,-5.7129E-01, 3.5706E+00, 3.0457E+00, 5.8691E+00, 4.0662E+00, 9.2651E+00, 2.6343E+00, 9.1211E+00
"C                                                                                                                     "
    874.320, -71125.670,-5.7007E-01, 3.5706E+00, 3.2263E+00, 6.0889E+00, 4.0784E+00, 9.2786E+00, 2.5964E+00, 9.0869E+00
"D                                                                                                                     "
    877.140, -71122.850,-5.6519E-01, 3.5693E+00, 3.5962E+00, 6.4148E+00, 3.6841E+00, 8.9587E+00, 2.6880E+00, 9.1748E+00
"C                                                                                                                     "
    879.690, -71120.300,-5.7007E-01, 3.5706E+00, 3.7048E+00, 6.3892E+00, 4.0479E+00, 9.2468E+00, 2.5891E+00, 9.0771E+00
"D                                                                                                                     "
   1002.630, -70997.360, 3.3289E+00, 7.4194E+00, 3.4875E+00, 6.1328E+00, 4.0063E+00, 9.2163E+00, 2.5110E+00, 9.0076E+00
"C                                                                                                                     "
   1004.100, -70995.890, 2.9004E+00, 6.9885E+00, 2.8528E+00, 5.7361E+00, 4.1479E+00, 9.3469E+00, 2.5085E+00, 8.9978E+00
"D                                                                                                                     "
   1171.290, -70828.700, 3.4314E+00, 7.5232E+00, 2.7966E+00, 5.6897E+00, 3.6377E+00, 8.8928E+00, 2.3926E+00, 8.8879E+00
"B                                                                                                                     "
   1174.260, -70825.730, 3.4229E+00, 7.5110E+00, 2.6648E+00, 5.5591E+00, 3.7390E+00, 8.9441E+00, 2.4719E+00, 8.9636E+00
"D                                                                                                                     "
   1175.700, -70824.290, 3.6707E+00, 7.7368E+00, 2.6526E+00, 5.5530E+00, 3.7476E+00, 8.9636E+00, 2.3828E+00, 8.8757E+00
"C                                                                                                                     "
   1177.920, -70822.070, 3.4009E+00, 7.4878E+00, 3.0310E+00, 5.8350E+00, 3.7146E+00, 8.9246E+00, 2.9309E+00, 9.3542E+00
"D                                                                                                                     "
   1489.170, -70510.820, 2.8772E+00, 6.8152E+00, 2.7380E+00, 5.6287E+00,-5.0049E-01, 4.7400E+00, 2.3633E+00, 8.8574E+00
"F2                                                                                                                    "
   1491.240, -70508.750, 2.6611E+00, 6.7651E+00, 2.5769E+00, 5.4224E+00,-4.9805E-01, 4.7400E+00, 2.2827E+00, 8.7769E+00
"B                                                                                                                     "
   1493.370, -70506.620, 2.7209E+00, 6.8188E+00, 2.8247E+00, 5.6714E+00,-4.9561E-01, 4.7400E+00, 2.3560E+00, 8.8464E+00
"C                                                                                                                     "
   1493.910, -70506.080, 3.0237E+00, 7.1350E+00, 2.8833E+00, 5.8362E+00,-4.9683E-01, 4.7388E+00, 2.3682E+00, 8.8623E+00
"D                                                                                                                     "
   1498.080, -70501.910, 2.7185E+00, 6.8152E+00, 3.5059E+00, 6.1023E+00,-5.0171E-01, 4.7375E+00, 2.3511E+00, 8.8477E+00
"C                                                                                                                     "
   1503.660, -70496.330, 3.0151E+00, 7.1277E+00, 3.4424E+00, 6.2659E+00,-5.0293E-01, 4.7363E+00, 3.0481E+00, 9.5715E+00
"D                                                                                                                     "
   1597.860, -70402.130, 3.2080E+00, 7.2839E+00, 2.7417E+00, 5.5994E+00,-4.8706E-01, 4.7461E+00, 2.3022E+00, 8.7891E+00
"B                                                                                                                     "
   1598.760, -70401.230, 3.3044E+00, 7.4292E+00, 2.6550E+00, 5.5054E+00,-4.9561E-01, 4.7412E+00, 2.3193E+00, 8.8123E+00
"F2                                                                                                                    "
   1599.960, -70400.030, 3.2214E+00, 7.3193E+00, 2.7527E+00, 5.5823E+00,-4.9805E-01, 4.7412E+00, 2.3425E+00, 8.8367E+00
"B                                                                                                                     "
   1601.340, -70398.650, 3.5205E+00, 7.6013E+00, 2.9602E+00, 5.7666E+00,-4.9316E-01, 4.7424E+00, 2.3682E+00, 8.8635E+00
"C                                                                                                                     "
   1602.420, -70397.570, 3.5327E+00, 7.6172E+00, 3.0237E+00, 5.8362E+00,-4.9316E-01, 4.7437E+00, 2.3877E+00, 8.8782E+00
"D                                                                                                                     "
   1625.670, -70374.320, 3.1348E+00, 7.2412E+00, 2.7344E+00, 5.5969E+00,-4.9683E-01, 4.7424E+00, 2.2852E+00, 8.7817E+00
"P                                                                                                                     "
   1633.410, -70366.580, 3.2446E+00, 7.3303E+00, 2.7234E+00, 5.5469E+00,-4.9805E-01, 4.7424E+00, 2.3596E+00, 8.8525E+00
"Z                                                                                                                     "
  34887.600, -37112.390, 2.0410E+00, 6.1304E+00, 2.0996E+00, 4.7009E+00, 3.4778E+00, 8.6755E+00,-3.1494E-01, 6.2024E+00
"G                                                                                                                     "
  34911.000, -37088.990, 1.8750E+00, 5.9741E+00, 1.7480E+00, 4.5752E+00, 3.5071E+00, 8.7061E+00,-3.1372E-01, 6.2024E+00
"Z                                                                                                                     "
  34924.710, -37075.280, 1.9360E+00, 6.0413E+00, 1.2268E+00, 4.2151E+00, 3.5217E+00, 8.7268E+00,-3.1494E-01, 6.2024E+00
"P                                                                                                                     "
  34935.840, -37064.150, 1.9092E+00, 6.0156E+00, 1.6577E+00, 4.4946E+00, 3.4973E+00, 8.6938E+00,-3.1494E-01, 6.2024E+00
"G                                                                                                                     "
  34940.250, -37059.740, 2.5269E+00, 6.6113E+00, 1.4709E+00, 4.3164E+00, 3.4998E+00, 8.7036E+00,-3.1860E-01, 6.2024E+00
"P                                                                                                                     "
  34941.870, -37058.120, 1.7334E+00, 5.8716E+00, 1.6956E+00, 4.5337E+00, 3.4998E+00, 8.7134E+00,-3.1860E-01, 6.2024E+00
"B2                                                                                                                    "
  34945.170, -37054.820, 1.9495E+00, 6.0437E+00, 1.6626E+00, 4.4824E+00, 3.4839E+00, 8.6816E+00,-3.1494E-01, 6.2024E+00
"P                                                                                                                     "
  34946.760, -37053.230, 1.8872E+00, 5.9961E+00, 1.5173E+00, 4.3738E+00, 3.4668E+00, 8.6792E+00,-3.1860E-01, 6.2024E+00
"G                                                                                                                     "
  34967.850, -37032.140, 1.7371E+00, 5.8521E+00, 1.3074E+00, 4.1431E+00, 3.4937E+00, 8.6865E+00,-3.1738E-01, 6.2024E+00
"P                                                                                                                     "
  35012.430, -36987.560, 1.6345E+00, 5.7458E+00, 8.9355E-01, 3.9429E+00, 3.5034E+00, 8.7048E+00,-3.1860E-01, 6.2012E+00
"Z                                                                                                                     "
  36000.060, -35999.930, 1.6760E+00, 5.7605E+00,-3.4424E-01, 2.5256E+00, 3.5413E+00, 8.7427E+00,-3.1860E-01, 6.2024E+00
