"NP                                                                                                                    "
    177.300, -71822.690, 4.0356E+00, 8.0798E+00, 2.2009E+00, 5.0354E+00, 3.6670E+00, 8.8611E+00, 2.4231E+00, 8.6023E+00
"P                                                                                                                     "
    201.630, -71798.360, 3.8953E+00, 7.9529E+00,-3.4424E-01, 2.5439E+00, 3.5925E+00, 8.8135E+00, 3.2837E+00, 9.7437E+00
"G                                                                                                                     "
    206.280, -71793.710, 4.0039E+00, 8.1299E+00,-3.4302E-01, 2.5439E+00, 3.7317E+00, 8.9307E+00, 2.8735E+00, 9.3628E+00
"P                                                                                                                     "
    209.550, -71790.440, 4.1357E+00, 8.2056E+00,-3.3691E-01, 2.5488E+00, 3.4265E+00, 8.6621E+00, 3.0396E+00, 9.5105E+00
"B2                                                                                                                    "
    212.730, -71787.260, 4.1370E+00, 8.4363E+00,-3.3813E-01, 2.5476E+00, 3.5779E+00, 8.7756E+00, 3.1689E+00, 9.6118E+00
"P                                                                                                                     "
    213.780, -71786.210, 4.7644E+00, 8.8538E+00,-3.4302E-01, 2.5439E+00, 3.6255E+00, 8.8147E+00, 1.5173E+00, 8.9929E+00
"Z                                                                                                                     "
    272.070, -71727.920, 4.0869E+00, 8.1653E+00, 2.1399E+00, 4.9902E+00, 2.9089E+00, 8.1201E+00, 3.5840E+00, 9.2517E+00
"P                                                                                                                     "
    288.900, -71711.090, 4.1248E+00, 8.1946E+00, 2.2900E+00, 5.1172E+00, 3.1555E+00, 8.3130E+00, 3.4875E+00, 9.9548E+00
"C                                                                                                                     "
    298.530, -71701.460, 4.3579E+00, 8.4338E+00, 2.7698E+00, 5.5884E+00, 3.1042E+00, 8.3228E+00, 3.3459E+00, 9.7766E+00
"B                                                                                                                     "
    299.340, -71700.650, 4.4360E+00, 8.5303E+00, 2.3303E+00, 5.1636E+00, 2.9919E+00, 8.2312E+00, 3.3008E+00, 9.7559E+00
"C                                                                                                                     "
    300.240, -71699.750, 4.3262E+00, 8.4741E+00, 2.3499E+00, 5.1843E+00, 3.0054E+00, 8.2397E+00, 3.3411E+00, 9.7876E+00
"D                                                                                                                     "
    301.080, -71698.910, 5.3113E+00, 9.2883E+00, 2.3682E+00, 5.2014E+00,-4.7729E-01, 4.7607E+00, 3.3105E+00, 9.7620E+00
"C                                                                                                                     "
    302.670, -71697.320, 4.0454E+00, 8.1116E+00, 2.5977E+00, 5.3040E+00,-4.3823E-01, 4.7986E+00, 3.3594E+00, 9.8035E+00
"B                                                                                                                     "
    303.300, -71696.690, 4.3652E+00, 8.4595E+00, 2.3962E+00, 5.3052E+00,-4.7363E-01, 4.7827E+00, 3.3118E+00, 9.7632E+00
"C                                                                                                                     "
    309.840, -71690.150, 4.2798E+00, 8.3618E+00, 2.3877E+00, 5.2185E+00,-4.9194E-01, 4.7449E+00, 3.3533E+00, 9.8120E+00
"B                                                                                                                     "
    313.440, -71686.550, 4.0942E+00, 8.2166E+00, 2.7844E+00, 5.6165E+00,-4.6509E-01, 4.7644E+00, 3.4143E+00, 9.8364E+00
"C                                                                                                                     "
    318.420, -71681.570, 4.1797E+00, 8.2690E+00, 2.6904E+00, 5.5713E+00,-4.7485E-01, 4.7803E+00, 3.3362E+00, 9.7815E+00
"D                                                                                                                     "
    324.240, -71675.750, 4.1833E+00, 8.2532E+00, 2.3633E+00, 5.2356E+00,-5.0781E-01, 4.7241E+00, 3.3105E+00, 9.7473E+00
"B                                                                                                                     "
    326.610, -71673.380, 4.6277E+00, 8.7036E+00, 2.4402E+00, 5.1807E+00,-5.1270E-01, 4.7253E+00, 3.2703E+00, 9.7278E+00
"D                                                                                                                     "
    337.590, -71662.400, 4.5850E+00, 8.6743E+00, 2.4609E+00, 5.2917E+00,-5.2368E-01, 4.7119E+00, 3.2788E+00, 9.7229E+00
"F1                                                                                                                    "
    338.400, -71661.590, 4.5886E+00, 8.6511E+00, 2.8943E+00, 5.7239E+00,-5.2734E-01, 4.7107E+00, 3.2642E+00, 9.7559E+00
"F2                                                                                                                    "
    339.780, -71660.210, 4.5850E+00, 8.6548E+00, 2.3718E+00, 5.1917E+00,-5.0537E-01, 4.7241E+00, 3.2678E+00, 9.7510E+00
"F2                                                                                                                    "
    339.870, -71660.120, 4.5435E+00, 8.6279E+00, 2.4072E+00, 5.2344E+00,-4.9316E-01, 4.7339E+00, 3.2605E+00, 9.7302E+00
"B                                                                                                                     "
    351.510, -71648.480, 4.5459E+00, 8.6096E+00, 2.3413E+00, 5.1697E+00,-4.6509E-01, 4.7705E+00, 3.1921E+00, 9.6533E+00
"C                                                                                                                     "
    352.110, -71647.880, 4.6570E+00, 8.7390E+00, 3.1287E+00, 5.9253E+00,-4.6875E-01, 4.7693E+00, 3.2910E+00, 9.7351E+00
"B                                                                                                                     "
    358.470, -71641.520, 4.5605E+00, 8.6279E+00, 3.0811E+00, 5.6091E+00,-4.7363E-01, 4.7668E+00, 3.1238E+00, 9.5886E+00
"C                                                                                                                     "
    365.100, -71634.890, 4.5239E+00, 8.6182E+00, 2.3120E+00, 5.1453E+00,-4.7363E-01, 4.7620E+00, 3.1299E+00, 9.6240E+00
"D                                                                                                                    "
    770.040, -71229.950, 3.0017E+00, 7.0984E+00, 3.0786E+00, 5.9009E+00, 3.8745E+00, 9.0845E+00, 2.7625E+00, 9.2554E+00
"DG                                                                                                                    "
    866.430, -71133.560,-5.7617E-01, 3.5742E+00, 2.9517E+00, 5.7751E+00, 4.0002E+00, 9.2053E+00, 2.5464E+00, 9.1248E+00
"CG                                                                                                                    "
    872.280, -71127.710,-5.7861E-01, 3.5730E+00, 2.8503E+00, 5.6738E+00, 4.0491E+00, 9.2554E+00, 2.5964E+00, 9.0906E+00
"DG                                                                                                                    "
   1157.940, -70842.050, 3.8086E+00, 7.8918E+00, 2.8088E+00, 5.6946E+00, 3.7622E+00, 8.9758E+00, 2.4487E+00, 8.9429E+00
"C                                                                                                                     "
   1158.960, -70841.030, 3.4106E+00, 7.4988E+00, 3.1152E+00, 5.9412E+00, 3.7732E+00, 8.9832E+00, 2.2144E+00, 8.7134E+00
"F2                                                                                                                    "
   1160.460, -70839.530, 3.7927E+00, 7.8564E+00, 2.9480E+00, 5.7678E+00, 3.7317E+00, 8.9270E+00, 2.2778E+00, 8.7805E+00
"B                                                                                                                     "
   1162.470, -70837.520, 3.7866E+00, 7.8748E+00, 2.9333E+00, 5.7593E+00, 3.7329E+00, 8.9478E+00, 2.3987E+00, 8.9050E+00
"C                                                                                                                     "
   1164.990, -70835.000, 3.7048E+00, 7.8137E+00, 2.9260E+00, 5.7471E+00, 3.7671E+00, 8.9673E+00, 2.5549E+00, 9.0466E+00
"DG                                                                                                                    "
   1181.760, -70818.230, 3.3813E+00, 7.4585E+00, 3.2178E+00, 6.0303E+00, 3.7817E+00, 8.9722E+00, 2.4597E+00, 8.9478E+00
"CG                                                                                                                    "
   1184.340, -70815.650, 3.6584E+00, 7.7185E+00, 2.9590E+00, 5.7837E+00, 3.7988E+00, 9.0051E+00, 2.4792E+00, 8.9661E+00
"DG                                                                                                                    "
   1203.330, -70796.660, 3.7622E+00, 7.8320E+00, 2.9553E+00, 5.7788E+00, 3.8318E+00, 9.0356E+00, 2.3853E+00, 8.8806E+00
"CG                                                                                                                    "
   1206.780, -70793.210, 3.3728E+00, 7.4622E+00, 3.1628E+00, 5.9827E+00, 3.8293E+00, 9.0393E+00, 2.3706E+00, 8.8647E+00
"C                                                                                                                     "
   1209.690, -70790.300, 3.3740E+00, 7.4670E+00, 2.9907E+00, 5.7556E+00, 3.7585E+00, 8.9661E+00, 2.3694E+00, 8.8635E+00
"DG                                                                                                                    "
   1482.210, -70517.780, 2.4866E+00, 6.5991E+00, 3.1738E+00, 6.0107E+00,-4.9805E-01, 4.7363E+00, 2.2607E+00, 8.7769E+00
"CG                                                                                                                    "
   1486.860, -70513.130, 2.5781E+00, 6.6760E+00, 2.7917E+00, 5.7397E+00,-5.0415E-01, 4.7363E+00, 2.3328E+00, 8.8281E+00
"DG                                                                                                                    "
   1613.160, -70386.830, 3.2300E+00, 7.3108E+00, 3.4546E+00, 6.2585E+00,-4.9072E-01, 4.7461E+00, 1.1926E+00, 7.6978E+00
"CG                                                                                                                    "
   1615.920, -70384.070, 3.2922E+00, 7.3792E+00, 3.0835E+00, 5.9033E+00,-4.9316E-01, 4.7412E+00, 1.1816E+00, 7.6855E+00
"DG                                                                                                                    "
   1770.270, -70229.720,-5.8105E-01, 3.5669E+00,-3.4668E-01, 2.5403E+00,-4.9683E-01, 4.7339E+00, 2.1252E+00, 8.6267E+00
"C                                                                                                                     "
   1771.590, -70228.400,-5.9204E-01, 3.5669E+00,-3.4546E-01, 2.5403E+00,-5.0415E-01, 4.7327E+00, 1.9946E+00, 8.4937E+00
"F2                                                                                                                    "
   1773.090, -70226.900,-5.8594E-01, 3.5657E+00,-3.4546E-01, 2.5403E+00,-5.0537E-01, 4.7327E+00, 2.0728E+00, 8.5669E+00
"B                                                                                                                     "
   1777.890, -70222.100,-5.9326E-01, 3.5657E+00,-3.4424E-01, 2.5403E+00,-4.9927E-01, 4.7327E+00, 2.2827E+00, 8.7744E+00
"C                                                                                                                     "
   1780.260, -70219.730,-5.8472E-01, 3.5657E+00,-3.4668E-01, 2.5391E+00,-5.0537E-01, 4.7290E+00, 2.2974E+00, 8.7793E+00
"DG                                                                                                                    "
   1864.290, -70135.700,-3.7109E-01, 3.7756E+00,-3.4668E-01, 2.5403E+00,-5.2246E-01, 4.7144E+00, 2.3511E+00, 8.8452E+00
"CG                                                                                                                    "
   1871.280, -70128.710,-5.6519E-01, 3.5864E+00,-3.4668E-01, 2.5391E+00,-5.1880E-01, 4.7156E+00, 2.0496E+00, 8.5474E+00
"Z                                                                                                                     "
   1955.040, -70044.950,-5.4443E-01, 3.5913E+00,-3.4790E-01, 2.5391E+00,-5.2002E-01, 4.7156E+00, 1.8835E+00, 8.0847E+00
"P                                                                                                                     "
   1980.600, -70019.390,-5.8350E-01, 3.5620E+00,-3.4546E-01, 2.5391E+00,-4.9194E-01, 4.7363E+00, 1.3770E+00, 8.1116E+00
"Z                                                                                                                     "
   3060.150, -68939.840, 9.0820E-01, 5.0269E+00,-3.4302E-01, 2.5403E+00,-4.9927E-01, 4.7375E+00, 1.0620E-01, 6.6431E+00
"P                                                                                                                     "
   3097.980, -68902.010,-5.7129E-01, 3.5681E+00,-3.4424E-01, 2.5415E+00,-5.0537E-01, 4.7278E+00, 1.6809E+00, 8.1836E+00
"B2                                                                                                                    "
   3100.650, -68899.340,-5.7739E-01, 3.5669E+00,-3.4058E-01, 2.5403E+00,-5.0415E-01, 4.7290E+00, 1.6882E+00, 8.1836E+00
"P                                                                                                                     "
   3134.130, -68865.860,-5.7983E-01, 3.5669E+00,-3.4302E-01, 2.5403E+00,-5.0659E-01, 4.7253E+00, 1.7480E+00, 8.2874E+00
"C                                                                                                                     "
   3135.810, -68864.180,-5.8472E-01, 3.5669E+00,-3.4668E-01, 2.5403E+00,-5.0781E-01, 4.7290E+00, 1.8213E+00, 8.2397E+00
"D                                                                                                                     "
   3138.120, -68861.870,-5.7495E-01, 3.5681E+00,-3.3936E-01, 2.5403E+00,-5.0415E-01, 4.7302E+00, 2.0947E+00, 8.4949E+00
"C                                                                                                                     "
   3139.650, -68860.340,-5.7495E-01, 3.5669E+00,-3.4424E-01, 2.5403E+00,-5.0781E-01, 4.7253E+00, 1.6528E+00, 8.1482E+00
"B                                                                                                                     "
   3140.340, -68859.650,-5.8594E-01, 3.5681E+00,-3.4546E-01, 2.5403E+00,-5.0781E-01, 4.7278E+00, 1.7493E+00, 8.2507E+00
"C                                                                                                                     "
   3142.080, -68857.910,-5.7617E-01, 3.5645E+00,-3.4546E-01, 2.5403E+00,-5.0293E-01, 4.7302E+00, 1.7566E+00, 8.2471E+00
"D                                                                                                                     "
   3145.290, -68854.700,-5.8472E-01, 3.5693E+00,-3.4546E-01, 2.5403E+00,-5.1147E-01, 4.7241E+00, 1.7029E+00, 8.2166E+00
"B                                                                                                                     "
   3147.330, -68852.660,-5.6885E-01, 3.5681E+00,-3.4302E-01, 2.5403E+00,-5.0537E-01, 4.7241E+00, 1.7712E+00, 8.2520E+00
"C                                                                                                                     "
   3150.060, -68849.930,-5.8105E-01, 3.5681E+00,-3.4302E-01, 2.5403E+00,-5.0415E-01, 4.7278E+00, 1.7285E+00, 8.2507E+00
"F2                                                                                                                    "
   3152.850, -68847.140,-5.7861E-01, 3.5681E+00,-3.4546E-01, 2.5403E+00,-5.0903E-01, 4.7266E+00, 1.8433E+00, 8.3740E+00
"B                                                                                                                     "
   3159.210, -68840.780,-5.8716E-01, 3.5669E+00,-3.4546E-01, 2.5403E+00,-5.0781E-01, 4.7302E+00, 1.8286E+00, 8.3362E+00
"C                                                                                                                     "
   3162.390, -68837.600,-5.7617E-01, 3.5767E+00,-3.4668E-01, 2.5391E+00,-5.0781E-01, 4.7302E+00, 1.7603E+00, 8.2617E+00
"D                                                                                                                     "
   3209.250, -68790.740,-5.7007E-01, 3.5669E+00,-3.4058E-01, 2.5391E+00,-5.0659E-01, 4.7229E+00, 1.8994E+00, 8.3997E+00
"C                                                                                                                     "
   3211.320, -68788.670,-5.7373E-01, 3.5669E+00,-3.4302E-01, 2.5403E+00,-5.0659E-01, 4.7241E+00, 1.8652E+00, 8.3618E+00
"D                                                                                                                     "
   3229.140, -68770.850,-5.7983E-01, 3.5669E+00,-3.4424E-01, 2.5403E+00,-5.0537E-01, 4.7241E+00, 2.0850E+00, 8.5754E+00
"F2                                                                                                                    "
   3232.020, -68767.970,-5.7129E-01, 3.5669E+00,-3.4180E-01, 2.5403E+00,-5.0903E-01, 4.7229E+00, 1.8579E+00, 8.3215E+00
"B                                                                                                                     "
   3233.340, -68766.650,-5.8594E-01, 3.5645E+00,-3.4424E-01, 2.5391E+00,-5.0903E-01, 4.7229E+00, 1.8958E+00, 8.3801E+00
"C                                                                                                                     "
   3243.360, -68756.630,-5.7495E-01, 3.5657E+00,-3.4546E-01, 2.5403E+00,-5.0659E-01, 4.7253E+00, 2.3071E+00, 8.8452E+00
"D                                                                                                                     "
   3271.950, -68728.040,-5.4565E-01, 3.5925E+00,-3.4790E-01, 2.5391E+00,-5.1147E-01, 4.7253E+00, 2.2156E+00, 8.7683E+00
"C                                                                                                                     "
   3275.520, -68724.470, 1.5540E+00, 5.6653E+00,-3.4302E-01, 2.5403E+00,-5.0781E-01, 4.7253E+00, 2.0154E+00, 8.5205E+00
"D                                                                                                                     "
   3300.390, -68699.600, 1.6077E+00, 5.7056E+00,-3.4546E-01, 2.5403E+00,-5.1514E-01, 4.7241E+00, 1.9666E+00, 8.5364E+00
"C                                                                                                                     "
   3304.170, -68695.820, 1.4954E+00, 5.5920E+00,-3.4546E-01, 2.5403E+00,-5.1147E-01, 4.7229E+00, 1.9995E+00, 8.4851E+00
"D                                                                                                                     "
   3426.810, -68573.180, 1.0132E+00, 5.1318E+00,-3.4180E-01, 2.5403E+00,-5.0659E-01, 4.7253E+00, 2.2717E+00, 8.6169E+00
"C                                                                                                                     "
   3429.210, -68570.780, 9.1797E-01, 5.0830E+00,-3.4302E-01, 2.5403E+00,-5.0903E-01, 4.7241E+00, 2.3730E+00, 8.8989E+00
"D                                                                                                                     "
   3505.680, -68494.310, 1.4905E+00, 5.5908E+00,-3.4058E-01, 2.5403E+00,-5.0415E-01, 4.7266E+00, 2.2290E+00, 8.6365E+00
"C                                                                                                                     "
   3507.120, -68492.870, 1.4783E+00, 5.5969E+00,-3.4424E-01, 2.5403E+00,-5.1025E-01, 4.7278E+00, 2.4548E+00, 8.9844E+00
"D                                                                                                                     "
   3623.760, -68376.230, 2.6416E+00, 6.7249E+00,-3.4302E-01, 2.5403E+00,-5.0659E-01, 4.7278E+00, 2.3767E+00, 8.8940E+00
"C                                                                                                                     "
   3627.030, -68372.960, 2.6721E+00, 6.7529E+00,-3.4424E-01, 2.5403E+00,-5.0537E-01, 4.7314E+00, 2.2729E+00, 8.8928E+00
"D                                                                                                                     "
   3738.180, -68261.810, 2.3999E+00, 6.5515E+00,-3.4546E-01, 2.5403E+00,-5.1025E-01, 4.7253E+00, 1.9885E+00, 8.5010E+00
"F2                                                                                                                    "
   3740.190, -68259.800, 2.8638E+00, 6.9421E+00,-3.3813E-01, 2.5403E+00,-5.0659E-01, 4.7278E+00, 2.0422E+00, 8.5291E+00
"B                                                                                                                     "
   3745.500, -68254.490, 2.7856E+00, 6.8848E+00,-3.4302E-01, 2.5403E+00,-5.0415E-01, 4.7266E+00, 2.1960E+00, 8.6841E+00
"C                                                                                                                     "
   3749.250, -68250.740, 2.5037E+00, 6.5833E+00,-3.4302E-01, 2.5403E+00,-5.1025E-01, 4.7278E+00, 2.3083E+00, 8.8000E+00
"DG                                                                                                                    "
   3918.390, -68081.600,-5.8594E-01, 3.5645E+00,-3.4546E-01, 2.5391E+00,-5.1514E-01, 4.7229E+00, 2.0105E+00, 8.5059E+00
"F2                                                                                                                    "
   3920.280, -68079.710,-5.5664E-01, 3.5901E+00,-3.4302E-01, 2.5391E+00,-5.1514E-01, 4.7229E+00, 2.0874E+00, 8.5815E+00
"B                                                                                                                     "
   3921.840, -68078.150,-5.6396E-01, 3.5803E+00,-3.4424E-01, 2.5391E+00,-5.1270E-01, 4.7217E+00, 2.3291E+00, 8.8086E+00
"C                                                                                                                     "
   3924.630, -68075.360,-5.6152E-01, 3.5852E+00,-3.4546E-01, 2.5391E+00,-5.1270E-01, 4.7217E+00, 2.2351E+00, 8.7268E+00
"D                                                                                                                     "
   4025.250, -67974.740, 1.1182E+00, 5.2466E+00,-3.4424E-01, 2.5391E+00,-5.1636E-01, 4.7205E+00, 1.9128E+00, 8.3972E+00
"P                                                                                                                     "
   4032.000, -67967.990, 1.1304E+00, 5.2539E+00,-3.4668E-01, 2.5378E+00,-5.1758E-01, 4.7192E+00, 1.9031E+00, 8.3997E+00
"Z                                                                                                                     "
   5275.500, -66724.490,-5.8105E-01, 3.5718E+00,-3.4668E-01, 2.5378E+00,-5.1880E-01, 4.7180E+00, 1.7029E+00, 8.0627E+00
"P                                                                                                                     "
   5298.360, -66701.630,-5.6763E-01, 3.5767E+00,-3.4424E-01, 2.5378E+00,-5.1758E-01, 4.7168E+00, 1.3428E+00, 7.8381E+00
"B2                                                                                                                    "
   5302.500, -66697.490,-5.7739E-01, 3.5706E+00,-3.4424E-01, 2.5378E+00,-5.1758E-01, 4.7168E+00, 1.3367E+00, 7.8369E+00
"P                                                                                                                     "
   5317.650, -66682.340,-5.7373E-01, 3.5754E+00,-3.4668E-01, 2.5378E+00,-5.2002E-01, 4.7168E+00, 1.2903E+00, 7.8052E+00
"C                                                                                                                     "
   5320.980, -66679.010,-5.7251E-01, 3.5706E+00,-3.4546E-01, 2.5378E+00,-5.2002E-01, 4.7168E+00, 1.4343E+00, 7.9724E+00
"D                                                                                                                     "
   5346.630, -66653.360,-5.8105E-01, 3.5706E+00,-3.4912E-01, 2.5378E+00,-5.1880E-01, 4.7180E+00, 1.4197E+00, 7.9248E+00
"F1                                                                                                                    "
   5348.340, -66651.650,-5.7373E-01, 3.5779E+00,-3.4668E-01, 2.5378E+00,-5.2002E-01, 4.7180E+00, 1.3892E+00, 7.8906E+00
"F1                                                                                                                    "
   5351.130, -66648.860,-5.6885E-01, 3.5828E+00,-3.4668E-01, 2.5378E+00,-5.1758E-01, 4.7180E+00, 1.5344E+00, 8.0383E+00
"B                                                                                                                     "
   5352.510, -66647.480,-5.6152E-01, 3.5767E+00,-3.4668E-01, 2.5378E+00,-5.1392E-01, 4.7180E+00, 1.6113E+00, 8.1177E+00
"C                                                                                                                     "
   5353.560, -66646.430,-5.6885E-01, 3.5767E+00,-3.4912E-01, 2.5366E+00,-5.2124E-01, 4.7168E+00, 1.5210E+00, 8.0212E+00
"DG                                                                                                                    "
   5390.550, -66609.440,-5.7373E-01, 3.5669E+00,-3.4424E-01, 2.5366E+00,-5.1758E-01, 4.7168E+00, 1.5564E+00, 8.0737E+00
"F2                                                                                                                    "
   5392.290, -66607.700,-5.8105E-01, 3.5657E+00,-3.4790E-01, 2.5366E+00,-5.1758E-01, 4.7180E+00, 1.6187E+00, 8.1201E+00
"B                                                                                                                     "
   5395.230, -66604.760,-5.7617E-01, 3.5657E+00,-3.4790E-01, 2.5366E+00,-5.1636E-01, 4.7168E+00, 1.6614E+00, 8.1555E+00
"C                                                                                                                     "
   5397.180, -66602.810,-5.7617E-01, 3.5645E+00,-3.4302E-01, 2.5378E+00,-5.1514E-01, 4.7168E+00, 1.6443E+00, 8.1616E+00
"DG                                                                                                                    "
   5463.210, -66536.780,-5.9082E-01, 3.5596E+00,-3.4668E-01, 2.5366E+00,-5.1880E-01, 4.7180E+00, 1.7078E+00, 8.2031E+00
"F2                                                                                                                    "
   5465.880, -66534.110,-5.9082E-01, 3.5596E+00,-3.4790E-01, 2.5366E+00,-5.1758E-01, 4.7168E+00, 1.5857E+00, 8.0859E+00
"B                                                                                                                     "
   5468.910, -66531.080,-5.9082E-01, 3.5596E+00,-3.4668E-01, 2.5366E+00,-5.1880E-01, 4.7168E+00, 1.7346E+00, 8.2373E+00
"C                                                                                                                     "
   5471.100, -66528.890,-5.8838E-01, 3.5596E+00,-3.4790E-01, 2.5366E+00,-5.2002E-01, 4.7168E+00, 1.8701E+00, 8.3704E+00
"DG                                                                                                                    "
   5556.000, -66443.990,-5.7983E-01, 3.5742E+00,-3.5156E-01, 2.5354E+00,-5.1880E-01, 4.7168E+00, 1.7676E+00, 8.2678E+00
"F2                                                                                                                    "
   5558.490, -66441.500,-5.8716E-01, 3.5681E+00,-3.4790E-01, 2.5366E+00,-5.2002E-01, 4.7168E+00, 1.5942E+00, 8.1006E+00
"DG                                                                                                                    "
   5886.060, -66113.930, 1.3708E+00, 5.4565E+00,-3.4424E-01, 2.5378E+00,-5.1636E-01, 4.7180E+00, 1.9629E+00, 8.4534E+00
"CG                                                                                                                    "
   5893.230, -66106.760, 1.2878E+00, 5.3711E+00,-3.4668E-01, 2.5378E+00,-5.1880E-01, 4.7180E+00, 1.9983E+00, 8.4949E+00
"DG                                                                                                                    "
   6143.130, -65856.860, 1.3660E+00, 5.4858E+00,-3.5034E-01, 2.5366E+00,-5.2124E-01, 4.7156E+00, 1.9165E+00, 8.4229E+00
"CG                                                                                                                    "
   6149.040, -65850.950, 9.6191E-01, 5.0903E+00,-3.4668E-01, 2.5366E+00,-5.1636E-01, 4.7156E+00, 1.7529E+00, 8.2507E+00
"G                                                                                                                     "
   6156.900, -65843.090, 9.5703E-01, 5.0659E+00,-3.4668E-01, 2.5366E+00,-5.2002E-01, 4.7156E+00, 4.4678E-01, 6.9580E+00
"CG                                                                                                                    "
   6161.790, -65838.200, 1.0388E+00, 5.1636E+00,-3.5034E-01, 2.5366E+00,-5.2002E-01, 4.7156E+00, 1.7664E+00, 8.2666E+00
"DG                                                                                                                    "
   6368.130, -65631.860,-5.8105E-01, 3.5681E+00,-3.4424E-01, 2.5366E+00,-5.1514E-01, 4.7168E+00, 1.9421E+00, 8.4399E+00
"CG                                                                                                                    "
   6372.270, -65627.720,-5.7495E-01, 3.5706E+00,-3.4668E-01, 2.5366E+00,-5.1758E-01, 4.7168E+00, 1.8982E+00, 8.3972E+00
"DG                                                                                                                    "
   6797.910, -65202.080,-4.9683E-01, 3.6548E+00,-3.4668E-01, 2.5366E+00,-5.1270E-01, 4.7205E+00, 1.9409E+00, 8.4375E+00
"CG                                                                                                                    "
   6801.030, -65198.960,-5.6152E-01, 3.5864E+00,-3.4424E-01, 2.5366E+00,-5.1636E-01, 4.7180E+00, 1.8030E+00, 8.2983E+00
"DG                                                                                                                    "
   6851.910, -65148.080,-1.1719E-01, 4.0491E+00,-3.4912E-01, 2.5354E+00,-5.2124E-01, 4.7156E+00, 1.9397E+00, 8.4399E+00
"CG                                                                                                                    "
   6853.860, -65146.130,-5.1392E-01, 3.6694E+00,-3.4912E-01, 2.5366E+00,-5.2002E-01, 4.7156E+00, 1.9751E+00, 8.4766E+00
"DG                                                                                                                    "
   6902.430, -65097.560, 1.1072E+00, 5.2075E+00,-3.4790E-01, 2.5354E+00,-5.1880E-01, 4.7156E+00, 2.0813E+00, 8.5767E+00
"CG                                                                                                                    "
   6905.190, -65094.800, 1.1987E+00, 5.2954E+00,-3.4668E-01, 2.5354E+00,-5.2002E-01, 4.7156E+00, 1.9116E+00, 8.4045E+00
"DG                                                                                                                    "
   7088.490, -64911.500, 1.7517E+00, 5.8472E+00,-3.4668E-01, 2.5354E+00,-5.2124E-01, 4.7156E+00, 1.8738E+00, 8.3667E+00
"D                                                                                                                     "
   7119.360, -64880.630, 2.2632E+00, 6.3684E+00,-3.4424E-01, 2.5354E+00,-5.2002E-01, 4.7156E+00, 1.7773E+00, 8.2739E+00
"C                                                                                                                     "
   7122.210, -64877.780, 1.7505E+00, 5.8545E+00,-3.4790E-01, 2.5354E+00,-5.2124E-01, 4.7144E+00, 1.7847E+00, 8.2825E+00
"D                                                                                                                     "
   7135.410, -64864.580, 2.0776E+00, 6.2427E+00,-3.4546E-01, 2.5354E+00,-5.1758E-01, 4.7156E+00, 1.7944E+00, 8.2922E+00
"C                                                                                                                     "
   7138.620, -64861.370, 2.2144E+00, 6.2939E+00,-3.4912E-01, 2.5354E+00,-5.1880E-01, 4.7156E+00, 1.7932E+00, 8.2922E+00
"D                                                                                                                     "
   7153.890, -64846.100, 2.1289E+00, 6.2000E+00,-3.4790E-01, 2.5354E+00,-5.2124E-01, 4.7156E+00, 1.8823E+00, 8.4656E+00
"C                                                                                                                     "
   7158.390, -64841.600, 1.8079E+00, 5.9106E+00,-3.4546E-01, 2.5354E+00,-5.1880E-01, 4.7156E+00, 2.0349E+00, 8.5571E+00
"D                                                                                                                     "
   7240.740, -64759.250, 1.8774E+00, 5.9802E+00,-3.4912E-01, 2.5354E+00,-5.2002E-01, 4.7156E+00, 2.1448E+00, 8.6523E+00
"C                                                                                                                     "
   7243.860, -64756.130, 2.2485E+00, 6.3477E+00,-3.4790E-01, 2.5354E+00,-5.1880E-01, 4.7168E+00, 1.8860E+00, 8.3911E+00
"D                                                                                                                     "
   7308.330, -64691.660,-5.2490E-01, 3.6230E+00,-3.4546E-01, 2.5354E+00,-5.2246E-01, 4.7180E+00, 2.2192E+00, 8.5510E+00
"C                                                                                                                     "
   7311.150, -64688.840,-5.2246E-01, 3.6230E+00,-3.4546E-01, 2.5354E+00,-5.2002E-01, 4.7168E+00, 2.1924E+00, 8.7024E+00
"D                                                                                                                     "
   7355.370, -64644.620,-4.7119E-01, 3.6792E+00,-3.4912E-01, 2.5354E+00,-5.1880E-01, 4.7180E+00, 2.0398E+00, 8.4558E+00
"C                                                                                                                     "
   7358.130, -64641.860,-1.1597E-01, 3.9697E+00,-3.4790E-01, 2.5354E+00,-5.1636E-01, 4.7192E+00, 2.0508E+00, 8.5120E+00
"D                                                                                                                     "
   7411.080, -64588.910,-3.6987E-01, 3.7231E+00,-3.4668E-01, 2.5354E+00,-5.1514E-01, 4.7192E+00, 1.9714E+00, 8.5730E+00
"C                                                                                                                     "
   7414.350, -64585.640,-5.8350E-01, 3.5657E+00,-3.4912E-01, 2.5366E+00,-5.1514E-01, 4.7180E+00, 2.0605E+00, 8.5986E+00
"D                                                                                                                     "
   7517.550, -64482.440, 1.4734E+00, 5.5188E+00,-3.4790E-01, 2.5366E+00,-5.1392E-01, 4.7192E+00, 2.0386E+00, 8.5364E+00
"F2                                                                                                                    "
   7519.650, -64480.340, 2.2168E+00, 6.2903E+00,-3.4058E-01, 2.5378E+00,-5.1147E-01, 4.7205E+00, 1.8604E+00, 8.3496E+00
"B                                                                                                                     "
   7524.120, -64475.870, 1.3867E+00, 5.4822E+00,-3.4546E-01, 2.5354E+00,-5.1392E-01, 4.7205E+00, 1.8909E+00, 8.3997E+00
"C                                                                                                                     "
   7527.210, -64472.780, 1.3623E+00, 5.5347E+00,-3.4546E-01, 2.5366E+00,-5.1392E-01, 4.7217E+00, 1.9910E+00, 8.4814E+00
"D                                                                                                                     "
   7615.170, -64384.820, 2.9785E+00, 6.9336E+00,-3.4790E-01, 2.5366E+00,-5.1636E-01, 4.7192E+00, 2.1106E+00, 8.6096E+00
"C                                                                                                                     "
   7616.610, -64383.380, 1.7700E+00, 5.8582E+00,-3.4790E-01, 2.5366E+00,-5.1514E-01, 4.7192E+00, 2.0984E+00, 8.5901E+00
"B                                                                                                                     "
   7630.830, -64369.160, 1.9434E+00, 6.0425E+00,-3.4424E-01, 2.5366E+00,-5.1392E-01, 4.7192E+00, 1.8591E+00, 8.3557E+00
"C                                                                                                                     "
   7633.200, -64366.790, 1.9507E+00, 6.0547E+00,-3.4668E-01, 2.5378E+00,-5.1147E-01, 4.7192E+00, 1.7993E+00, 8.2959E+00
"D                                                                                                                     "
   7644.420, -64355.570, 1.9397E+00, 6.0425E+00,-3.4546E-01, 2.5366E+00,-5.1392E-01, 4.7192E+00, 1.7627E+00, 8.2715E+00
"C                                                                                                                     "
   7645.500, -64354.490, 1.9470E+00, 6.0413E+00,-3.4546E-01, 2.5366E+00,-5.1636E-01, 4.7192E+00, 1.7969E+00, 8.2874E+00
"D                                                                                                                     "
   7654.980, -64345.010, 1.9751E+00, 6.0852E+00,-3.4546E-01, 2.5366E+00,-5.1392E-01, 4.7205E+00, 1.8457E+00, 8.3435E+00
"B                                                                                                                     "
   7657.740, -64342.250, 1.9604E+00, 6.0730E+00,-3.4668E-01, 2.5378E+00,-5.1880E-01, 4.7180E+00, 1.7371E+00, 8.2446E+00
"F2                                                                                                                    "
   7661.700, -64338.290, 1.9043E+00, 6.0059E+00,-3.4546E-01, 2.5366E+00,-5.1636E-01, 4.7192E+00, 1.9446E+00, 8.3984E+00
"B                                                                                                                     "
   7667.040, -64332.950, 2.0544E+00, 6.1511E+00,-3.4302E-01, 2.5366E+00,-5.1392E-01, 4.7192E+00, 1.6248E+00, 8.1262E+00
"P                                                                                                                     "
   7668.660, -64331.330, 2.0081E+00, 6.2903E+00,-3.4790E-01, 2.5366E+00,-5.1514E-01, 4.7192E+00, 5.1392E-01, 7.1045E+00
"Z                                                                                                                     "
  24249.360, -47750.630,-5.7861E-01, 3.5657E+00,-3.4180E-01, 2.5317E+00,-5.1147E-01, 4.7217E+00,-2.4292E-01, 6.2207E+00
"P                                                                                                                     "
  24273.660, -47726.330,-5.8594E-01, 3.5632E+00,-3.4302E-01, 2.5317E+00,-5.1270E-01, 4.7217E+00, 1.4490E+00, 7.9419E+00
"B2                                                                                                                    "
  24278.280, -47721.710,-5.7861E-01, 3.5645E+00,-3.4302E-01, 2.5317E+00,-5.0903E-01, 4.7229E+00, 1.3977E+00, 7.9053E+00
"P                                                                                                                     "
  24310.230, -47689.760,-5.9326E-01, 3.5620E+00,-3.4424E-01, 2.5317E+00,-5.1147E-01, 4.7229E+00, 1.2659E+00, 7.7759E+00
"B2                                                                                                                    "
  24314.610, -47685.380,-5.8350E-01, 3.5632E+00,-3.4302E-01, 2.5317E+00,-5.1025E-01, 4.7241E+00, 1.2683E+00, 7.7734E+00
"P                                                                                                                     "
  24326.970, -47673.020,-5.8716E-01, 3.5632E+00,-3.4180E-01, 2.5317E+00,-5.1147E-01, 4.7229E+00, 1.2878E+00, 7.7942E+00
"G                                                                                                                     "
  24334.470, -47665.520,-5.8105E-01, 3.5632E+00,-3.4058E-01, 2.5317E+00,-5.0903E-01, 4.7229E+00, 1.2903E+00, 7.7783E+00
"P                                                                                                                     "
  24338.190, -47661.800,-5.7617E-01, 3.5645E+00,-3.4302E-01, 2.5317E+00,-5.0903E-01, 4.7241E+00, 1.3708E+00, 7.8552E+00
"G                                                                                                                     "
  24341.760, -47658.230,-5.7495E-01, 3.5632E+00,-3.4180E-01, 2.5317E+00,-5.0659E-01, 4.7229E+00, 1.2512E+00, 7.6941E+00
"P                                                                                                                     "
  24342.990, -47657.000,-5.8838E-01, 3.5632E+00,-3.4424E-01, 2.5305E+00,-5.1147E-01, 4.7217E+00,-1.3550E-01, 6.4856E+00
"Z                                                                                                                     "
  24362.040, -47637.950,-5.7861E-01, 3.5620E+00,-3.4180E-01, 2.5317E+00,-5.0903E-01, 4.7229E+00, 1.3354E+00, 6.9263E+00
"P                                                                                                                     "
  24383.640, -47616.350,-5.8594E-01, 3.5632E+00,-3.4424E-01, 2.5317E+00,-5.1147E-01, 4.7241E+00, 2.0618E+00, 8.2495E+00
"C                                                                                                                     "
  24384.720, -47615.270,-5.8716E-01, 3.5632E+00,-3.4424E-01, 2.5317E+00,-5.1147E-01, 4.7229E+00, 1.0999E+00, 7.5989E+00
"D                                                                                                                     "
  24385.350, -47614.640,-5.8960E-01, 3.5632E+00,-3.4180E-01, 2.5317E+00,-5.1392E-01, 4.7217E+00, 1.0779E+00, 7.5891E+00
"B                                                                                                                     "
  24386.820, -47613.170,-5.7739E-01, 3.5620E+00,-3.3936E-01, 2.5317E+00,-5.1025E-01, 4.7229E+00, 1.7236E+00, 8.0652E+00
"C                                                                                                                     "
  24388.950, -47611.040,-5.7861E-01, 3.5632E+00,-3.4058E-01, 2.5317E+00,-5.0659E-01, 4.7229E+00, 1.0803E+00, 7.6111E+00
"F1                                                                                                                     "
  24390.720, -47609.270,-5.7983E-01, 3.5620E+00,-3.4302E-01, 2.5317E+00,-5.0903E-01, 4.7229E+00, 1.0974E+00, 7.6843E+00
"F2                                                                                                                    "
  24393.100, -47606.890,-5.7617E-01, 3.5620E+00,-3.3936E-01, 2.5317E+00,-5.0659E-01, 4.7229E+00, 9.9731E-01, 7.5195E+00
"C                                                                                                                     "
  24403.300, -47596.690,-5.9204E-01, 3.5620E+00,-3.4546E-01, 2.5305E+00,-5.1270E-01, 4.7229E+00, 1.1450E+00, 7.6465E+00
"D                                                                                                                     "
  24432.610, -47567.380,-5.8716E-01, 3.5620E+00,-3.4180E-01, 2.5317E+00,-5.1270E-01, 4.7229E+00, 1.2988E+00, 7.8125E+00
"F2                                                                                                                    "
  24434.950, -47565.040,-5.7983E-01, 3.5632E+00,-3.4180E-01, 2.5317E+00,-5.0781E-01, 4.7229E+00, 1.4221E+00, 7.9443E+00
"B                                                                                                                     "
  24436.360, -47563.630,-5.8105E-01, 3.5620E+00,-3.4180E-01, 2.5317E+00,-5.1270E-01, 4.7229E+00, 1.3684E+00, 7.8540E+00
"C                                                                                                                     "
  24438.070, -47561.920,-5.8960E-01, 3.5620E+00,-3.4424E-01, 2.5317E+00,-5.1392E-01, 4.7217E+00, 1.3538E+00, 7.8540E+00
"D                                                                                                                     "
  24439.120, -47560.870,-5.7617E-01, 3.5620E+00,-3.4302E-01, 2.5317E+00,-5.1147E-01, 4.7229E+00, 1.3025E+00, 7.8015E+00
"C                                                                                                                     "
  24442.450, -47557.540,-5.8105E-01, 3.5620E+00,-3.4180E-01, 2.5317E+00,-5.1025E-01, 4.7229E+00, 1.4917E+00, 7.9919E+00
"D                                                                                                                     "
  24492.790, -47507.200,-5.7983E-01, 3.5632E+00,-3.4302E-01, 2.5317E+00,-5.1392E-01, 4.7229E+00, 1.4905E+00, 7.9712E+00
"C                                                                                                                     "
  24494.950, -47505.040,-5.8594E-01, 3.5645E+00,-3.4424E-01, 2.5317E+00,-5.0903E-01, 4.7229E+00, 1.5894E+00, 8.0908E+00
"D                                                                                                                     "
  24515.440, -47484.550,-5.7495E-01, 3.5632E+00,-3.4180E-01, 2.5317E+00,-5.0903E-01, 4.7229E+00, 1.4563E+00, 8.0896E+00
"F2                                                                                                                    "
  24519.970, -47480.020,-5.8105E-01, 3.5632E+00,-3.4302E-01, 2.5317E+00,-5.1147E-01, 4.7217E+00, 1.6174E+00, 8.1030E+00
"B                                                                                                                     "
  24526.330, -47473.660,-5.8716E-01, 3.5632E+00,-3.4424E-01, 2.5305E+00,-5.1514E-01, 4.7217E+00, 1.4380E+00, 7.9382E+00
"C                                                                                                                     "
  24528.700, -47471.290,-5.8472E-01, 3.5632E+00,-3.4424E-01, 2.5317E+00,-5.1392E-01, 4.7229E+00, 1.4722E+00, 8.1140E+00
"B                                                                                                                     "
  24529.240, -47470.750,-5.8228E-01, 3.5620E+00,-3.3936E-01, 2.5317E+00,-5.0659E-01, 4.7229E+00, 1.4734E+00, 7.9895E+00
"D                                                                                                                     "
  24543.130, -47456.860,-5.7983E-01, 3.5632E+00,-3.4180E-01, 2.5317E+00,-5.1025E-01, 4.7229E+00, 1.4001E+00, 7.9529E+00
"F2                                                                                                                    "
  24545.620, -47454.370,-5.7861E-01, 3.5632E+00,-3.4424E-01, 2.5317E+00,-5.0781E-01, 4.7229E+00, 1.5234E+00, 8.0078E+00
"B                                                                                                                     "
  24547.510, -47452.480,-5.7983E-01, 3.5632E+00,-3.4058E-01, 2.5317E+00,-5.0659E-01, 4.7229E+00, 1.4429E+00, 7.9370E+00
"D                                                                                                                     "
  24605.050, -47394.940, 1.1670E+00, 5.2686E+00,-3.4546E-01, 2.5305E+00,-5.1392E-01, 4.7229E+00, 1.6113E+00, 8.0933E+00
"C                                                                                                                     "
  24607.540, -47392.450, 1.1804E+00, 5.2747E+00,-3.4058E-01, 2.5317E+00,-5.1025E-01, 4.7229E+00, 1.7908E+00, 8.2837E+00
"D                                                                                                                     "
  24675.730, -47324.260, 3.0518E-02, 4.1638E+00,-3.4058E-01, 2.5317E+00,-5.0415E-01, 4.7229E+00, 1.8042E+00, 8.3142E+00
"B                                                                                                                     "
  24676.300, -47323.690, 8.3252E-01, 4.9475E+00,-3.4180E-01, 2.5317E+00,-5.0781E-01, 4.7241E+00, 1.5833E+00, 8.0798E+00
"F2                                                                                                                    "
  24678.910, -47321.080,-4.0771E-01, 3.7427E+00,-3.4424E-01, 2.5317E+00,-5.0903E-01, 4.7241E+00, 1.5918E+00, 8.1128E+00
"B                                                                                                                     "
  24682.780, -47317.210,-5.6030E-01, 3.5828E+00,-3.4302E-01, 2.5317E+00,-5.1025E-01, 4.7241E+00, 1.6980E+00, 8.1787E+00
"C                                                                                                                     "
  24684.280, -47315.710,-5.7373E-01, 3.5669E+00,-3.4302E-01, 2.5317E+00,-5.0903E-01, 4.7229E+00, 1.6479E+00, 8.1665E+00
"D                                                                                                                     "
  24917.590, -47082.400,-5.7983E-01, 3.5645E+00,-3.4058E-01, 2.5317E+00,-5.0659E-01, 4.7241E+00, 1.6699E+00, 8.1763E+00
"F2                                                                                                                    "
  24919.510, -47080.480,-5.8105E-01, 3.5657E+00,-3.4058E-01, 2.5317E+00,-5.1025E-01, 4.7241E+00, 1.5747E+00, 8.0762E+00
"B                                                                                                                     "
  24921.940, -47078.050,-5.7373E-01, 3.5632E+00,-3.3936E-01, 2.5317E+00,-5.0781E-01, 4.7229E+00, 1.8982E+00, 8.3850E+00
"C                                                                                                                     "
  24923.500, -47076.490,-5.8105E-01, 3.5645E+00,-3.4058E-01, 2.5317E+00,-5.0537E-01, 4.7241E+00, 1.7920E+00, 8.2874E+00
"DG                                                                                                                    "
  25272.250, -46727.740,-5.8228E-01, 3.5645E+00,-3.3936E-01, 2.5330E+00,-5.1270E-01, 4.7241E+00, 1.6772E+00, 8.1750E+00
"F2                                                                                                                    "
  25274.800, -46725.190,-5.8472E-01, 3.5645E+00,-3.4180E-01, 2.5317E+00,-5.0903E-01, 4.7241E+00, 1.6980E+00, 8.1750E+00
"B                                                                                                                     "
  25276.360, -46723.630,-5.8594E-01, 3.5645E+00,-3.4546E-01, 2.5317E+00,-5.1147E-01, 4.7241E+00, 1.8945E+00, 8.4326E+00
"DG                                                                                                                    "
  26067.850, -45932.140, 1.0571E+00, 5.1587E+00,-3.4424E-01, 2.5293E+00,-5.1270E-01, 4.7192E+00, 1.9202E+00, 8.4021E+00
"CG                                                                                                                    "
  26071.270, -45928.720, 1.1926E+00, 5.3113E+00,-3.4424E-01, 2.5293E+00,-5.1636E-01, 4.7192E+00, 1.7407E+00, 8.2446E+00
"DG                                                                                                                    "
  26321.860, -45678.130, 1.6614E+00, 5.7715E+00,-3.4180E-01, 2.5293E+00,-5.1392E-01, 4.7180E+00, 1.7041E+00, 8.1799E+00
"CG                                                                                                                    "
  26323.930, -45676.060, 1.6675E+00, 5.7666E+00,-3.4424E-01, 2.5293E+00,-5.1147E-01, 4.7192E+00, 1.7432E+00, 8.2373E+00
"DG                                                                                                                    "
  26665.690, -45334.300,-2.5513E-01, 3.8953E+00,-3.4668E-01, 2.5293E+00,-5.1758E-01, 4.7192E+00, 1.5747E-01, 6.6760E+00
"CG                                                                                                                    "
  26672.290, -45327.700,-2.5391E-01, 3.8867E+00,-3.4302E-01, 2.5293E+00,-5.1514E-01, 4.7192E+00, 1.7944E+00, 8.3118E+00
"DG                                                                                                                    "
  26835.460, -45164.530, 1.5051E+00, 5.6152E+00,-3.4546E-01, 2.5293E+00,-5.1514E-01, 4.7217E+00, 1.4038E+00, 7.9150E+00
"CG                                                                                                                    "
  26839.060, -45160.930, 1.5320E+00, 5.6396E+00,-3.4302E-01, 2.5293E+00,-5.1147E-01, 4.7217E+00, 1.6199E+00, 8.1079E+00
"DG                                                                                                                    "
  27146.320, -44853.670, 1.5039E+00, 5.6067E+00,-3.4058E-01, 2.5305E+00,-5.1392E-01, 4.7229E+00, 1.7334E+00, 8.2324E+00
"CG                                                                                                                    "
  27150.070, -44849.920, 1.4893E+00, 5.5872E+00,-3.4180E-01, 2.5305E+00,-5.1147E-01, 4.7217E+00, 1.6431E+00, 8.1384E+00
"DG                                                                                                                    "
  27180.490, -44819.500, 1.9226E+00, 6.0315E+00,-3.4302E-01, 2.5305E+00,-5.0903E-01, 4.7229E+00, 1.3794E-01, 6.6504E+00
"CG                                                                                                                    "
  27182.500, -44817.490, 1.9031E+00, 6.0083E+00,-3.4180E-01, 2.5305E+00,-5.0781E-01, 4.7229E+00, 1.7249E+00, 8.2166E+00
"DG                                                                                                                    "
  29459.680, -42540.310, 1.9629E+00, 6.0583E+00,-3.4180E-01, 2.5281E+00,-5.1147E-01, 4.7205E+00, 1.0986E-02, 6.5247E+00
"G                                                                                                                     "
  29668.180, -42331.810,-3.4912E-01, 3.7964E+00,-3.4424E-01, 2.5281E+00,-5.1514E-01, 4.7205E+00, 1.1096E+00, 7.6160E+00
"DG                                                                                                                    "
  29803.150, -42196.840,-3.5645E-01, 3.7842E+00,-3.4546E-01, 2.5281E+00,-5.1880E-01, 4.7205E+00, 1.4648E-02, 6.5442E+00
"CG                                                                                                                    "
  29805.220, -42194.770,-3.6621E-01, 3.7854E+00,-3.4546E-01, 2.5269E+00,-5.1392E-01, 4.7205E+00, 1.8823E+00, 8.3704E+00
"DG                                                                                                                    "
  31446.940, -40553.050, 2.0203E+00, 6.1267E+00,-3.4424E-01, 2.5281E+00,-5.1636E-01, 4.7192E+00,-2.7832E-01, 6.2671E+00
"Z                                                                                                                     "
  36000.010, -35999.980, 1.6296E+00, 5.7336E+00,-3.4424E-01, 2.5256E+00, 3.5327E+00, 8.7415E+00,-3.1982E-01, 6.2024E+00
