"NP                                                                                                                    "
   1813.320, -70186.670,-6.3110E-01, 3.5193E+00,-3.7231E-01, 2.5122E+00,-4.5654E-01, 4.7815E+00, 3.6621E-01, 6.5625E+00
"P                                                                                                                     "
   1831.500, -70168.490,-6.2744E-01, 3.5193E+00,-3.7964E-01, 2.5098E+00,-5.1758E-01, 4.7168E+00,-9.0332E-02, 6.6260E+00
"Z                                                                                                                     "
   1908.270, -70091.720,-6.2744E-01, 3.5193E+00, 1.8640E+00, 4.7058E+00,-5.6641E-01, 4.6704E+00,-3.3447E-01, 6.1829E+00
"P                                                                                                                     "
   1923.150, -70076.840,-6.2744E-01, 3.5193E+00, 1.5247E+00, 4.3555E+00,-5.6519E-01, 4.6716E+00, 2.4292E-01, 6.7114E+00
"B                                                                                                                     "
   1952.190, -70047.800,-6.2622E-01, 3.5193E+00,-3.7598E-01, 2.5085E+00,-5.5054E-01, 4.6887E+00, 7.2754E-01, 7.1484E+00
"C                                                                                                                     "
   1958.940, -70041.050,-6.2744E-01, 3.5181E+00,-3.7231E-01, 2.5171E+00,-5.4932E-01, 4.6851E+00, 5.3223E-01, 7.1057E+00
"D                                                                                                                     "
   1965.990, -70034.000,-6.3110E-01, 3.5193E+00,-3.2349E-01, 2.6221E+00,-5.7617E-01, 4.6667E+00, 6.1646E-01, 7.1252E+00
"F1                                                                                                                    "
   1967.460, -70032.530,-6.3232E-01, 3.5181E+00,-3.6987E-01, 2.5146E+00,-5.7373E-01, 4.6594E+00, 5.7861E-01, 7.0862E+00
"D                                                                                                                     "
   1968.960, -70031.030,-6.3232E-01, 3.5181E+00,-3.7598E-01, 2.5073E+00,-5.5298E-01, 4.6826E+00, 4.9561E-01, 7.0093E+00
"B                                                                                                                     "
   1974.900, -70025.090,-6.3232E-01, 3.5193E+00,-3.8574E-01, 2.5037E+00, 3.2300E+00, 8.4534E+00, 5.3345E-01, 7.0593E+00
"D                                                                                                                     "
   2006.670, -69993.320,-6.2988E-01, 3.5168E+00, 7.4341E-01, 3.6072E+00, 3.4229E+00, 8.6389E+00, 7.7637E-01, 7.2876E+00
"C                                                                                                                     "
   2014.020, -69985.970,-6.2988E-01, 3.5181E+00, 1.1267E+00, 3.9783E+00, 3.6621E+00, 8.6890E+00, 8.3862E-01, 7.3364E+00
"D                                                                                                                     "
   2033.640, -69966.350,-6.2744E-01, 3.5168E+00, 1.3757E+00, 4.1357E+00, 3.9746E+00, 9.1748E+00, 8.7402E-01, 7.3706E+00
"C                                                                                                                     "
   2037.720, -69962.270,-6.2988E-01, 3.5168E+00, 1.5845E+00, 4.3530E+00, 3.8843E+00, 9.0479E+00, 1.0510E+00, 7.5500E+00
"C                                                                                                                     "
   2046.000, -69953.990,-6.2866E-01, 3.5168E+00, 1.4148E+00, 4.2517E+00, 3.3411E+00, 8.5364E+00, 1.0352E+00, 7.5366E+00
"D                                                                                                                     "
   2046.150, -69953.840,-6.3354E-01, 3.5168E+00, 1.8103E+00, 4.5044E+00, 3.3362E+00, 8.5620E+00, 1.0437E+00, 7.5513E+00
"C                                                                                                                     "
   2064.030, -69935.960,-6.3110E-01, 3.5156E+00, 1.8384E+00, 4.6704E+00, 3.9636E+00, 9.1418E+00, 1.0046E+00, 7.4976E+00
"D                                                                                                                     "
   2069.250, -69930.740,-6.2866E-01, 3.5156E+00, 1.4648E+00, 4.2932E+00, 3.7085E+00, 8.8953E+00, 8.9111E-01, 7.3901E+00
"B                                                                                                                     "
   2069.550, -69930.440,-6.3477E-01, 3.5156E+00, 1.7358E+00, 4.5508E+00, 3.7317E+00, 8.9441E+00, 9.3140E-01, 7.4524E+00
"F2                                                                                                                    "
   2069.970, -69930.020,-6.3232E-01, 3.5156E+00, 1.5149E+00, 4.4080E+00, 3.7415E+00, 8.9368E+00, 9.5459E-01, 7.4707E+00
"C                                                                                                                     "
   2070.540, -69929.450,-6.2866E-01, 3.5168E+00, 1.7822E+00, 4.5569E+00, 3.8928E+00, 8.9307E+00, 1.0364E+00, 7.4744E+00
"D                                                                                                                     "
   2086.470, -69913.520,-6.2988E-01, 3.5156E+00, 1.8567E+00, 4.6826E+00, 3.3472E+00, 8.5339E+00, 1.0303E+00, 7.5427E+00
"C                                                                                                                     "
   2092.290, -69907.700,-6.2866E-01, 3.5168E+00, 1.4709E+00, 4.3518E+00, 3.9063E+00, 9.1614E+00, 1.0388E+00, 7.5366E+00
"D                                                                                                                     "
   2098.830, -69901.160,-6.3477E-01, 3.5156E+00, 1.9409E+00, 4.7754E+00, 3.8281E+00, 9.0356E+00, 1.6077E+00, 8.0969E+00
"C                                                                                                                     "
   2111.190, -69888.800,-6.3599E-01, 3.5156E+00, 1.9250E+00, 4.7534E+00, 3.7866E+00, 8.9978E+00, 1.4563E+00, 7.9260E+00
"D                                                                                                                     "
   2114.910, -69885.080,-6.2744E-01, 3.5156E+00, 1.9458E+00, 4.7729E+00, 4.0515E+00, 9.2529E+00, 9.5703E-01, 7.4622E+00
"F2                                                                                                                    "
   2115.750, -69884.240,-6.2988E-01, 3.5156E+00, 1.6528E+00, 4.5764E+00, 3.7830E+00, 8.9819E+00, 1.1804E+00, 7.6392E+00
"C                                                                                                                     "
   2118.330, -69881.660,-6.2988E-01, 3.5156E+00, 1.9226E+00, 4.7607E+00, 3.8110E+00, 9.0076E+00, 1.2048E+00, 7.6196E+00
"D                                                                                                                     "
   2125.020, -69874.970,-6.3477E-01, 3.5156E+00, 1.8323E+00, 4.6692E+00, 3.7634E+00, 8.9685E+00, 9.8389E-01, 7.5012E+00
"C                                                                                                                     "
   2126.940, -69873.050,-6.3110E-01, 3.5156E+00, 1.7224E+00, 4.5471E+00, 3.8428E+00, 9.0393E+00, 1.3684E+00, 7.8345E+00
"D                                                                                                                     "
   2158.980, -69841.010,-6.3232E-01, 3.5156E+00, 1.7273E+00, 4.6472E+00, 3.4167E+00, 8.6206E+00, 1.3855E+00, 7.6660E+00
"C                                                                                                                     "
   2164.260, -69835.730,-6.3599E-01, 3.5156E+00, 1.8848E+00, 4.7241E+00, 3.7476E+00, 8.9624E+00, 9.4971E-01, 7.4988E+00
"B                                                                                                                     "
   2167.620, -69832.370,-6.3232E-01, 3.5156E+00, 1.8774E+00, 4.7156E+00, 4.1638E+00, 9.3701E+00, 1.5771E+00, 8.0481E+00
"C                                                                                                                     "
   2168.790, -69831.200,-6.3232E-01, 3.5156E+00, 1.8713E+00, 4.7107E+00, 3.8562E+00, 9.0515E+00, 1.0510E+00, 7.5537E+00
"D                                                                                                                     "
   2180.880, -69819.110,-6.3477E-01, 3.5156E+00, 1.8298E+00, 4.6704E+00, 4.1589E+00, 9.3665E+00, 9.1919E-01, 7.4341E+00
"F2                                                                                                                    "
   2181.450, -69818.540,-6.2988E-01, 3.5156E+00, 1.8286E+00, 4.6655E+00, 3.8696E+00, 9.0662E+00, 9.7168E-01, 7.4976E+00
"C                                                                                                                     "
   2181.990, -69818.000,-6.3354E-01, 3.5156E+00, 1.8103E+00, 4.6533E+00, 3.8574E+00, 9.0820E+00, 9.6680E-01, 7.5146E+00
"B                                                                                                                     "
   2190.000, -69809.990,-6.3110E-01, 3.5156E+00, 1.7615E+00, 4.6045E+00, 3.8574E+00, 9.0564E+00, 8.9233E-01, 7.4146E+00
"C                                                                                                                     "
   2191.410, -69808.580,-6.2866E-01, 3.5156E+00, 1.7517E+00, 4.5886E+00, 3.9331E+00, 9.1382E+00, 9.0332E-01, 7.4768E+00
"FB                                                                                                                    "
   2192.760, -69807.230,-6.2866E-01, 3.5156E+00, 1.7468E+00, 4.5886E+00, 3.7061E+00, 8.9404E+00, 7.9224E-01, 7.3035E+00
"FB                                                                                                                    "
   2194.140, -69805.850,-6.3721E-01, 3.5144E+00, 1.7419E+00, 4.5764E+00, 3.9124E+00, 9.1174E+00, 8.8135E-01, 7.3828E+00
"C                                                                                                                     "
   2196.330, -69803.660,-6.3232E-01, 3.5156E+00, 1.7529E+00, 4.5898E+00, 3.8892E+00, 9.0918E+00, 8.9600E-01, 7.3987E+00
"F2                                                                                                                    "
   2197.650, -69802.340,-6.3232E-01, 3.5156E+00, 1.6980E+00, 4.5447E+00, 3.8953E+00, 9.1052E+00, 8.1665E-01, 7.3340E+00
"Z                                                                                                                     "
   9168.390, -62831.600,-6.2012E-01, 3.5315E+00, 2.0007E+00, 4.8401E+00, 2.4878E+00, 7.7136E+00,-3.1616E-01, 6.2061E+00
"P                                                                                                                     "
   9195.870, -62804.120,-6.2134E-01, 3.5266E+00, 1.9788E+00, 4.8120E+00, 2.5464E+00, 7.7539E+00, 3.1860E-01, 6.8262E+00
"B2                                                                                                                    "
   9200.880, -62799.110,-6.1890E-01, 3.5266E+00, 2.0020E+00, 4.8303E+00, 2.4756E+00, 7.6770E+00, 2.7344E-01, 6.7761E+00
"P                                                                                                                     "
   9226.050, -62773.940,-6.2500E-01, 3.5242E+00, 2.0276E+00, 4.8657E+00, 2.5427E+00, 7.7527E+00,-1.6602E-01, 6.3599E+00
"B2                                                                                                                    "
   9229.710, -62770.280,-6.2988E-01, 3.5217E+00, 2.0020E+00, 4.8438E+00, 2.5378E+00, 7.7576E+00,-2.2461E-01, 6.3025E+00
"P                                                                                                                     "
   9236.040, -62763.950,-6.2744E-01, 3.5217E+00, 1.9421E+00, 4.7583E+00, 2.5586E+00, 7.7747E+00, 3.3936E-01, 6.7505E+00
"C                                                                                                                     "
   9246.840, -62753.150,-6.2622E-01, 3.5205E+00, 1.9861E+00, 4.8181E+00, 2.5635E+00, 7.7734E+00,-2.5635E-02, 6.4905E+00
"B                                                                                                                     "
   9247.470, -62752.520,-6.2256E-01, 3.5217E+00, 1.9995E+00, 4.8328E+00, 2.5659E+00, 7.7747E+00, 5.2490E-01, 6.7065E+00
"C                                                                                                                     "
   9259.200, -62740.790,-6.3110E-01, 3.5205E+00, 2.0593E+00, 4.8938E+00, 2.5562E+00, 7.7710E+00, 7.8125E-02, 6.6077E+00
"F2                                                                                                                    "
   9260.610, -62739.380,-6.2622E-01, 3.5205E+00, 2.0776E+00, 4.9109E+00, 2.5745E+00, 7.7759E+00, 9.8877E-02, 6.6016E+00
"B                                                                                                                     "
   9263.730, -62736.260,-6.2988E-01, 3.5205E+00, 1.9836E+00, 4.8669E+00, 2.5793E+00, 7.7881E+00,-1.0986E-02, 6.4648E+00
"C                                                                                                                     "
   9270.780, -62729.210,-6.2866E-01, 3.5205E+00, 1.9995E+00, 4.8291E+00, 2.4768E+00, 7.6880E+00, 3.7476E-01, 6.7419E+00
"D                                                                                                                     "
   9307.740, -62692.250,-6.2866E-01, 3.5181E+00, 2.0642E+00, 4.9011E+00, 2.5024E+00, 7.7051E+00, 5.1392E-01, 6.9910E+00
"F2                                                                                                                    "
   9313.380, -62686.610,-6.3232E-01, 3.5168E+00, 1.9263E+00, 4.7961E+00, 2.4829E+00, 7.6892E+00, 3.3081E-01, 6.8091E+00
"B                                                                                                                     "
   9332.790, -62667.200,-6.2988E-01, 3.5168E+00, 2.0300E+00, 4.8682E+00, 2.4414E+00, 7.6538E+00, 1.0986E-01, 6.6223E+00
"C                                                                                                                     "
   9336.270, -62663.720,-6.3232E-01, 3.5168E+00, 2.0325E+00, 4.8682E+00, 5.8594E-01, 5.8130E+00, 9.5215E-02, 6.6528E+00
"F2                                                                                                                    "
   9337.080, -62662.910,-6.2866E-01, 3.5181E+00, 2.0044E+00, 4.8315E+00, 5.9570E-01, 5.8167E+00, 4.1992E-01, 6.8091E+00
"D                                                                                                                     "
   9342.720, -62657.270,-6.2988E-01, 3.5181E+00, 2.0496E+00, 4.8914E+00, 5.8105E-01, 5.8105E+00, 2.1973E-01, 6.7468E+00
"B                                                                                                                     "
   9343.560, -62656.430,-6.2744E-01, 3.5181E+00, 2.0117E+00, 4.8425E+00, 5.9082E-01, 5.8105E+00, 1.7090E-01, 6.6980E+00
"F2                                                                                                                    "
   9344.340, -62655.650,-6.2744E-01, 3.5181E+00, 2.0471E+00, 4.8816E+00, 5.9082E-01, 5.8118E+00, 5.9326E-01, 6.9739E+00
"C                                                                                                                     "
   9353.100, -62646.890,-6.2988E-01, 3.5181E+00, 2.0569E+00, 4.8914E+00, 2.4597E+00, 7.6733E+00, 1.3916E-01, 6.6528E+00
"F2                                                                                                                    "
   9353.730, -62646.260,-6.2866E-01, 3.5181E+00, 2.0691E+00, 4.9048E+00, 2.4609E+00, 7.6733E+00, 3.4546E-01, 6.7859E+00
"C                                                                                                                     "
   9358.470, -62641.520,-6.2988E-01, 3.5181E+00, 2.0239E+00, 4.8560E+00, 2.4719E+00, 7.6843E+00, 3.1494E-01, 6.8127E+00
"D                                                                                                                     "
   9441.750, -62558.240,-6.2622E-01, 3.5193E+00, 2.0715E+00, 4.9109E+00, 2.4036E+00, 7.6196E+00, 2.3071E-01, 6.8555E+00
"P                                                                                                                     "
   9463.410, -62536.580,-6.2744E-01, 3.5181E+00, 1.9751E+00, 4.8279E+00, 2.5037E+00, 7.7063E+00, 1.2085E-01, 6.6406E+00
"B2                                                                                                                    "
   9467.910, -62532.080,-6.2866E-01, 3.5193E+00, 2.0410E+00, 4.8425E+00, 2.3938E+00, 7.6147E+00, 1.2817E-01, 6.6406E+00
"P                                                                                                                     "
   9489.210, -62510.780,-6.2622E-01, 3.5193E+00, 1.9458E+00, 4.8206E+00, 7.1045E-01, 5.9998E+00, 2.0996E-01, 6.7163E+00
"B2                                                                                                                    "
   9490.890, -62509.100,-6.2866E-01, 3.5193E+00, 2.0703E+00, 4.8645E+00, 6.2500E-01, 5.8557E+00, 1.1353E-01, 6.6284E+00
"P                                                                                                                     "
   9510.120, -62489.870,-6.2744E-01, 3.5193E+00, 2.0264E+00, 4.8621E+00, 6.2256E-01, 5.8557E+00, 1.0864E-01, 6.6321E+00
"B2                                                                                                                    "
   9517.320, -62482.670,-6.2622E-01, 3.5193E+00, 2.0422E+00, 4.8755E+00, 6.4331E-01, 5.8679E+00, 5.1270E-02, 6.5698E+00
"P                                                                                                                     "
   9542.700, -62457.290,-6.2744E-01, 3.5193E+00, 2.0190E+00, 4.8596E+00, 2.4902E+00, 7.7063E+00, 4.1626E-01, 6.8787E+00
"C                                                                                                                     "
   9548.400, -62451.590,-6.2988E-01, 3.5205E+00, 2.0117E+00, 4.8438E+00, 2.4878E+00, 7.6965E+00, 1.1353E-01, 6.6431E+00
"D                                                                                                                     "
   9554.520, -62445.470,-6.2744E-01, 3.5193E+00, 2.0398E+00, 4.8657E+00, 2.5171E+00, 7.7222E+00, 1.6113E-01, 6.6858E+00
"F2                                                                                                                    "
   9555.120, -62444.870,-6.2622E-01, 3.5193E+00, 2.0752E+00, 4.9109E+00, 2.5024E+00, 7.7197E+00, 2.2095E-01, 6.7261E+00
"B                                                                                                                     "
   9556.110, -62443.880,-6.2378E-01, 3.5205E+00, 2.0215E+00, 4.8511E+00, 2.5220E+00, 7.7222E+00, 5.6152E-02, 6.5710E+00
"F2                                                                                                                    "
   9556.560, -62443.430,-6.2622E-01, 3.5193E+00, 1.9714E+00, 4.8010E+00, 2.3804E+00, 7.6038E+00, 2.8076E-02, 6.5515E+00
"B                                                                                                                     "
   9557.550, -62442.440,-6.2744E-01, 3.5193E+00, 2.0691E+00, 4.8987E+00, 2.4500E+00, 7.6514E+00, 1.1597E-01, 6.5808E+00
"C                                                                                                                     "
   9565.170, -62434.820,-6.2500E-01, 3.5205E+00, 2.0508E+00, 4.8828E+00, 2.4902E+00, 7.6941E+00, 1.5503E-01, 6.6589E+00
"D                                                                                                                     "
   9690.870, -62309.120,-6.2866E-01, 3.5193E+00, 2.0605E+00, 4.9377E+00, 2.4048E+00, 7.6208E+00, 4.0283E-01, 6.9653E+00
"F2                                                                                                                    "
   9691.890, -62308.100,-6.2988E-01, 3.5193E+00, 2.1350E+00, 4.9683E+00, 2.3926E+00, 7.6050E+00, 4.1382E-01, 6.9360E+00
"FB                                                                                                                    "
   9694.290, -62305.700,-6.3110E-01, 3.5193E+00, 2.0349E+00, 4.9084E+00, 2.3438E+00, 7.5598E+00, 2.5879E-01, 6.7590E+00
"D                                                                                                                     "
   9723.810, -62276.180,-6.2622E-01, 3.5193E+00, 1.6711E+00, 4.5251E+00, 6.8115E-01, 5.9094E+00, 3.8086E-01, 6.9324E+00
"FB                                                                                                                    "
   9725.160, -62274.830,-6.2744E-01, 3.5181E+00, 1.8433E+00, 4.6838E+00, 6.9336E-01, 5.9131E+00, 4.4067E-01, 6.9629E+00
"F2                                                                                                                    "
   9727.410, -62272.580,-6.2744E-01, 3.5193E+00, 1.8030E+00, 4.6643E+00, 6.8604E-01, 5.9155E+00, 2.5146E-01, 6.7700E+00
"FB                                                                                                                    "
   9741.210, -62258.780,-6.2866E-01, 3.5181E+00, 2.3828E+00, 5.1953E+00, 6.9702E-01, 5.9180E+00, 2.5269E-01, 6.7761E+00
"DG                                                                                                                    "
   9760.950, -62239.040,-6.2988E-01, 3.5181E+00, 2.2119E+00, 5.0452E+00, 6.8359E-01, 5.9094E+00, 2.7344E-01, 6.7847E+00
"P                                                                                                                     "
   9788.880, -62211.110,-6.2744E-01, 3.5181E+00, 2.1460E+00, 4.9988E+00, 2.6501E+00, 7.8552E+00, 2.5269E-01, 6.7749E+00
"G                                                                                                                     "
   9921.090, -62078.900,-6.2744E-01, 3.5168E+00, 2.2034E+00, 5.0366E+00, 2.6221E+00, 7.8296E+00, 3.5400E-01, 6.8652E+00
"G                                                                                                                     "
   9957.720, -62042.270,-6.2866E-01, 3.5156E+00, 2.1118E+00, 4.9292E+00, 2.5342E+00, 7.7454E+00, 3.4790E-01, 6.8311E+00
"DG                                                                                                                    "
   9967.920, -62032.070,-6.3110E-01, 3.5168E+00, 2.1643E+00, 4.9976E+00, 2.3779E+00, 7.5891E+00, 3.3325E-01, 6.8579E+00
"b                                                                                                                     "
   9967.920, -62032.070,-6.3110E-01, 3.5168E+00, 2.1643E+00, 4.9976E+00, 2.3779E+00, 7.5891E+00, 3.3325E-01, 6.8579E+00
"c                                                                                                                     "
   9979.410, -62020.580,-6.3354E-01, 3.5168E+00, 2.1387E+00, 4.9890E+00, 2.5476E+00, 7.7600E+00, 2.8198E-01, 6.7957E+00
"dg                                                                                                                    "
  10068.090, -61931.900,-6.2622E-01, 3.5168E+00, 2.1411E+00, 4.9695E+00, 2.4817E+00, 7.6782E+00, 3.7476E-01, 6.9202E+00
"g                                                                                                                     "
  10097.910, -61902.080,-6.2500E-01, 3.5168E+00, 2.1313E+00, 4.9573E+00, 2.4597E+00, 7.6599E+00, 3.8208E-01, 6.8848E+00
"dg                                                                                                                    "
  10109.730, -61890.260,-6.2744E-01, 3.5168E+00, 2.1216E+00, 4.9561E+00, 2.4207E+00, 7.6318E+00, 3.8208E-01, 6.8994E+00
"g                                                                                                                     "
  10150.980, -61849.010,-6.3232E-01, 3.5168E+00, 2.0862E+00, 4.9268E+00, 2.3267E+00, 7.5464E+00, 4.0405E-01, 6.9165E+00
"dg                                                                                                                    "
  10160.760, -61839.230,-6.2744E-01, 3.5168E+00, 2.1069E+00, 4.9353E+00, 2.4646E+00, 7.6611E+00, 4.7852E-01, 6.9580E+00
"g                                                                                                                     "
  10257.450, -61742.540,-6.2988E-01, 3.5193E+00, 2.0093E+00, 4.8499E+00, 2.5366E+00, 7.7515E+00, 4.1504E-01, 6.9446E+00
"dg                                                                                                                    "
  10263.840, -61736.150,-6.2622E-01, 3.5181E+00, 2.0337E+00, 4.8669E+00, 2.4231E+00, 7.6428E+00, 4.3945E-02, 6.7627E+00
"d                                                                                                                     "
  10372.410, -61627.580,-6.2500E-01, 3.5193E+00, 1.9971E+00, 4.8267E+00, 2.5354E+00, 7.7502E+00, 4.0771E-01, 6.9165E+00
"dg                                                                                                                    "
  10382.010, -61617.980,-6.2500E-01, 3.5193E+00, 1.9189E+00, 4.7534E+00, 2.6111E+00, 7.8247E+00, 2.1851E-01, 6.8201E+00
"b                                                                                                                     "
  10383.840, -61616.150,-6.2500E-01, 3.5193E+00, 1.9983E+00, 4.8352E+00, 2.6184E+00, 7.8271E+00, 3.3203E-01, 6.8677E+00
"c                                                                                                                     "
  10385.730, -61614.260,-6.2500E-01, 3.5193E+00, 1.8555E+00, 4.6973E+00, 2.6294E+00, 7.8406E+00, 3.2959E-01, 6.8457E+00
"cg                                                                                                                    "
  10385.730, -61614.260,-6.2500E-01, 3.5193E+00, 1.8555E+00, 4.6973E+00, 2.6294E+00, 7.8406E+00, 3.2959E-01, 6.8457E+00
"g                                                                                                                     "
  10388.400, -61611.590,-6.2500E-01, 3.5193E+00, 1.9458E+00, 4.7815E+00, 2.6245E+00, 7.8442E+00, 2.9785E-01, 6.8250E+00
"c                                                                                                                     "
  10390.020, -61609.970,-6.2866E-01, 3.5193E+00, 1.9775E+00, 4.8071E+00, 2.6245E+00, 7.8284E+00, 3.3691E-01, 6.8408E+00
"b                                                                                                                     "
  10393.590, -61606.400,-6.2622E-01, 3.5193E+00, 1.9971E+00, 4.8303E+00, 2.5085E+00, 7.7148E+00, 2.6001E-01, 6.7773E+00
"c                                                                                                                     "
  10405.980, -61594.010,-6.2622E-01, 3.5193E+00, 1.9482E+00, 4.7754E+00, 2.5610E+00, 7.7588E+00, 2.7832E-01, 6.8115E+00
"b                                                                                                                     "
  10406.700, -61593.290,-6.2622E-01, 3.5193E+00, 1.9751E+00, 4.8145E+00, 2.4646E+00, 7.6868E+00, 2.9297E-01, 6.7993E+00
"c                                                                                                                     "
  10409.280, -61590.710,-6.2744E-01, 3.5193E+00, 1.9568E+00, 4.8157E+00, 2.5208E+00, 7.7344E+00, 3.9673E-01, 6.8970E+00
"b                                                                                                                     "
  10410.120, -61589.870,-6.2622E-01, 3.5193E+00, 2.0081E+00, 4.8425E+00, 2.5220E+00, 7.7380E+00, 2.8564E-01, 6.7944E+00
"c                                                                                                                     "
  10412.550, -61587.440,-6.2378E-01, 3.5205E+00, 1.8726E+00, 4.7095E+00, 2.5244E+00, 7.7307E+00, 2.9419E-01, 6.7957E+00
"b                                                                                                                     "
  10413.420, -61586.570,-6.2500E-01, 3.5193E+00, 1.9617E+00, 4.7815E+00, 2.5439E+00, 7.7405E+00, 2.9541E-01, 6.7773E+00
"c                                                                                                                     "
  10420.380, -61579.610,-6.2866E-01, 3.5193E+00, 2.0239E+00, 4.8584E+00, 2.5549E+00, 7.7649E+00, 2.2461E-01, 6.7639E+00
"b                                                                                                                     "
  10421.940, -61578.050,-6.2378E-01, 3.5193E+00, 2.0349E+00, 4.8694E+00, 2.5781E+00, 7.7820E+00, 2.0874E-01, 6.7200E+00
"c                                                                                                                     "
  10447.020, -61552.970,-6.2866E-01, 3.5193E+00, 2.0557E+00, 4.8572E+00, 2.5134E+00, 7.7209E+00, 2.4658E-01, 6.7407E+00
"b                                                                                                                     "
  10447.290, -61552.700,-6.2866E-01, 3.5193E+00, 2.0410E+00, 4.8792E+00, 2.4988E+00, 7.7209E+00, 2.3682E-01, 6.7334E+00
"c                                                                                                                     "
  10452.930, -61547.060,-6.2866E-01, 3.5193E+00, 2.0325E+00, 4.8633E+00, 2.5391E+00, 7.7441E+00, 3.5156E-01, 6.8994E+00
"b                                                                                                                     "
  10453.680, -61546.310,-6.2744E-01, 3.5181E+00, 1.9812E+00, 4.8413E+00, 2.4500E+00, 7.6672E+00, 3.3203E-01, 6.7822E+00
"c                                                                                                                     "
  10461.300, -61538.690,-6.3110E-01, 3.5193E+00, 2.0349E+00, 4.8743E+00, 2.5537E+00, 7.7710E+00, 2.6123E-01, 6.7651E+00
"b                                                                                                                     "
  10462.290, -61537.700,-6.2866E-01, 3.5193E+00, 2.0386E+00, 4.8706E+00, 2.5745E+00, 7.7734E+00, 2.4414E-01, 6.7590E+00
"c                                                                                                                     "
  10468.890, -61531.100,-6.2988E-01, 3.5193E+00, 2.0178E+00, 4.8572E+00, 2.5806E+00, 7.7991E+00, 2.6978E-01, 6.8030E+00
"g                                                                                                                     "
  10736.280, -61263.710,-6.2988E-01, 3.5168E+00, 2.2363E+00, 5.0696E+00, 2.4231E+00, 7.6343E+00,-1.6357E-01, 6.4868E+00
"c                                                                                                                     "
  10737.540, -61262.450,-6.2988E-01, 3.5156E+00, 2.2241E+00, 5.0586E+00, 2.1936E+00, 7.4072E+00, 3.8940E-01, 6.8970E+00
"b                                                                                                                     "
  10739.550, -61260.440,-6.3110E-01, 3.5156E+00, 2.4695E+00, 5.3027E+00, 2.3511E+00, 7.5623E+00, 3.2227E-01, 6.8286E+00
"c                                                                                                                     "
  10739.970, -61260.020,-6.3354E-01, 3.5156E+00, 2.4658E+00, 5.2991E+00, 2.3376E+00, 7.5574E+00, 2.9297E-01, 6.8250E+00
"b                                                                                                                     "
  10742.940, -61257.050,-6.3110E-01, 3.5168E+00, 2.2888E+00, 5.1648E+00, 2.3779E+00, 7.5952E+00, 3.1738E-01, 6.8323E+00
"g                                                                                                                     "
  13233.510, -58766.480,-6.3354E-01, 3.5132E+00, 1.5820E+00, 4.4299E+00, 4.8096E-01, 5.7141E+00, 3.7109E-01, 6.8872E+00
"dg                                                                                                                    "
  13238.970, -58761.020,-6.3232E-01, 3.5132E+00, 1.5894E+00, 4.4434E+00, 4.8096E-01, 5.7104E+00, 1.8066E-01, 6.7029E+00
"g                                                                                                                     "
  13536.480, -58463.510,-6.3110E-01, 3.5156E+00, 1.5942E+00, 4.4312E+00, 2.5549E+00, 7.7576E+00,-2.0752E-02, 6.6968E+00
"z                                                                                                                     "
  28842.990, -43157.000,-6.2988E-01, 3.5168E+00, 7.5684E-01, 3.6243E+00, 1.4661E+00, 6.6907E+00,-3.0396E-01, 6.1853E+00
"p                                                                                                                     "
  28867.290, -43132.700,-6.3232E-01, 3.5168E+00, 7.6050E-01, 3.6206E+00, 3.3325E-01, 5.5566E+00,-3.4912E-01, 6.0901E+00
"b2                                                                                                                    "
  28871.700, -43128.290,-6.3232E-01, 3.5168E+00, 7.1045E-01, 3.5779E+00, 3.0762E-01, 5.5420E+00,-5.3467E-01, 5.9912E+00
"p                                                                                                                     "
  28887.360, -43112.630,-6.2988E-01, 3.5156E+00, 7.9224E-01, 3.6572E+00, 1.5320E+00, 6.7615E+00,-5.9692E-01, 5.9326E+00
"b2                                                                                                                    "
  28892.910, -43107.080,-6.3232E-01, 3.5168E+00, 7.1411E-01, 3.5791E+00, 1.5466E+00, 6.7712E+00,-6.2378E-01, 5.9082E+00
"p                                                                                                                     "
  28909.350, -43090.640,-6.3232E-01, 3.5156E+00, 7.5439E-01, 3.6145E+00, 2.9663E-01, 5.5261E+00,-5.5054E-01, 5.9717E+00
"b2                                                                                                                    "
  28914.750, -43085.240,-6.3477E-01, 3.5156E+00, 7.8369E-01, 3.6487E+00, 1.2939E+00, 6.5173E+00,-5.3955E-01, 5.9753E+00
"p                                                                                                                     "
  28957.230, -43042.760,-6.3232E-01, 3.5144E+00, 7.8979E-01, 3.6377E+00, 1.6321E+00, 6.8384E+00,-5.3955E-01, 5.9900E+00
"b2                                                                                                                    "
  28962.480, -43037.510,-6.2988E-01, 3.5144E+00, 7.8979E-01, 3.6511E+00, 1.6077E+00, 6.8237E+00,-5.3345E-01, 5.9802E+00
"p                                                                                                                     "
  28980.000, -43019.990,-6.3232E-01, 3.5144E+00, 8.6426E-01, 3.7109E+00, 1.5112E+00, 6.7224E+00,-6.4697E-01, 5.8777E+00
"b2                                                                                                                    "
  28983.660, -43016.330,-6.3354E-01, 3.5144E+00, 8.5449E-01, 3.7170E+00, 1.4856E+00, 6.7065E+00,-6.2500E-01, 5.8984E+00
"p                                                                                                                     "
  29001.420, -42998.570,-6.3599E-01, 3.5132E+00, 8.1421E-01, 3.6731E+00, 3.8818E-01, 5.6177E+00,-6.6162E-01, 5.8765E+00
"b2                                                                                                                    "
  29004.840, -42995.150,-6.3354E-01, 3.5144E+00, 8.3862E-01, 3.6987E+00, 3.9185E-01, 5.6152E+00,-6.2622E-01, 5.8997E+00
"p                                                                                                                     "
  29040.420, -42959.570,-6.3477E-01, 3.5132E+00, 8.1543E-01, 3.6731E+00, 4.1016E-01, 5.6384E+00,-5.8472E-01, 5.9326E+00
"p                                                                                                                     "
  29041.530, -42958.460,-6.3354E-01, 3.5132E+00, 8.3008E-01, 3.6816E+00, 4.2358E-01, 5.6433E+00,-2.9419E-01, 6.1780E+00
"c                                                                                                                     "
  29047.530, -42952.460,-6.3354E-01, 3.5132E+00, 8.3740E-01, 3.6890E+00, 1.4771E+00, 6.5417E+00,-4.5288E-01, 6.0632E+00
"d                                                                                                                     "
  29061.960, -42938.030,-6.3477E-01, 3.5132E+00, 8.9355E-01, 3.7488E+00, 3.8086E-01, 5.6006E+00,-4.1382E-01, 6.1121E+00
"f2                                                                                                                    "
  29063.640, -42936.350,-6.3354E-01, 3.5132E+00, 7.8491E-01, 3.6487E+00, 3.8696E-01, 5.6177E+00,-4.5654E-01, 6.0449E+00
"g2                                                                                                                    "
  29065.590, -42934.400,-6.3110E-01, 3.5132E+00, 8.0200E-01, 3.6536E+00, 4.0405E-01, 5.6250E+00, 1.2207E-02, 6.3904E+00
"b                                                                                                                     "
  29068.260, -42931.730,-6.3477E-01, 3.5132E+00, 8.4839E-01, 3.7061E+00, 1.7090E+00, 6.9055E+00,-4.8950E-01, 6.0376E+00
"c                                                                                                                     "
  29071.890, -42928.100,-6.3354E-01, 3.5132E+00, 8.7524E-01, 3.7354E+00, 1.2402E+00, 6.4587E+00,-3.5522E-01, 6.1829E+00
"b                                                                                                                     "
  29073.300, -42926.690,-6.3354E-01, 3.5132E+00, 8.8379E-01, 3.7415E+00, 1.3745E+00, 6.5918E+00,-3.9429E-01, 6.1487E+00
"b                                                                                                                     "
  29073.300, -42926.690,-6.3354E-01, 3.5132E+00, 8.8379E-01, 3.7415E+00, 1.3745E+00, 6.5918E+00,-3.9429E-01, 6.1487E+00
"c                                                                                                                     "
  29079.600, -42920.390,-6.3599E-01, 3.5132E+00, 8.1421E-01, 3.6731E+00, 1.5808E+00, 6.8018E+00,-3.5278E-01, 6.1743E+00
"f                                                                                                                     "
  29136.180, -42863.810,-6.3110E-01, 3.5120E+00, 8.7402E-01, 3.7268E+00, 4.2847E-01, 5.6458E+00,-2.2095E-01, 6.2964E+00
"f2                                                                                                                    "
  29138.400, -42861.590,-6.2866E-01, 3.5132E+00, 8.6304E-01, 3.7183E+00, 1.5955E+00, 6.8054E+00,-1.8066E-01, 6.3354E+00
"b                                                                                                                     "
  29140.890, -42859.100,-6.3354E-01, 3.5144E+00, 8.6548E-01, 3.7207E+00, 1.5356E+00, 6.7517E+00,-3.9673E-01, 6.1169E+00
"f2                                                                                                                    "
  29142.690, -42857.300,-6.3232E-01, 3.5132E+00, 8.5815E-01, 3.7085E+00, 1.4478E+00, 6.6577E+00,-3.7476E-01, 6.1353E+00
"b                                                                                                                     "
  29144.430, -42855.560,-6.3232E-01, 3.5132E+00, 8.6670E-01, 3.7207E+00, 1.4355E+00, 6.6467E+00,-2.4414E-01, 6.2207E+00
"c                                                                                                                     "
  29148.150, -42851.840,-6.3599E-01, 3.5132E+00, 8.7402E-01, 3.7390E+00, 1.3342E+00, 6.5588E+00,-1.5869E-01, 6.3806E+00
"b                                                                                                                     "
  29149.740, -42850.250,-6.3477E-01, 3.5120E+00, 8.8867E-01, 3.7488E+00, 1.2683E+00, 6.4868E+00,-1.0986E-01, 6.4075E+00
"c                                                                                                                     "
  29151.630, -42848.360,-6.3477E-01, 3.5132E+00, 8.8745E-01, 3.7366E+00, 1.2146E+00, 6.4331E+00,-2.3804E-01, 6.2915E+00
"b                                                                                                                     "
  29156.760, -42843.230,-6.3599E-01, 3.5132E+00, 7.1655E-01, 3.5767E+00, 1.0083E+00, 6.2280E+00,-1.5259E-01, 6.3416E+00
"d                                                                                                                     "
  29245.650, -42754.340,-6.3354E-01, 3.5132E+00, 8.1055E-01, 3.6719E+00, 4.4067E-01, 5.6702E+00, 1.4038E-01, 6.5991E+00
"f1                                                                                                                    "
  29247.510, -42752.480,-6.3354E-01, 3.5132E+00, 8.2520E-01, 3.6804E+00, 4.4434E-01, 5.6702E+00,-6.8359E-02, 6.5039E+00
"f2                                                                                                                    "
  29251.260, -42748.730,-6.3232E-01, 3.5132E+00, 8.5083E-01, 3.7170E+00, 4.4800E-01, 5.6775E+00, 5.4932E-02, 6.5723E+00
"f3                                                                                                                    "
  29256.360, -42743.630,-6.3354E-01, 3.5132E+00, 7.8491E-01, 3.6487E+00, 4.5044E-01, 5.6763E+00,-3.9063E-02, 6.4832E+00
"f4                                                                                                                    "
  29260.200, -42739.790,-6.3477E-01, 3.5132E+00, 7.8247E-01, 3.6487E+00, 4.4434E-01, 5.6726E+00,-4.2725E-02, 6.4819E+00
"b                                                                                                                     "
  29264.700, -42735.290,-6.3110E-01, 3.5132E+00, 8.0566E-01, 3.6560E+00, 4.6143E-01, 5.6848E+00,-1.9043E-01, 6.3196E+00
"c                                                                                                                     "
  29267.160, -42732.830,-6.3354E-01, 3.5144E+00, 8.0078E-01, 3.6658E+00, 4.6387E-01, 5.6897E+00,-7.3242E-02, 6.4514E+00
"d                                                                                                                     "
  29270.130, -42729.860,-6.3354E-01, 3.5132E+00, 8.3740E-01, 3.6890E+00, 4.7729E-01, 5.6995E+00,-1.1597E-01, 6.4111E+00
"b                                                                                                                     "
  29271.990, -42728.000,-6.3232E-01, 3.5132E+00, 8.3374E-01, 3.6841E+00, 1.4294E+00, 6.6333E+00,-1.1841E-01, 6.3916E+00
"c                                                                                                                     "
  29273.640, -42726.350,-6.3232E-01, 3.5144E+00, 8.3374E-01, 3.6890E+00, 1.2427E+00, 6.4551E+00,-5.3711E-02, 6.4856E+00
"c                                                                                                                     "
  29276.490, -42723.500,-6.3232E-01, 3.5132E+00, 8.0688E-01, 3.6768E+00, 4.1992E-01, 5.6506E+00,-2.8076E-02, 6.4832E+00
"d                                                                                                                     "
  29380.290, -42619.700,-6.3232E-01, 3.5144E+00, 8.1665E-01, 3.6768E+00, 4.5654E-01, 5.6836E+00, 2.6978E-01, 6.6772E+00
"f1                                                                                                                    "
  29381.130, -42618.860,-6.3232E-01, 3.5144E+00, 8.1787E-01, 3.6829E+00, 4.5410E-01, 5.6836E+00, 9.7656E-03, 6.5283E+00
"f2                                                                                                                    "
  29383.620, -42616.370,-6.2988E-01, 3.5156E+00, 8.1421E-01, 3.6780E+00, 4.6387E-01, 5.6934E+00, 1.6235E-01, 6.6394E+00
"b                                                                                                                     "
  29387.490, -42612.500,-6.3232E-01, 3.5156E+00, 8.4351E-01, 3.7024E+00, 4.8340E-01, 5.7043E+00,-4.2725E-02, 6.4709E+00
"c                                                                                                                     "
  29390.790, -42609.200,-6.3110E-01, 3.5144E+00, 8.6182E-01, 3.7134E+00, 4.7363E-01, 5.6982E+00, 1.7090E-02, 6.5381E+00
"b                                                                                                                     "
  29395.290, -42604.700,-6.3354E-01, 3.5144E+00, 8.6182E-01, 3.7292E+00, 4.6509E-01, 5.6946E+00, 1.4282E-01, 6.6296E+00
"c                                                                                                                     "
  29396.640, -42603.350,-6.3232E-01, 3.5156E+00, 8.6670E-01, 3.7280E+00, 4.6631E-01, 5.6946E+00, 4.3945E-02, 6.5698E+00
"d                                                                                                                     "
  29399.190, -42600.800,-6.3232E-01, 3.5156E+00, 8.7280E-01, 3.7341E+00, 4.6021E-01, 5.6909E+00, 7.3242E-03, 6.5210E+00
"b                                                                                                                     "
  29401.950, -42598.040,-6.3110E-01, 3.5156E+00, 9.0088E-01, 3.7549E+00, 4.7607E-01, 5.6982E+00, 1.0376E-01, 6.6211E+00
"c                                                                                                                     "
  29407.440, -42592.550,-6.3110E-01, 3.5156E+00, 8.6548E-01, 3.7146E+00, 4.9194E-01, 5.7117E+00, 2.1973E-02, 6.5308E+00
"d                                                                                                                     "
  29564.820, -42435.170,-6.2744E-01, 3.5168E+00, 8.0933E-01, 3.6670E+00, 1.5820E+00, 6.7932E+00, 1.2817E-01, 6.6528E+00
"f2                                                                                                                    "
  29566.860, -42433.130,-6.2744E-01, 3.5168E+00, 8.2031E-01, 3.6743E+00, 1.5747E+00, 6.7822E+00, 1.0498E-01, 6.6113E+00
"b                                                                                                                     "
  29570.520, -42429.470,-6.3232E-01, 3.5156E+00, 8.0688E-01, 3.6743E+00, 1.5503E+00, 6.7786E+00, 1.1719E-01, 6.6345E+00
"d                                                                                                                     "
  29572.650, -42427.340,-6.2744E-01, 3.5168E+00, 8.2520E-01, 3.6755E+00, 1.5698E+00, 6.7810E+00, 1.7456E-01, 6.6809E+00
"c                                                                                                                     "
  29575.890, -42424.100,-6.3232E-01, 3.5168E+00, 8.3252E-01, 3.6902E+00, 1.5601E+00, 6.7749E+00, 1.9165E-01, 6.7041E+00
"d                                                                                                                     "
  29646.210, -42353.780,-6.2988E-01, 3.5156E+00, 7.9590E-01, 3.6523E+00, 1.6125E+00, 6.8250E+00, 5.8838E-01, 7.0520E+00
"f1                                                                                                                    "
  29647.560, -42352.430,-6.3354E-01, 3.5168E+00, 7.9102E-01, 3.6560E+00, 1.6553E+00, 6.8701E+00, 1.6968E-01, 6.6809E+00
"f2                                                                                                                    "
  29650.620, -42349.370,-6.2744E-01, 3.5168E+00, 8.0811E-01, 3.6682E+00, 1.6772E+00, 6.8921E+00, 2.8442E-01, 6.7944E+00
"b                                                                                                                     "
  29652.930, -42347.060,-6.3232E-01, 3.5168E+00, 7.9834E-01, 3.6646E+00, 1.6382E+00, 6.8640E+00, 2.4536E-01, 6.7615E+00
"c                                                                                                                     "
  29655.360, -42344.630,-6.2988E-01, 3.5168E+00, 8.0811E-01, 3.6707E+00, 1.6272E+00, 6.8530E+00, 2.7710E-01, 6.8030E+00
"d                                                                                                                     "
  29689.440, -42310.550,-6.3354E-01, 3.5144E+00, 7.6294E-01, 3.6340E+00, 1.5234E+00, 6.7480E+00, 1.3062E-01, 6.6528E+00
"fb                                                                                                                    "
  29694.120, -42305.870,-6.3477E-01, 3.5144E+00, 8.1665E-01, 3.6731E+00, 1.5479E+00, 6.7651E+00, 2.0752E-01, 6.7200E+00
"c                                                                                                                     "
  29694.930, -42305.060,-6.3354E-01, 3.5156E+00, 8.1421E-01, 3.6792E+00, 1.5186E+00, 6.7444E+00, 2.6245E-01, 6.7896E+00
"d                                                                                                                     "
  29741.490, -42258.500,-6.3599E-01, 3.5144E+00, 8.1909E-01, 3.6804E+00, 5.7983E-01, 5.8057E+00, 2.3193E-01, 6.7725E+00
"b                                                                                                                     "
  29746.170, -42253.820,-6.3599E-01, 3.5132E+00, 8.2397E-01, 3.6829E+00, 5.5786E-01, 5.7874E+00, 2.9297E-01, 6.8079E+00
"c                                                                                                                     "
  29749.470, -42250.520,-6.3354E-01, 3.5144E+00, 7.9712E-01, 3.6597E+00, 5.6519E-01, 5.7910E+00, 3.1982E-01, 6.8286E+00
"d                                                                                                                     "
  29766.960, -42233.030,-6.3354E-01, 3.5132E+00, 8.3252E-01, 3.6853E+00, 1.5759E+00, 6.7883E+00, 2.3071E-01, 6.7395E+00
"b                                                                                                                     "
  29773.830, -42226.160,-6.3477E-01, 3.5132E+00, 8.3618E-01, 3.6975E+00, 5.4688E-01, 5.7739E+00, 2.8564E-01, 6.8091E+00
"cg                                                                                                                    "
  29829.870, -42170.120,-6.3599E-01, 3.5132E+00, 9.3140E-01, 3.7915E+00, 1.7078E+00, 6.9226E+00, 1.7822E-01, 6.6895E+00
"dg                                                                                                                    "
  29865.450, -42134.540,-6.3599E-01, 3.5132E+00, 8.8623E-01, 3.7329E+00, 5.4932E-01, 5.7703E+00, 1.1841E-01, 6.6309E+00
"d                                                                                                                     "
  29873.760, -42126.230,-6.3354E-01, 3.5132E+00, 8.6670E-01, 3.7219E+00, 1.4685E+00, 6.6846E+00, 1.7578E-01, 6.6992E+00
"cg                                                                                                                    "
  29907.150, -42092.840,-6.3477E-01, 3.5120E+00, 8.4106E-01, 3.7000E+00, 1.6467E+00, 6.8274E+00, 1.6113E-01, 6.6724E+00
"b                                                                                                                     "
  29908.800, -42091.190,-6.3721E-01, 3.5132E+00, 8.3740E-01, 3.7012E+00, 1.5796E+00, 6.8018E+00, 2.5635E-01, 6.7627E+00
"f2                                                                                                                    "
  29909.760, -42090.230,-6.3843E-01, 3.5132E+00, 8.4229E-01, 3.7085E+00, 1.5564E+00, 6.7859E+00, 1.8188E-01, 6.7139E+00
"f3                                                                                                                    "
  29911.350, -42088.640,-6.3232E-01, 3.5132E+00, 8.4473E-01, 3.7085E+00, 1.6138E+00, 6.8286E+00, 1.9409E-01, 6.7175E+00
"c                                                                                                                     "
  29917.800, -42082.190,-6.3477E-01, 3.5132E+00, 8.6548E-01, 3.7183E+00, 1.6272E+00, 6.8311E+00, 2.0874E-01, 6.7163E+00
"cg                                                                                                                    "
  29952.210, -42047.780,-6.3232E-01, 3.5120E+00, 8.9233E-01, 3.7402E+00, 1.6870E+00, 6.9299E+00, 9.2773E-02, 6.6077E+00
"b                                                                                                                     "
  29961.450, -42038.540,-6.3232E-01, 3.5132E+00, 9.2773E-01, 3.7817E+00, 1.5784E+00, 6.8042E+00, 2.3315E-01, 6.6980E+00
"c                                                                                                                     "
  29961.870, -42038.120,-6.3354E-01, 3.5132E+00, 9.2896E-01, 3.7805E+00, 1.7578E+00, 6.9214E+00, 1.6113E-01, 6.7749E+00
"c                                                                                                                     "
  29970.630, -42029.360,-6.3599E-01, 3.5132E+00, 8.7402E-01, 3.7292E+00, 2.0935E+00, 7.3145E+00, 6.4697E-02, 6.5881E+00
"b                                                                                                                     "
  29979.060, -42020.930,-6.3477E-01, 3.5132E+00, 8.8501E-01, 3.7500E+00, 2.0007E+00, 7.2217E+00, 7.2021E-02, 6.5894E+00
"cg                                                                                                                    "
  29986.890, -42013.100,-6.3354E-01, 3.5132E+00, 9.2285E-01, 3.7720E+00, 2.1863E+00, 7.3962E+00, 2.6855E-01, 6.7725E+00
"dg                                                                                                                    "
  30025.470, -41974.520,-6.3232E-01, 3.5144E+00, 8.3374E-01, 3.6890E+00, 1.9226E+00, 7.1313E+00,-5.8594E-02, 6.4587E+00
"g                                                                                                                     "
  30496.380, -41503.610,-6.2866E-01, 3.5156E+00, 9.1064E-01, 3.7573E+00, 4.6875E-01, 5.6909E+00, 9.7656E-02, 6.6101E+00
"b                                                                                                                     "
  30500.040, -41499.950,-6.2988E-01, 3.5156E+00, 9.2407E-01, 3.7793E+00, 4.7363E-01, 5.6970E+00, 2.2461E-01, 6.7456E+00
"c                                                                                                                     "
  30507.720, -41492.270,-6.2988E-01, 3.5156E+00, 9.9121E-01, 3.8416E+00, 4.8096E-01, 5.7043E+00, 3.1372E-01, 6.8237E+00
"dg                                                                                                                    "
  30558.390, -41441.600,-6.3477E-01, 3.5132E+00, 1.0498E+00, 3.8965E+00, 5.0781E-01, 5.7288E+00, 2.5024E-01, 6.7615E+00
"f2                                                                                                                    "
  30559.470, -41440.520,-6.3110E-01, 3.5132E+00, 1.0559E+00, 3.9087E+00, 5.1025E-01, 5.7349E+00, 2.0996E-01, 6.7212E+00
"f3                                                                                                                    "
  30560.520, -41439.470,-6.3477E-01, 3.5132E+00, 1.0596E+00, 3.9124E+00, 5.2124E-01, 5.7446E+00, 2.4292E-01, 6.7639E+00
"b                                                                                                                     "
  30563.220, -41436.770,-6.3354E-01, 3.5132E+00, 1.0559E+00, 3.9124E+00, 5.0293E-01, 5.7312E+00, 2.2583E-01, 6.7456E+00
"g                                                                                                                     "
  30588.600, -41411.390,-6.3477E-01, 3.5132E+00, 1.0754E+00, 3.9246E+00, 5.4077E-01, 5.7581E+00, 4.8828E-02, 6.5723E+00
"cg                                                                                                                    "
  30608.580, -41391.410,-6.3477E-01, 3.5120E+00, 9.7412E-01, 3.8354E+00, 5.1025E-01, 5.7385E+00, 1.4893E-01, 6.6333E+00
"c                                                                                                                     "
  30609.360, -41390.630,-6.3477E-01, 3.5120E+00, 9.8633E-01, 3.8440E+00, 5.1270E-01, 5.7397E+00, 2.3438E-01, 6.7517E+00
"cg                                                                                                                    "
  30638.520, -41361.470,-6.3232E-01, 3.5120E+00, 1.0645E+00, 3.9099E+00, 5.5420E-01, 5.7739E+00, 2.0264E-01, 6.7090E+00
"b                                                                                                                     "
  30642.840, -41357.150,-6.3354E-01, 3.5120E+00, 1.0364E+00, 3.8953E+00, 5.3833E-01, 5.7654E+00, 2.5024E-01, 6.7517E+00
"cg                                                                                                                    "
  30656.610, -41343.380,-6.3599E-01, 3.5107E+00, 4.3823E-01, 3.3032E+00, 5.5664E-01, 5.7813E+00, 2.4902E-01, 6.7603E+00
"g                                                                                                                     "
  31348.950, -40651.040,-6.3354E-01, 3.5144E+00, 8.6914E-01, 3.7329E+00, 2.0508E+00, 7.2693E+00, 1.5015E-01, 6.6650E+00
"c                                                                                                                     "
  31359.120, -40640.870,-6.3354E-01, 3.5144E+00, 9.0698E-01, 3.7646E+00, 2.1448E+00, 7.3511E+00, 2.8931E-01, 6.8445E+00
"cg                                                                                                                    "
  31404.060, -40595.930,-6.3354E-01, 3.5132E+00,-4.0161E-01, 2.4854E+00, 2.0532E+00, 7.2620E+00, 3.3569E-01, 6.8396E+00
"f2                                                                                                                    "
  31405.200, -40594.790,-6.3599E-01, 3.5132E+00,-3.9063E-01, 2.5012E+00, 2.0447E+00, 7.2656E+00, 2.9053E-01, 6.7920E+00
"b                                                                                                                     "
  31411.830, -40588.160,-6.3599E-01, 3.5120E+00,-3.9307E-01, 2.5024E+00, 2.0276E+00, 7.2473E+00, 3.6133E-01, 6.8176E+00
"cg                                                                                                                    "
  31450.260, -40549.730,-6.3599E-01, 3.5120E+00,-3.9185E-01, 2.4963E+00, 2.0569E+00, 7.2656E+00, 2.0996E-01, 6.7700E+00
"b                                                                                                                     "
  31452.090, -40547.900,-6.3354E-01, 3.5107E+00,-3.5889E-01, 2.5146E+00, 2.0605E+00, 7.2729E+00, 2.8442E-01, 6.7871E+00
"cg                                                                                                                    "
  31461.210, -40538.780,-6.3477E-01, 3.5107E+00, 5.4932E-02, 2.9236E+00, 1.8835E+00, 7.0874E+00, 3.7842E-01, 6.8848E+00
"dg                                                                                                                    "
  31492.740, -40507.250,-6.3721E-01, 3.5107E+00, 7.8125E-02, 2.9565E+00, 1.8958E+00, 7.1118E+00, 2.5513E-01, 6.7786E+00
"b                                                                                                                     "
  31500.540, -40499.450,-6.3721E-01, 3.5107E+00, 4.8828E-03, 2.8687E+00, 5.3711E-01, 5.7617E+00, 7.2144E-01, 7.1387E+00
"cg                                                                                                                    "
  31553.910, -40446.080,-6.3599E-01, 3.5107E+00, 3.4180E-02, 2.9260E+00, 5.4810E-01, 5.7727E+00, 2.1362E-01, 6.7566E+00
"c                                                                                                                     "
  31923.900, -40076.090,-6.2988E-01, 3.5156E+00, 1.2024E+00, 4.0552E+00, 6.0791E-01, 5.8325E+00, 3.2227E-01, 6.8237E+00
"g                                                                                                                     "
  31960.230, -40039.760,-6.3354E-01, 3.5156E+00, 1.3452E+00, 4.1919E+00, 6.4209E-01, 5.8679E+00, 1.7456E-01, 6.6687E+00
"b                                                                                                                     "
  31965.300, -40034.690,-6.3232E-01, 3.5156E+00, 1.2500E+00, 4.1638E+00, 6.5430E-01, 5.8765E+00, 1.8555E-01, 6.7004E+00
"cg                                                                                                                    "
  31990.350, -40009.640,-6.3232E-01, 3.5156E+00, 1.4807E+00, 4.3286E+00, 6.4331E-01, 5.8691E+00, 2.9053E-01, 6.8042E+00
"cg                                                                                                                    "
  31990.740, -40009.250,-6.3110E-01, 3.5168E+00, 1.4868E+00, 4.3372E+00, 6.3721E-01, 5.8655E+00, 2.7832E-01, 6.8115E+00
"f2                                                                                                                    "
  31992.420, -40007.570,-6.3232E-01, 3.5156E+00, 1.5686E+00, 4.3860E+00, 6.2866E-01, 5.8521E+00, 4.0161E-01, 6.9421E+00
"b                                                                                                                     "
  31994.910, -40005.080,-6.3354E-01, 3.5144E+00, 1.4978E+00, 4.3457E+00, 6.5430E-01, 5.8801E+00, 2.8076E-01, 6.8555E+00
"cg                                                                                                                    "
  32026.470, -39973.520,-6.3110E-01, 3.5156E+00, 1.4612E+00, 4.3176E+00, 6.7871E-01, 5.9033E+00, 2.3438E-01, 6.7395E+00
"b                                                                                                                     "
  32029.320, -39970.670,-6.3232E-01, 3.5156E+00, 1.5405E+00, 4.3811E+00, 6.9092E-01, 5.9106E+00, 2.1118E-01, 6.7273E+00
"g                                                                                                                     "
  32262.780, -39737.210,-6.3477E-01, 3.5132E+00, 1.7651E+00, 4.5984E+00, 2.0264E+00, 7.2339E+00, 2.8320E-01, 6.7700E+00
"c                                                                                                                     "
  32267.010, -39732.980,-6.3599E-01, 3.5132E+00, 1.7957E+00, 4.6118E+00, 1.9995E+00, 7.2192E+00, 4.1382E-01, 6.9287E+00
"cg                                                                                                                    "
  32331.480, -39668.510,-6.3843E-01, 3.5107E+00, 1.8726E+00, 4.7131E+00, 2.0386E+00, 7.2546E+00, 2.5269E-01, 6.7688E+00
"g                                                                                                                     "
  33518.160, -38481.830,-6.3477E-01, 3.5120E+00, 3.4546E-01, 3.2141E+00, 2.5635E+00, 7.7490E+00, 1.2817E-01, 6.6321E+00
"b                                                                                                                     "
  33520.170, -38479.820,-6.3477E-01, 3.5107E+00, 3.4302E-01, 3.2117E+00, 2.5781E+00, 7.7869E+00, 4.2969E-01, 6.8518E+00
"c                                                                                                                     "
  33525.480, -38474.510,-6.3843E-01, 3.5120E+00, 3.5156E-01, 3.2275E+00, 2.5732E+00, 7.7881E+00,-2.6978E-01, 6.2524E+00
"cg                                                                                                                    "
  33556.380, -38443.610,-6.3599E-01, 3.5120E+00, 4.6021E-01, 3.3325E+00, 2.4121E+00, 7.6221E+00, 3.3569E-01, 6.8420E+00
"d                                                                                                                     "
  33605.520, -38394.470,-6.3110E-01, 3.5132E+00, 6.6650E-01, 3.5229E+00, 2.3120E+00, 7.5171E+00, 2.3071E-01, 6.7419E+00
"b                                                                                                                     "
  33611.430, -38388.560,-6.3354E-01, 3.5132E+00, 5.9082E-01, 3.4521E+00, 5.3589E-01, 5.7605E+00, 2.6245E-01, 6.7725E+00
"c                                                                                                                     "
  33612.360, -38387.630,-6.3354E-01, 3.5144E+00, 5.8716E-01, 3.4497E+00, 5.3467E-01, 5.7581E+00, 3.2959E-01, 6.8396E+00
"dg                                                                                                                    "
  33674.880, -38325.110,-6.3477E-01, 3.5144E+00, 6.3232E-01, 3.5010E+00, 4.2725E-01, 5.6506E+00, 3.3203E-01, 6.8335E+00
"b                                                                                                                     "
  33677.100, -38322.890,-6.3232E-01, 3.5132E+00, 6.4453E-01, 3.5046E+00, 4.1748E-01, 5.6445E+00, 6.2500E-01, 7.0300E+00
"c                                                                                                                     "
  33678.060, -38321.930,-6.3232E-01, 3.5144E+00, 6.4453E-01, 3.5095E+00, 4.1748E-01, 5.6445E+00,-1.7578E-01, 6.3452E+00
"cg                                                                                                                    "
  33832.650, -38167.340,-6.2866E-01, 3.5156E+00, 6.0303E-01, 3.4644E+00, 5.2124E-01, 5.7410E+00, 3.9917E-01, 6.9153E+00
"g                                                                                                                     "
  33884.880, -38115.110,-6.3354E-01, 3.5156E+00, 6.0181E-01, 3.4619E+00, 2.0081E+00, 7.2131E+00, 2.8198E-01, 6.7944E+00
"cg                                                                                                                    "
  33903.450, -38096.540,-6.3110E-01, 3.5144E+00, 5.7373E-01, 3.4351E+00, 2.0776E+00, 7.2864E+00, 4.1382E-01, 6.9385E+00
"g                                                                                                                     "
  34062.090, -37937.900,-6.2866E-01, 3.5168E+00, 6.2744E-01, 3.4900E+00, 6.1768E-01, 5.8398E+00, 1.9775E-01, 6.7139E+00
"cg                                                                                                                    "
  34082.610, -37917.380,-6.3232E-01, 3.5156E+00, 5.8716E-01, 3.4558E+00, 6.2012E-01, 5.8484E+00,-2.1484E-01, 6.3086E+00
"b                                                                                                                     "
  34087.590, -37912.400,-6.2866E-01, 3.5168E+00, 5.8105E-01, 3.4485E+00, 6.0547E-01, 5.8301E+00, 3.1738E-01, 6.8274E+00
"c                                                                                                                     "
  34088.460, -37911.530,-6.2988E-01, 3.5168E+00, 5.9204E-01, 3.4546E+00, 6.1279E-01, 5.8337E+00, 3.2227E-01, 6.8359E+00
"cg                                                                                                                    "
  34158.090, -37841.900,-6.3477E-01, 3.5107E+00, 4.1138E-01, 3.2825E+00, 6.4941E-01, 5.8728E+00, 2.8809E-01, 6.7615E+00
"b                                                                                                                     "
  34160.760, -37839.230,-6.3354E-01, 3.5120E+00, 3.8086E-01, 3.2568E+00, 6.4575E-01, 5.8728E+00, 2.5879E-01, 6.7688E+00
"g                                                                                                                     "
  34890.840, -37109.150,-6.2744E-01, 3.5193E+00, 4.8950E-01, 3.3606E+00, 1.9897E+00, 7.2058E+00, 3.6621E-02, 6.4746E+00
"b                                                                                                                     "
  34894.710, -37105.280,-6.2866E-01, 3.5181E+00, 4.9805E-01, 3.3679E+00, 2.0251E+00, 7.2424E+00, 1.5625E-01, 6.7090E+00
"c                                                                                                                     "
  34897.200, -37102.790,-6.2988E-01, 3.5181E+00, 5.0659E-01, 3.3777E+00, 2.0154E+00, 7.2388E+00,-2.3071E-01, 6.2915E+00
"cg                                                                                                                    "
  34935.870, -37064.120,-6.2744E-01, 3.5181E+00, 5.3101E-01, 3.3960E+00, 8.1299E-01, 6.0352E+00, 3.6499E-01, 6.8860E+00
"f2                                                                                                                    "
  34939.110, -37060.880,-6.2988E-01, 3.5181E+00, 5.4199E-01, 3.4045E+00, 8.1421E-01, 6.0303E+00, 2.9419E-01, 6.8201E+00
"b                                                                                                                     "
  34944.660, -37055.330,-6.2622E-01, 3.5181E+00, 5.2246E-01, 3.3911E+00, 8.1055E-01, 6.0303E+00, 2.9663E-01, 6.8066E+00
"cg                                                                                                                    "
  35010.030, -36989.960,-6.2744E-01, 3.5193E+00, 5.6763E-01, 3.4338E+00, 1.7529E+00, 6.9641E+00, 2.8564E-01, 6.7810E+00
"b                                                                                                                     "
  35014.020, -36985.970,-6.2866E-01, 3.5193E+00, 5.4565E-01, 3.4131E+00, 7.9590E-01, 6.0266E+00, 2.3193E-01, 6.7505E+00
"cg                                                                                                                    "
  35080.710, -36919.280,-6.2988E-01, 3.5181E+00, 5.8838E-01, 3.4521E+00, 8.2642E-01, 6.0522E+00, 1.6235E-01, 6.7236E+00
"f1                                                                                                                    "
  35082.180, -36917.810,-6.3110E-01, 3.5181E+00, 5.8716E-01, 3.4546E+00, 8.1909E-01, 6.0474E+00, 1.4526E-01, 6.6284E+00
"g                                                                                                                     "
  35087.940, -36912.050,-6.2622E-01, 3.5181E+00, 5.8716E-01, 3.4485E+00, 8.3862E-01, 6.0596E+00, 3.6499E-01, 6.8762E+00
"cg                                                                                                                    "
  35102.310, -36897.680,-6.2866E-01, 3.5181E+00, 6.1890E-01, 3.4888E+00, 1.9995E+00, 7.2205E+00, 5.2490E-02, 6.5784E+00
"g                                                                                                                     "
  36000.030, -35999.960,-6.3232E-01, 3.5181E+00, 1.3306E-01, 3.0078E+00, 4.5166E-01, 5.6763E+00, 1.7212E-01, 6.6846E+00
