"Z                                                                                                                     "
    216.540, -71783.450,-6.3477E-01, 3.5107E+00,-3.6621E-01, 2.5195E+00, 1.9531E-02, 5.2234E+00, 5.2490E-02, 6.5686E+00
"P                                                                                                                     "
    231.030, -71768.960, 6.4819E-01, 4.7485E+00,-3.6987E-01, 2.5171E+00,-4.9438E-01, 4.7571E+00, 5.3711E-02, 6.5686E+00
"C                                                                                                                     "
    239.850, -71760.140, 1.3647E+00, 5.5103E+00,-3.7598E-01, 2.5171E+00,-4.2847E-01, 4.8120E+00, 5.2490E-02, 6.5686E+00
"D                                                                                                                     "
    282.690, -71717.300, 1.8445E+00, 5.9253E+00,-3.7231E-01, 2.5159E+00,-4.4800E-01, 4.7974E+00,-3.3203E-01, 6.1914E+00
"F2                                                                                                                    "
    286.200, -71713.790, 1.6602E+00, 5.7568E+00,-3.7354E-01, 2.5159E+00,-4.8706E-01, 4.7437E+00,-3.2959E-01, 6.1877E+00
"B                                                                                                                     "
    291.780, -71708.210, 2.4390E+00, 6.0852E+00,-3.6865E-01, 2.5159E+00,-5.0781E-01, 4.7266E+00,-3.3569E-01, 6.1877E+00
"C                                                                                                                     "
    301.020, -71698.970, 1.4331E+00, 5.5591E+00,-3.7231E-01, 2.5159E+00, 2.7148E+00, 7.9016E+00,-3.3203E-01, 6.1902E+00
"D                                                                                                                     "
    459.210, -71540.780, 1.8567E+00, 5.9753E+00,-3.7354E-01, 2.5159E+00,-5.1636E-01, 4.7144E+00,-3.4302E-01, 6.1768E+00
"F2                                                                                                                    "
    462.900, -71537.090, 1.8689E+00, 5.9717E+00,-3.7598E-01, 2.5146E+00,-5.2490E-01, 4.7144E+00,-3.4180E-01, 6.1755E+00
"B                                                                                                                     "
    480.030, -71519.960, 1.5063E+00, 5.5249E+00,-3.7720E-01, 2.5134E+00,-5.3467E-01, 4.7009E+00,-3.4546E-01, 6.1768E+00
"C                                                                                                                     "
    481.350, -71518.640, 2.2241E+00, 6.4868E+00,-3.7720E-01, 2.5134E+00,-5.3955E-01, 4.7009E+00,-3.4546E-01, 6.1755E+00
"DG                                                                                                                    "
    646.020, -71353.970, 1.5356E+00, 5.6604E+00,-3.8086E-01, 2.5110E+00,-5.4810E-01, 4.6960E+00,-3.5645E-01, 6.1670E+00
"C                                                                                                                     "
    649.830, -71350.160, 1.4941E+00, 5.5957E+00,-3.7720E-01, 2.5122E+00,-5.3223E-01, 4.6973E+00,-3.5156E-01, 6.1670E+00
"DG                                                                                                                    "
   1115.130, -70884.860, 2.2412E+00, 6.3086E+00,-3.7598E-01, 2.5134E+00,-5.2124E-01, 4.7156E+00,-3.4424E-01, 6.1755E+00
"F2                                                                                                                    "
   1118.850, -70881.140, 1.4319E+00, 5.5420E+00,-3.7598E-01, 2.5134E+00,-4.9316E-01, 4.7412E+00,-3.4302E-01, 6.1768E+00
"B                                                                                                                     "
   1132.440, -70867.550, 1.3281E+00, 5.4382E+00,-3.7476E-01, 2.5134E+00,-5.3101E-01, 4.6985E+00,-3.5156E-01, 6.1719E+00
"D                                                                                                                     "
   1248.450, -70751.540, 1.4063E+00, 5.5103E+00,-3.7354E-01, 2.5146E+00,-5.3467E-01, 4.6973E+00,-1.6235E-01, 6.3550E+00
"F2                                                                                                                    "
   1250.550, -70749.440, 1.3403E+00, 5.4370E+00,-3.7231E-01, 2.5146E+00,-5.3711E-01, 4.6973E+00,-1.6235E-01, 6.3550E+00
"B                                                                                                                     "
   1269.660, -70730.330, 9.9365E-01, 5.1025E+00,-3.7354E-01, 2.5134E+00,-5.3711E-01, 4.7009E+00,-3.4912E-01, 6.1707E+00
"DG                                                                                                                    "
   1405.950, -70594.040, 1.9336E+00, 6.0327E+00,-3.6865E-01, 2.5146E+00,-5.3101E-01, 4.6985E+00,-3.4912E-01, 6.1707E+00
"G                                                                                                                     "
   2522.460, -69477.530, 5.7739E-01, 4.6790E+00, 5.5908E-01, 3.4277E+00,-5.2368E-01, 4.7070E+00,-3.4546E-01, 6.1731E+00
"NP                                                                                                                    "
   2785.050, -69214.940, 6.3477E-01, 4.7351E+00, 2.3438E-01, 3.1104E+00,-5.3589E-01, 4.7021E+00,-3.4546E-01, 6.1731E+00
"P                                                                                                                     "
   2807.130, -69192.860,-3.9185E-01, 3.7561E+00, 4.0283E-01, 3.2410E+00,-5.3223E-01, 4.7034E+00,-3.4790E-01, 6.1731E+00
"G                                                                                                                     "
   2815.200, -69184.790, 4.0405E-01, 4.4360E+00,-5.4932E-02, 2.8455E+00,-5.2490E-01, 4.7046E+00,-3.4668E-01, 6.1731E+00
"C                                                                                                                     "
   2821.080, -69178.910, 1.9653E-01, 4.3433E+00, 4.6875E-01, 3.3411E+00,-5.2979E-01, 4.7034E+00,-3.4546E-01, 6.1731E+00
"F2                                                                                                                    "
   2823.930, -69176.060, 4.2480E-01, 4.5898E+00, 3.5645E-01, 3.2520E+00,-5.3711E-01, 4.7046E+00,-3.4668E-01, 6.1731E+00
"B                                                                                                                     "
   2830.440, -69169.550, 6.4331E-01, 4.4800E+00, 3.6499E-01, 3.2385E+00,-5.3589E-01, 4.7034E+00,-3.4302E-01, 6.1731E+00
"C                                                                                                                     "
   2867.070, -69132.920, 8.2153E-01, 4.9426E+00, 2.6855E-01, 3.1323E+00,-5.2490E-01, 4.7046E+00,-3.4546E-01, 6.1731E+00
"B                                                                                                                     "
   2876.820, -69123.170, 6.8848E-01, 4.7998E+00, 4.8584E-01, 3.3630E+00,-5.3223E-01, 4.7046E+00,-3.4424E-01, 6.1731E+00
"F2                                                                                                                    "
   2882.610, -69117.380, 3.5400E-01, 4.5007E+00, 2.6489E-01, 3.1409E+00,-5.3467E-01, 4.7034E+00,-3.4546E-01, 6.1731E+00
"B                                                                                                                     "
   2896.080, -69103.910, 5.6885E-01, 4.6997E+00, 5.0049E-01, 3.3044E+00,-5.3345E-01, 4.7046E+00,-3.4546E-01, 6.1731E+00
"C                                                                                                                     "
   2896.800, -69103.190, 6.6162E-01, 4.7961E+00, 2.3682E-01, 3.1104E+00,-5.2612E-01, 4.7046E+00,-3.4302E-01, 6.1731E+00
"D                                                                                                                     "
   2927.100, -69072.890, 9.4604E-01, 5.0549E+00, 2.5513E-01, 3.1299E+00,-5.2979E-01, 4.7034E+00,-3.4668E-01, 6.1731E+00
"B                                                                                                                     "
   2932.020, -69067.970, 9.3018E-01, 5.0525E+00, 1.6357E-01, 2.9919E+00,-5.3833E-01, 4.7034E+00,-3.4790E-01, 6.1731E+00
"D                                                                                                                     "
   2977.920, -69022.070, 9.1187E-01, 5.0366E+00, 3.6621E-01, 3.2446E+00,-5.2856E-01, 4.7021E+00,-3.4790E-01, 6.1743E+00
"F2                                                                                                                    "
   2983.200, -69016.790, 5.7983E-01, 4.6814E+00, 2.6733E-01, 3.1335E+00,-5.3101E-01, 4.7034E+00,-3.4424E-01, 6.1731E+00
"B                                                                                                                     "
   2989.110, -69010.880, 5.5786E-01, 4.6692E+00, 5.2368E-01, 3.3472E+00,-5.3101E-01, 4.7009E+00,-3.4546E-01, 6.1731E+00
"G                                                                                                                     "
   4446.420, -67553.570, 5.1758E-01, 4.7058E+00,-1.6846E-01, 2.7087E+00,-5.0781E-01, 4.7229E+00,-3.4790E-01, 6.1731E+00
"C                                                                                                                     "
   4459.950, -67540.040, 6.7017E-01, 4.7937E+00,-3.2959E-02, 2.8430E+00,-5.2490E-01, 4.7046E+00,-3.4424E-01, 6.1731E+00
"G                                                                                                                     "
   4465.200, -67534.790, 9.9365E-01, 5.1086E+00,-8.5449E-03, 2.8699E+00,-5.2979E-01, 4.7046E+00,-3.4546E-01, 6.1731E+00
"D                                                                                                                     "
   4484.670, -67515.320, 6.4941E-01, 4.7937E+00, 4.3945E-02, 2.8516E+00,-5.2612E-01, 4.7034E+00,-3.4424E-01, 6.1731E+00
"F2                                                                                                                    "
   4488.930, -67511.060, 7.3486E-01, 4.9341E+00, 1.7456E-01, 3.0469E+00,-5.2246E-01, 4.7046E+00,-3.4668E-01, 6.1731E+00
"D                                                                                                                     "
   4531.650, -67468.340, 9.9854E-01, 5.1086E+00, 2.0142E-01, 3.0750E+00,-5.3467E-01, 4.7034E+00,-3.4546E-01, 6.1731E+00
"G                                                                                                                     "
   4675.590, -67324.400, 9.6680E-01, 4.9561E+00, 1.9531E-02, 2.9004E+00,-5.2612E-01, 4.7034E+00,-3.4668E-01, 6.1731E+00
"P                                                                                                                     "
   4684.380, -67315.610,-3.1494E-01, 4.1101E+00, 1.2207E-02, 2.8857E+00,-5.2734E-01, 4.7034E+00,-3.4790E-01, 6.1731E+00
"Z                                                                                                                     "
   4988.820, -67011.170, 5.8960E-01, 4.4348E+00,-7.0801E-02, 2.8088E+00,-5.4077E-01, 4.7021E+00,-3.4790E-01, 6.1707E+00
"P                                                                                                                     "
   5034.030, -66965.960, 1.3428E-02, 4.1321E+00,-9.5215E-02, 2.7808E+00,-5.2734E-01, 4.7046E+00,-3.4424E-01, 6.1731E+00
"G                                                                                                                     "
   7739.340, -64260.650,-5.9814E-01, 3.5925E+00,-3.7109E-01, 2.5134E+00, 1.9226E+00, 7.0947E+00,-3.4912E-01, 6.1707E+00
"Z                                                                                                                     "
   7907.580, -64092.410,-4.8218E-01, 3.5413E+00,-3.7109E-01, 2.5134E+00, 1.6724E+00, 6.9653E+00,-3.4912E-01, 6.1707E+00
"P                                                                                                                     "
   7961.790, -64038.200,-5.2734E-01, 3.6072E+00,-3.7231E-01, 2.5134E+00, 1.9092E+00, 7.1167E+00,-3.4546E-01, 6.1707E+00
"G                                                                                                                     "
   9000.480, -62999.510, 2.7466E-01, 4.4019E+00,-3.7476E-01, 2.5110E+00, 9.9854E-01, 6.2317E+00,-3.5034E-01, 6.1694E+00
"P                                                                                                                     "
   9018.750, -62981.240, 2.2095E-01, 4.2566E+00,-3.6621E-01, 2.5110E+00, 1.0278E+00, 6.2256E+00,-3.4790E-01, 6.1694E+00
"Z                                                                                                                     "
   9257.700, -62742.290,-6.9580E-01, 3.4912E+00,-3.7476E-01, 2.5122E+00, 1.0364E+00, 6.2708E+00,-3.5034E-01, 6.1694E+00
"P                                                                                                                     "
   9275.010, -62724.980,-8.0078E-01, 3.3435E+00,-3.7476E-01, 2.5110E+00, 1.0339E+00, 6.2561E+00,-3.5034E-01, 6.1694E+00
"C                                                                                                                     "
   9277.050, -62722.940,-3.8086E-01, 3.7329E+00,-3.6987E-01, 2.5122E+00, 1.0388E+00, 6.2390E+00,-3.4912E-01, 6.1694E+00
"F2                                                                                                                    "
   9278.280, -62721.710,-7.5928E-01, 3.4290E+00,-3.7354E-01, 2.5122E+00, 9.9854E-01, 6.2366E+00,-3.5034E-01, 6.1694E+00
"B                                                                                                                     "
   9290.310, -62709.680,-7.5562E-01, 3.3923E+00,-3.6743E-01, 2.5110E+00, 1.0693E+00, 6.2744E+00,-3.4790E-01, 6.1694E+00
"C                                                                                                                     "
   9294.960, -62705.030,-6.8604E-01, 3.5010E+00,-3.7231E-01, 2.5110E+00, 1.0571E+00, 6.2866E+00,-3.5278E-01, 6.1694E+00
"D                                                                                                                     "
   9326.160, -62673.830,-6.1035E-01, 3.5608E+00,-3.7598E-01, 2.5110E+00, 9.8145E-01, 6.2195E+00,-3.5156E-01, 6.1694E+00
"C                                                                                                                     "
   9360.570, -62639.420,-2.5024E-01, 3.8879E+00,-3.7476E-01, 2.5110E+00, 1.0376E+00, 6.2695E+00,-3.5156E-01, 6.1694E+00
"F2                                                                                                                    "
   9363.150, -62636.840,-2.8076E-01, 3.8660E+00,-3.7231E-01, 2.5110E+00, 1.0876E+00, 6.3000E+00,-3.4912E-01, 6.1694E+00
"B                                                                                                                     "
   9374.370, -62625.620,-2.7710E-01, 3.8428E+00,-3.7476E-01, 2.5122E+00, 1.0645E+00, 6.2781E+00,-3.5156E-01, 6.1694E+00
"C                                                                                                                     "
   9379.320, -62620.670,-2.7344E-01, 3.8684E+00,-3.7231E-01, 2.5122E+00, 1.0571E+00, 6.2830E+00,-3.4912E-01, 6.1694E+00
"D                                                                                                                     "
   9380.940, -62619.050,-4.1870E-01, 3.6987E+00,-3.7109E-01, 2.5110E+00, 1.0767E+00, 6.2927E+00,-3.5278E-01, 6.1694E+00
"B                                                                                                                     "
   9383.040, -62616.950,-4.4922E-01, 3.6841E+00,-3.7109E-01, 2.5110E+00, 1.0791E+00, 6.3000E+00,-3.5034E-01, 6.1694E+00
"C                                                                                                                     "
   9384.390, -62615.600,-3.3813E-01, 3.8025E+00,-3.7842E-01, 2.5110E+00, 1.0559E+00, 6.2927E+00,-3.5156E-01, 6.1694E+00
"D                                                                                                                     "
   9389.550, -62610.440,-4.5044E-01, 3.7012E+00,-3.7354E-01, 2.5110E+00, 1.0693E+00, 6.2915E+00,-3.5034E-01, 6.1694E+00
"F2                                                                                                                    "
   9396.540, -62603.450,-5.4688E-01, 3.5791E+00,-3.7231E-01, 2.5110E+00, 1.0901E+00, 6.2988E+00,-3.4668E-01, 6.1694E+00
"T                                                                                                                     "
   9404.760, -62595.230,-4.4189E-01, 3.6890E+00,-3.7354E-01, 2.5122E+00, 1.0669E+00, 6.2769E+00,-3.5278E-01, 6.1694E+00
"D                                                                                                                     "
   9405.630, -62594.360,-2.6367E-01, 3.8525E+00,-3.7231E-01, 2.5110E+00, 1.0645E+00, 6.2756E+00,-3.5156E-01, 6.1694E+00
"G                                                                                                                     "
  11369.130, -60630.860, 4.2603E-01, 4.5435E+00,-3.7720E-01, 2.5085E+00, 7.1533E-01, 5.9460E+00,-3.5645E-01, 6.1670E+00
"B                                                                                                                     "
  11379.660, -60620.330, 3.4058E-01, 4.4983E+00,-3.7109E-01, 2.5098E+00, 8.4473E-01, 6.0486E+00,-3.5034E-01, 6.1670E+00
"C                                                                                                                     "
  11415.660, -60584.330,-4.5654E-01, 3.6523E+00,-3.7354E-01, 2.5085E+00, 8.0078E-01, 6.0168E+00,-3.4912E-01, 6.1670E+00
"D                                                                                                                     "
  11420.880, -60579.110, 5.0415E-01, 4.5935E+00,-3.7598E-01, 2.5085E+00, 7.5439E-01, 5.9778E+00,-3.5156E-01, 6.1670E+00
"C                                                                                                                     "
  11449.710, -60550.280, 2.6001E-01, 4.3848E+00,-3.7720E-01, 2.5085E+00, 8.2520E-01, 6.0400E+00,-3.5034E-01, 6.1670E+00
"D                                                                                                                     "
  11482.320, -60517.670, 5.4077E-01, 4.6570E+00,-3.7231E-01, 2.5085E+00, 8.3374E-01, 6.0547E+00,-3.5278E-01, 6.1670E+00
"B                                                                                                                     "
  11485.140, -60514.850, 4.0405E-01, 4.5532E+00,-3.7598E-01, 2.5098E+00, 7.8125E-01, 6.0095E+00,-3.5034E-01, 6.1682E+00
"D                                                                                                                     "
  11505.300, -60494.690, 8.4229E-01, 4.9561E+00,-3.7231E-01, 2.5098E+00, 9.0576E-01, 6.1133E+00,-3.5034E-01, 6.1682E+00
"G                                                                                                                     "
  12448.860, -59551.130,-4.2603E-01, 3.7109E+00,-3.8330E-01, 2.4976E+00, 1.2683E+00, 6.4673E+00,-3.7231E-01, 6.1499E+00
"C                                                                                                                     "
  12456.420, -59543.570, 7.6782E-01, 4.8645E+00,-3.9307E-01, 2.4988E+00, 1.2524E+00, 6.4709E+00,-3.7109E-01, 6.1499E+00
"B                                                                                                                     "
  12458.700, -59541.290, 1.4282E-01, 4.4397E+00,-3.9063E-01, 2.4976E+00, 1.2451E+00, 6.4624E+00,-3.6987E-01, 6.1499E+00
"C                                                                                                                     "
  12464.730, -59535.260, 6.6650E-01, 4.7925E+00,-3.9185E-01, 2.4963E+00, 1.2207E+00, 6.4465E+00,-3.7231E-01, 6.1499E+00
"D                                                                                                                     "
  12472.740, -59527.250, 7.2632E-01, 4.8315E+00,-3.8574E-01, 2.4963E+00, 1.2634E+00, 6.4746E+00,-3.6987E-01, 6.1499E+00
"B                                                                                                                     "
  12476.100, -59523.890, 1.0645E+00, 5.1831E+00,-3.8818E-01, 2.4963E+00, 1.2634E+00, 6.4917E+00,-3.7354E-01, 6.1499E+00
"D                                                                                                                     "
  12481.740, -59518.250, 9.0088E-01, 5.1611E+00,-3.8818E-01, 2.4963E+00, 1.2305E+00, 6.4380E+00,-3.7231E-01, 6.1487E+00
"G                                                                                                                     "
  12571.470, -59428.520,-6.0181E-01, 3.5864E+00,-3.9917E-01, 2.4915E+00, 1.3025E+00, 6.5393E+00,-3.7842E-01, 6.1438E+00
"NP                                                                                                                    "
  13507.980, -58492.010,-8.1787E-02, 3.7109E+00,-4.1626E-01, 2.4744E+00, 1.1707E+00, 6.4063E+00,-3.9795E-01, 6.1243E+00
"P                                                                                                                     "
  13559.790, -58440.200,-5.5786E-01, 3.6194E+00,-4.1626E-01, 2.4731E+00, 1.3477E+00, 6.5527E+00,-3.9917E-01, 6.1243E+00
"G                                                                                                                     "
  13684.500, -58315.490,-2.8687E-01, 3.8708E+00,-4.1748E-01, 2.4731E+00, 1.1975E+00, 6.4136E+00,-4.0161E-01, 6.1243E+00
"Z                                                                                                                     "
  13704.330, -58295.660, 1.9043E-01, 4.0527E+00,-4.1626E-01, 2.4719E+00, 1.2427E+00, 6.4490E+00,-3.9673E-01, 6.1230E+00
"P                                                                                                                     "
  13716.960, -58283.030, 8.6670E-02, 4.1589E+00,-4.1748E-01, 2.4719E+00, 1.2805E+00, 6.4856E+00,-3.9917E-01, 6.1230E+00
"Z                                                                                                                     "
  13750.140, -58249.850, 6.3843E-01, 4.6545E+00,-4.1748E-01, 2.4731E+00, 1.2891E+00, 6.5149E+00,-3.9917E-01, 6.1243E+00
"P                                                                                                                     "
  13795.650, -58204.340,-6.1401E-01, 3.5107E+00,-4.1870E-01, 2.4719E+00, 1.3232E+00, 6.5393E+00,-4.0161E-01, 6.1230E+00
"B2                                                                                                                    "
  13799.130, -58200.860,-6.2622E-01, 3.5120E+00,-4.2114E-01, 2.4707E+00, 1.2891E+00, 6.5100E+00,-4.0283E-01, 6.1230E+00
"P                                                                                                                     "
  13807.890, -58192.100,-4.1992E-01, 3.7146E+00,-4.1748E-01, 2.4707E+00, 1.3513E+00, 6.5576E+00,-3.9795E-01, 6.1230E+00
"C                                                                                                                     "
  13812.360, -58187.630,-3.4912E-01, 3.7817E+00,-4.1748E-01, 2.4719E+00, 1.3367E+00, 6.5491E+00,-3.9673E-01, 6.1230E+00
"D                                                                                                                     "
  13820.820, -58179.170,-2.1240E-01, 4.0015E+00,-4.1992E-01, 2.4719E+00, 1.2927E+00, 6.5161E+00,-4.0039E-01, 6.1230E+00
"F2                                                                                                                    "
  13824.450, -58175.540,-2.8931E-01, 3.8782E+00,-4.1870E-01, 2.4719E+00, 1.3147E+00, 6.5332E+00,-3.9795E-01, 6.1230E+00
"B                                                                                                                     "
  13826.430, -58173.560,-1.5747E-01, 3.9978E+00,-4.2114E-01, 2.4719E+00, 1.2500E+00, 6.4795E+00,-3.9795E-01, 6.1230E+00
"C                                                                                                                     "
  13828.590, -58171.400,-2.5146E-01, 3.9026E+00,-4.1992E-01, 2.4719E+00, 1.2671E+00, 6.4832E+00,-4.0161E-01, 6.1230E+00
"D                                                                                                                     "
  13832.820, -58167.170,-1.3062E-01, 3.9978E+00,-4.1748E-01, 2.4707E+00, 1.3477E+00, 6.5479E+00,-3.9551E-01, 6.1230E+00
"F1                                                                                                                    "
  13835.550, -58164.440,-2.2949E-01, 3.9209E+00,-4.1992E-01, 2.4719E+00, 1.3110E+00, 6.5466E+00,-3.9795E-01, 6.1230E+00
"F2                                                                                                                    "
  13837.470, -58162.520, 2.1973E-01, 4.3445E+00,-4.1992E-01, 2.4707E+00, 1.3074E+00, 6.5332E+00,-3.9917E-01, 6.1230E+00
"B                                                                                                                     "
  13838.640, -58161.350, 2.1240E-01, 4.2871E+00,-4.1748E-01, 2.4719E+00, 1.2610E+00, 6.4697E+00,-3.9795E-01, 6.1230E+00
"C                                                                                                                     "
  13841.580, -58158.410,-3.4180E-02, 4.1479E+00,-4.1992E-01, 2.4719E+00, 1.2402E+00, 6.4551E+00,-4.0039E-01, 6.1230E+00
"B                                                                                                                     "
  13844.760, -58155.230,-8.3008E-02, 4.0417E+00,-4.1992E-01, 2.4719E+00, 1.3306E+00, 6.5515E+00,-4.0039E-01, 6.1230E+00
"F2                                                                                                                    "
  13846.980, -58153.010,-1.8921E-01, 3.9319E+00,-4.1748E-01, 2.4707E+00, 1.2830E+00, 6.4917E+00,-4.0405E-01, 6.1230E+00
"B                                                                                                                     "
  13848.540, -58151.450, 9.6436E-02, 4.2334E+00,-4.1992E-01, 2.4719E+00, 1.3525E+00, 6.5857E+00,-3.9917E-01, 6.1230E+00
"C                                                                                                                     "
  13850.130, -58149.860, 4.0283E-02, 4.1724E+00,-4.2114E-01, 2.4707E+00, 1.3843E+00, 6.6211E+00,-4.0161E-01, 6.1230E+00
"D                                                                                                                     "
  13863.840, -58136.150,-2.5635E-02, 4.0942E+00,-4.1626E-01, 2.4719E+00, 1.4087E+00, 6.6187E+00,-3.9917E-01, 6.1230E+00
"B                                                                                                                     "
  13866.090, -58133.900, 2.1729E-01, 4.3616E+00,-4.1992E-01, 2.4719E+00, 1.2463E+00, 6.4807E+00,-4.0039E-01, 6.1230E+00
"C                                                                                                                     "
  13867.320, -58132.670,-1.2329E-01, 4.0564E+00,-4.2114E-01, 2.4707E+00, 1.2866E+00, 6.5027E+00,-4.0161E-01, 6.1230E+00
"F2                                                                                                                    "
  13870.170, -58129.820, 1.4404E-01, 4.2737E+00,-4.1992E-01, 2.4719E+00, 1.3428E+00, 6.5747E+00,-4.0283E-01, 6.1230E+00
"B                                                                                                                     "
  13871.910, -58128.080, 1.7456E-01, 4.3323E+00,-4.1992E-01, 2.4719E+00, 1.2659E+00, 6.4966E+00,-4.0161E-01, 6.1230E+00
"C                                                                                                                     "
  13877.010, -58122.980, 2.0874E-01, 4.3530E+00,-4.1992E-01, 2.4719E+00, 1.2744E+00, 6.5051E+00,-4.0283E-01, 6.1230E+00
"D                                                                                                                     "
  13881.990, -58118.000, 2.1851E-01, 4.3616E+00,-4.1992E-01, 2.4719E+00, 1.4722E+00, 6.7004E+00,-3.9917E-01, 6.1230E+00
"C                                                                                                                     "
  13883.730, -58116.260, 2.1240E-01, 4.3311E+00,-4.2114E-01, 2.4707E+00, 1.4148E+00, 6.6370E+00,-3.9917E-01, 6.1230E+00
"D                                                                                                                     "
  13886.490, -58113.500, 6.9580E-02, 4.1992E+00,-4.1870E-01, 2.4719E+00, 1.2866E+00, 6.5100E+00,-4.0283E-01, 6.1230E+00
"F2                                                                                                                    "
  13888.620, -58111.370, 1.9531E-02, 4.1650E+00,-4.2114E-01, 2.4707E+00, 1.2659E+00, 6.4954E+00,-4.0161E-01, 6.1230E+00
"B                                                                                                                     "
  13890.930, -58109.060, 1.0132E-01, 4.2310E+00,-4.1626E-01, 2.4719E+00, 1.4465E+00, 6.6528E+00,-3.9917E-01, 6.1230E+00
"C                                                                                                                     "
  13895.520, -58104.470, 1.0986E-02, 4.1479E+00,-4.2358E-01, 2.4707E+00, 1.4551E+00, 6.6833E+00,-4.0161E-01, 6.1230E+00
"F2                                                                                                                    "
  13898.370, -58101.620, 1.6602E-01, 4.3103E+00,-4.2114E-01, 2.4719E+00, 1.3806E+00, 6.6199E+00,-4.0039E-01, 6.1230E+00
"B                                                                                                                     "
  13901.880, -58098.110, 2.7954E-01, 4.4067E+00,-4.1992E-01, 2.4707E+00, 1.1890E+00, 6.4490E+00,-4.0039E-01, 6.1230E+00
"C                                                                                                                     "
  13902.720, -58097.270, 1.1719E-01, 4.2566E+00,-4.2114E-01, 2.4707E+00, 1.3208E+00, 6.5515E+00,-4.0039E-01, 6.1230E+00
"F2                                                                                                                    "
  13906.140, -58093.850, 4.2358E-01, 4.5325E+00,-4.1870E-01, 2.4707E+00, 1.3416E+00, 6.5540E+00,-4.0039E-01, 6.1218E+00
"B                                                                                                                     "
  13907.460, -58092.530, 2.5269E-01, 4.3677E+00,-4.1870E-01, 2.4719E+00, 1.4172E+00, 6.6174E+00,-4.0039E-01, 6.1230E+00
"C                                                                                                                     "
  13909.440, -58090.550, 3.4912E-01, 4.4788E+00,-4.2236E-01, 2.4707E+00, 1.4148E+00, 6.6406E+00,-3.9917E-01, 6.1230E+00
"D                                                                                                                     "
  13947.150, -58052.840, 4.5166E-01, 4.5850E+00,-4.2114E-01, 2.4707E+00, 1.2793E+00, 6.5039E+00,-4.0161E-01, 6.1218E+00
"F2                                                                                                                    "
  13951.410, -58048.580, 3.4180E-01, 4.4934E+00,-4.1870E-01, 2.4707E+00, 1.4587E+00, 6.6785E+00,-4.0283E-01, 6.1218E+00
"B                                                                                                                     "
  13953.090, -58046.900, 6.3477E-01, 4.7607E+00,-4.1992E-01, 2.4707E+00, 1.4246E+00, 6.6467E+00,-4.0161E-01, 6.1218E+00
"C                                                                                                                     "
  13955.700, -58044.290, 5.1758E-01, 4.6643E+00,-4.1626E-01, 2.4707E+00, 1.4258E+00, 6.6418E+00,-4.0039E-01, 6.1218E+00
"D                                                                                                                     "
  14009.640, -57990.350, 1.1499E+00, 4.9255E+00,-4.1748E-01, 2.4695E+00, 1.2756E+00, 6.5442E+00,-4.0161E-01, 6.1206E+00
"F1                                                                                                                    "
  14012.520, -57987.470, 6.9946E-01, 4.8242E+00,-4.1992E-01, 2.4707E+00, 1.3806E+00, 6.6064E+00,-4.0405E-01, 6.1218E+00
"F2                                                                                                                    "
  14014.890, -57985.100, 8.8745E-01, 4.9670E+00,-4.1992E-01, 2.4695E+00, 1.3464E+00, 6.5588E+00,-4.0039E-01, 6.1218E+00
"F3                                                                                                                    "
  14018.730, -57981.260, 8.5938E-01, 4.9646E+00,-4.2114E-01, 2.4707E+00, 1.3672E+00, 6.5857E+00,-4.0161E-01, 6.1206E+00
"F4                                                                                                                    "
  14022.840, -57977.150, 8.7036E-01, 5.0073E+00,-4.2480E-01, 2.4707E+00, 1.3928E+00, 6.6260E+00,-4.0405E-01, 6.1218E+00
"B                                                                                                                     "
  14031.240, -57968.750, 7.9956E-01, 4.9194E+00,-4.2114E-01, 2.4695E+00, 1.2830E+00, 6.5002E+00,-4.0039E-01, 6.1218E+00
"C                                                                                                                     "
  14033.880, -57966.110, 1.1548E+00, 5.2649E+00,-4.2114E-01, 2.4695E+00, 1.3123E+00, 6.5234E+00,-4.0283E-01, 6.1206E+00
"D                                                                                                                     "
  14078.370, -57921.620, 7.5562E-01, 4.8560E+00,-4.2236E-01, 2.4695E+00, 1.3831E+00, 6.5991E+00,-4.0527E-01, 6.1194E+00
"C                                                                                                                     "
  14081.310, -57918.680, 1.0583E+00, 5.1758E+00,-4.1992E-01, 2.4695E+00, 1.3452E+00, 6.5540E+00,-4.0405E-01, 6.1206E+00
"D                                                                                                                     "
  14098.740, -57901.250, 7.3975E-01, 4.8682E+00,-4.1992E-01, 2.4683E+00, 1.4453E+00, 6.6553E+00,-4.0405E-01, 6.1194E+00
"F2                                                                                                                    "
  14101.200, -57898.790, 9.1187E-01, 5.0256E+00,-4.2358E-01, 2.4683E+00, 1.4270E+00, 6.6565E+00,-4.0649E-01, 6.1194E+00
"B                                                                                                                     "
  14102.310, -57897.680, 1.9690E+00, 5.6738E+00,-4.2358E-01, 2.4683E+00, 1.4502E+00, 6.6736E+00,-4.0527E-01, 6.1194E+00
"C                                                                                                                     "
  14103.720, -57896.270, 8.6914E-01, 4.9963E+00,-4.2603E-01, 2.4683E+00, 1.3806E+00, 6.5918E+00,-4.0405E-01, 6.1194E+00
"D                                                                                                                     "
  14125.320, -57874.670, 9.3140E-01, 5.0732E+00,-4.2480E-01, 2.4683E+00, 1.3269E+00, 6.5540E+00,-4.0283E-01, 6.1194E+00
"C                                                                                                                     "
  14127.630, -57872.360, 1.0913E+00, 5.2380E+00,-4.2480E-01, 2.4670E+00, 1.3245E+00, 6.5527E+00,-4.0527E-01, 6.1194E+00
"D                                                                                                                     "
  14129.100, -57870.890, 1.0132E+00, 5.1184E+00,-4.2236E-01, 2.4683E+00, 1.2891E+00, 6.5210E+00,-4.0527E-01, 6.1182E+00
"B                                                                                                                     "
  14130.150, -57869.840, 6.7993E-01, 4.8059E+00,-4.2358E-01, 2.4683E+00, 1.3428E+00, 6.5601E+00,-4.0527E-01, 6.1182E+00
"F2                                                                                                                    "
  14132.460, -57867.530, 9.2407E-01, 5.0403E+00,-4.1992E-01, 2.4683E+00, 1.3354E+00, 6.5369E+00,-4.0405E-01, 6.1182E+00
"B                                                                                                                     "
  14133.540, -57866.450, 1.2122E+00, 5.3638E+00,-4.2480E-01, 2.4683E+00, 1.3477E+00, 6.5796E+00,-4.0405E-01, 6.1194E+00
"C                                                                                                                     "
  14135.460, -57864.530, 1.1829E+00, 5.3674E+00,-4.2114E-01, 2.4683E+00, 1.2585E+00, 6.4722E+00,-4.0405E-01, 6.1182E+00
"D                                                                                                                     "
  14156.250, -57843.740, 9.4482E-01, 5.0684E+00,-4.2236E-01, 2.4683E+00, 1.3306E+00, 6.5466E+00,-4.0405E-01, 6.1182E+00
"F2                                                                                                                    "
  14158.710, -57841.280, 8.0322E-01, 4.9854E+00,-4.2358E-01, 2.4670E+00, 1.2341E+00, 6.5149E+00,-4.0405E-01, 6.1182E+00
"B                                                                                                                     "
  14161.500, -57838.490, 9.6924E-01, 5.0964E+00,-4.2236E-01, 2.4683E+00, 1.2292E+00, 6.5088E+00,-4.0405E-01, 6.1182E+00
"C                                                                                                                     "
  14164.590, -57835.400, 9.7046E-01, 5.1880E+00,-4.2358E-01, 2.4670E+00, 1.3025E+00, 6.5186E+00,-4.0527E-01, 6.1182E+00
"D                                                                                                                     "
  14165.220, -57834.770, 1.0107E+00, 5.1318E+00,-4.2480E-01, 2.4670E+00, 1.3147E+00, 6.5271E+00,-4.0527E-01, 6.1182E+00
"B                                                                                                                     "
  14165.910, -57834.080, 1.5588E+00, 5.5139E+00,-4.2480E-01, 2.4670E+00, 1.2793E+00, 6.4978E+00,-4.0649E-01, 6.1182E+00
"C                                                                                                                     "
  14166.900, -57833.090, 1.0608E+00, 5.2161E+00,-4.2480E-01, 2.4670E+00, 1.3135E+00, 6.5234E+00,-4.0527E-01, 6.1182E+00
"F2                                                                                                                    "
  14172.240, -57827.750, 6.4575E-01, 4.7888E+00,-4.2603E-01, 2.4670E+00, 1.2683E+00, 6.5002E+00,-4.0649E-01, 6.1182E+00
"B                                                                                                                     "
  14185.320, -57814.670, 8.6670E-01, 5.0159E+00,-4.2358E-01, 2.4670E+00, 1.2585E+00, 6.4868E+00,-4.0527E-01, 6.1182E+00
"C                                                                                                                     "
  14186.670, -57813.320, 1.3074E+00, 5.2612E+00,-4.2236E-01, 2.4670E+00, 1.1279E+00, 6.3989E+00,-4.0405E-01, 6.1182E+00
"D                                                                                                                     "
  14192.370, -57807.620, 8.0933E-01, 4.9512E+00,-4.2236E-01, 2.4670E+00, 1.2793E+00, 6.5100E+00,-4.0649E-01, 6.1182E+00
"F2                                                                                                                    "
  14195.910, -57804.080, 6.6650E-01, 4.8157E+00,-4.2480E-01, 2.4670E+00, 1.1670E+00, 6.3916E+00,-4.0649E-01, 6.1182E+00
"B                                                                                                                     "
  14205.360, -57794.630, 7.6050E-01, 4.8938E+00,-4.2358E-01, 2.4670E+00, 1.2366E+00, 6.4429E+00,-4.0527E-01, 6.1169E+00
"C                                                                                                                     "
  14206.800, -57793.190, 1.0449E+00, 5.1953E+00,-4.2358E-01, 2.4670E+00, 1.2341E+00, 6.4600E+00,-4.0405E-01, 6.1169E+00
"D                                                                                                                     "
  14209.350, -57790.640, 8.4351E-01, 4.9731E+00,-4.2480E-01, 2.4670E+00, 1.2463E+00, 6.4673E+00,-4.0527E-01, 6.1182E+00
"F2                                                                                                                    "
  14212.020, -57787.970, 8.9600E-01, 5.0208E+00,-4.2603E-01, 2.4670E+00, 1.2219E+00, 6.4563E+00,-4.0771E-01, 6.1169E+00
"B                                                                                                                     "
  14216.550, -57783.440, 9.7290E-01, 5.1086E+00,-4.2725E-01, 2.4670E+00, 1.2183E+00, 6.4514E+00,-4.0771E-01, 6.1169E+00
"F2                                                                                                                    "
  14219.400, -57780.590, 9.3140E-01, 4.9976E+00,-4.2847E-01, 2.4670E+00, 1.2073E+00, 6.4478E+00,-4.0527E-01, 6.1169E+00
"B                                                                                                                     "
  14221.530, -57778.460, 7.5806E-01, 4.8816E+00,-4.2480E-01, 2.4658E+00, 1.2646E+00, 6.4685E+00,-4.0649E-01, 6.1182E+00
"C                                                                                                                     "
  14223.840, -57776.150, 7.8247E-01, 4.9365E+00,-4.2358E-01, 2.4670E+00, 1.2610E+00, 6.4709E+00,-4.0527E-01, 6.1169E+00
"F2                                                                                                                    "
  14224.920, -57775.070, 9.7534E-01, 5.0854E+00,-4.2603E-01, 2.4670E+00, 1.2305E+00, 6.4624E+00,-4.0771E-01, 6.1182E+00
"FB                                                                                                                    "
  14228.910, -57771.080, 1.1047E+00, 5.2283E+00,-4.2358E-01, 2.4670E+00, 1.2549E+00, 6.4697E+00,-4.0649E-01, 6.1169E+00
"C                                                                                                                     "
  14230.890, -57769.100, 1.0889E+00, 5.2173E+00,-4.2358E-01, 2.4670E+00, 1.2537E+00, 6.4722E+00,-4.0405E-01, 6.1169E+00
"D                                                                                                                     "
  14233.440, -57766.550, 9.5825E-01, 5.0952E+00,-4.2236E-01, 2.4658E+00, 1.2305E+00, 6.4490E+00,-4.0894E-01, 6.1169E+00
"F2                                                                                                                    "
  14238.420, -57761.570, 1.0437E+00, 5.1331E+00,-4.2603E-01, 2.4658E+00, 1.1633E+00, 6.3733E+00,-4.0771E-01, 6.1182E+00
"B                                                                                                                     "
  14240.820, -57759.170, 1.2476E+00, 5.3845E+00,-4.2603E-01, 2.4670E+00, 1.2354E+00, 6.4612E+00,-4.0771E-01, 6.1169E+00
"C                                                                                                                     "
  14242.020, -57757.970, 1.0034E+00, 5.1392E+00,-4.2725E-01, 2.4658E+00, 1.2537E+00, 6.4734E+00,-4.0527E-01, 6.1169E+00
"F2                                                                                                                    "
  14244.060, -57755.930, 1.0095E+00, 5.0708E+00,-4.2236E-01, 2.4670E+00, 1.2354E+00, 6.4465E+00,-4.0649E-01, 6.1169E+00
"B                                                                                                                     "
  14249.490, -57750.500, 8.6914E-01, 4.9792E+00,-4.2603E-01, 2.4670E+00, 1.3135E+00, 6.5198E+00,-4.0771E-01, 6.1182E+00
"C                                                                                                                     "
  14251.350, -57748.640, 1.6394E+00, 5.4602E+00,-4.2480E-01, 2.4658E+00, 1.3062E+00, 6.5393E+00,-4.0894E-01, 6.1169E+00
"D                                                                                                                     "
  14410.080, -57589.910, 1.0657E+00, 5.2258E+00,-4.2480E-01, 2.4658E+00, 1.3110E+00, 6.5332E+00,-4.0894E-01, 6.1169E+00
"F2                                                                                                                    "
  14413.290, -57586.700, 1.1035E+00, 5.2258E+00,-4.2725E-01, 2.4658E+00, 1.2439E+00, 6.4722E+00,-4.0405E-01, 6.1169E+00
"B                                                                                                                     "
  14417.850, -57582.140, 1.2244E+00, 5.2856E+00,-4.2480E-01, 2.4658E+00, 1.2939E+00, 6.4978E+00,-4.0771E-01, 6.1169E+00
"C                                                                                                                     "
  14418.330, -57581.660, 1.3538E+00, 5.4956E+00,-4.2358E-01, 2.4658E+00, 1.2964E+00, 6.5088E+00,-4.0405E-01, 6.1169E+00
"D                                                                                                                     "
  14563.080, -57436.910, 1.3550E+00, 5.4761E+00,-4.2358E-01, 2.4658E+00, 1.3660E+00, 6.5723E+00,-4.0527E-01, 6.1182E+00
"D                                                                                                                     "
  14563.650, -57436.340, 1.4746E+00, 5.6030E+00,-4.2358E-01, 2.4670E+00, 1.3684E+00, 6.5784E+00,-4.0649E-01, 6.1169E+00
"F2                                                                                                                    "
  14566.920, -57433.070, 1.2317E+00, 5.3259E+00,-4.2480E-01, 2.4658E+00, 1.3647E+00, 6.5723E+00,-4.0527E-01, 6.1169E+00
"B                                                                                                                     "
  14568.390, -57431.600, 1.7859E+00, 5.7202E+00,-4.2603E-01, 2.4658E+00, 1.2842E+00, 6.4905E+00,-4.0894E-01, 6.1182E+00
"C                                                                                                                     "
  14569.350, -57430.640, 1.4502E+00, 5.5725E+00,-4.2725E-01, 2.4658E+00, 1.3245E+00, 6.5515E+00,-4.0771E-01, 6.1169E+00
"D                                                                                                                     "
  14755.140, -57244.850, 2.1899E+00, 6.2878E+00,-4.2480E-01, 2.4646E+00, 1.4453E+00, 6.6565E+00,-4.0649E-01, 6.1169E+00
"C                                                                                                                     "
  14756.310, -57243.680, 2.0630E+00, 6.3635E+00,-4.2725E-01, 2.4658E+00, 1.4014E+00, 6.6284E+00,-4.0771E-01, 6.1182E+00
"D                                                                                                                     "
  14842.050, -57157.940, 1.8018E+00, 6.1060E+00,-4.2847E-01, 2.4658E+00, 1.3147E+00, 6.5503E+00,-4.0771E-01, 6.1169E+00
"C                                                                                                                     "
  14843.670, -57156.320, 1.7407E+00, 6.1133E+00,-4.2847E-01, 2.4646E+00, 1.2976E+00, 6.5247E+00,-4.0527E-01, 6.1169E+00
"D                                                                                                                     "
  14965.020, -57034.970, 1.2720E+00, 5.4028E+00,-4.3091E-01, 2.4634E+00, 1.3062E+00, 6.5405E+00,-4.1138E-01, 6.1145E+00
"F2                                                                                                                    "
  14968.230, -57031.760, 1.3477E+00, 5.4834E+00,-4.3091E-01, 2.4634E+00, 1.3086E+00, 6.5356E+00,-4.1138E-01, 6.1145E+00
"B                                                                                                                     "
  14969.280, -57030.710, 1.9470E+00, 5.8252E+00,-4.3091E-01, 2.4622E+00, 1.3342E+00, 6.5552E+00,-4.0894E-01, 6.1145E+00
"C                                                                                                                     "
  14970.900, -57029.090, 1.5015E+00, 5.7239E+00,-4.2847E-01, 2.4634E+00, 1.2854E+00, 6.5112E+00,-4.1016E-01, 6.1133E+00
"D                                                                                                                     "
  15392.550, -56607.440, 1.3940E+00, 5.5017E+00,-4.3335E-01, 2.4622E+00, 1.0461E+00, 6.2854E+00,-4.1138E-01, 6.1145E+00
"C                                                                                                                     "
  15394.170, -56605.820, 1.2170E+00, 5.3503E+00,-4.3335E-01, 2.4622E+00, 8.9722E-01, 6.1536E+00,-4.0894E-01, 6.1145E+00
"F2                                                                                                                    "
  15396.150, -56603.840, 1.3574E+00, 5.4834E+00,-4.3335E-01, 2.4622E+00, 7.6294E-01, 6.0254E+00,-4.1016E-01, 6.1145E+00
"B                                                                                                                     "
  15398.010, -56601.980, 1.4209E+00, 5.5225E+00,-4.2725E-01, 2.4622E+00, 8.6670E-01, 6.0803E+00,-4.0771E-01, 6.1145E+00
"C                                                                                                                     "
  15399.810, -56600.180, 1.3904E+00, 5.4944E+00,-4.3213E-01, 2.4622E+00, 8.6914E-01, 6.1096E+00,-4.0649E-01, 6.1145E+00
"D                                                                                                                     "
  15652.230, -56347.760, 1.3464E+00, 5.5713E+00, 4.2969E-01, 3.3240E+00, 9.7168E-01, 6.1829E+00,-4.1504E-01, 6.1121E+00
"B                                                                                                                     "
  15658.710, -56341.280, 1.4319E+00, 5.5823E+00, 6.2744E-01, 3.4998E+00, 9.2773E-01, 6.1707E+00,-4.1260E-01, 6.1121E+00
"C                                                                                                                     "
  15659.550, -56340.440, 1.4111E+00, 5.5212E+00, 5.5176E-01, 3.4326E+00, 9.2529E-01, 6.1609E+00,-4.1504E-01, 6.1121E+00
"D                                                                                                                     "
  15716.670, -56283.320, 1.2183E+00, 5.3381E+00, 6.1401E-01, 3.4924E+00, 8.7036E-01, 6.0986E+00,-4.1260E-01, 6.1108E+00
"G                                                                                                                     "
  16292.670, -55707.320, 4.3213E-01, 4.5361E+00,-4.3701E-01, 2.4585E+00, 9.9487E-01, 6.2341E+00,-4.1382E-01, 6.1108E+00
"C                                                                                                                     "
  16345.170, -55654.820, 4.6509E-01, 4.6558E+00,-4.3335E-01, 2.4585E+00, 1.0645E+00, 6.2769E+00,-4.1382E-01, 6.1108E+00
"P                                                                                                                     "
  16349.010, -55650.980, 1.6357E-01, 4.5300E+00,-4.3335E-01, 2.4585E+00, 1.0168E+00, 6.2329E+00,-4.1382E-01, 6.1108E+00
"Z                                                                                                                     "
  16424.130, -55575.860,-7.0923E-01, 3.4460E+00,-4.3701E-01, 2.4573E+00, 9.2163E-01, 6.1536E+00,-4.1748E-01, 6.1096E+00
"P                                                                                                                     "
  16448.430, -55551.560,-2.1973E-01, 3.9575E+00,-4.3701E-01, 2.4561E+00, 8.9600E-01, 6.1182E+00,-4.1260E-01, 6.1084E+00
"G                                                                                                                     "
  17938.380, -54061.610,-6.5918E-01, 3.5571E+00,-4.4312E-01, 2.4512E+00, 7.2876E-01, 5.9521E+00,-4.2236E-01, 6.1035E+00
"Z                                                                                                                     "
  17987.580, -54012.410,-3.6255E-01, 3.6060E+00,-4.4189E-01, 2.4512E+00, 6.7139E-01, 5.9143E+00,-4.2236E-01, 6.1023E+00
"P                                                                                                                     "
  18006.090, -53993.900,-9.8267E-01, 3.1763E+00,-4.4556E-01, 2.4500E+00, 6.5430E-01, 5.9009E+00,-4.2358E-01, 6.1023E+00
"C                                                                                                                     "
  18009.630, -53990.360,-8.6914E-01, 3.2800E+00,-4.4189E-01, 2.4500E+00, 7.6538E-01, 6.0095E+00,-4.2236E-01, 6.1011E+00
"B                                                                                                                     "
  18022.710, -53977.280,-6.1401E-01, 3.5498E+00,-4.4800E-01, 2.4500E+00, 5.4565E-01, 5.7813E+00,-4.2236E-01, 6.1011E+00
"D                                                                                                                     "
  18030.330, -53969.660,-5.0415E-01, 3.6426E+00,-4.4800E-01, 2.4500E+00, 5.1392E-01, 5.7629E+00,-4.2358E-01, 6.1011E+00
"B                                                                                                                     "
  18032.460, -53967.530,-6.0181E-01, 3.5657E+00,-4.4556E-01, 2.4500E+00, 5.6030E-01, 5.7764E+00,-4.2603E-01, 6.1011E+00
"D                                                                                                                     "
  18044.010, -53955.980,-1.3550E-01, 4.0125E+00,-4.4312E-01, 2.4500E+00, 5.2612E-01, 5.7397E+00,-4.2480E-01, 6.1011E+00
"F2                                                                                                                    "
  18046.770, -53953.220,-1.2207E-03, 4.1785E+00,-4.4434E-01, 2.4500E+00, 5.6030E-01, 5.7764E+00,-4.2236E-01, 6.1011E+00
"B                                                                                                                     "
  18052.620, -53947.370,-2.0752E-01, 3.9355E+00,-4.4678E-01, 2.4500E+00, 5.2124E-01, 5.7556E+00,-4.2358E-01, 6.1011E+00
"C                                                                                                                     "
  18055.230, -53944.760, 5.4932E-02, 4.2529E+00,-4.4556E-01, 2.4500E+00, 5.2124E-01, 5.7605E+00,-4.2480E-01, 6.0999E+00
"G                                                                                                                     "
  19272.720, -52727.270, 1.8066E-01, 4.3152E+00,-4.3701E-01, 2.4597E+00, 7.1655E-01, 5.9460E+00,-4.2603E-01, 6.1011E+00
"B                                                                                                                     "
  19277.910, -52722.080, 4.2969E-01, 4.5276E+00,-4.3457E-01, 2.4597E+00, 7.0190E-01, 5.9192E+00,-4.2480E-01, 6.1011E+00
"C                                                                                                                     "
  19281.480, -52718.510, 4.2358E-01, 4.5618E+00,-4.3823E-01, 2.4597E+00, 6.7993E-01, 5.9106E+00,-4.2480E-01, 6.1011E+00
"B                                                                                                                     "
  19286.340, -52713.650, 6.7383E-01, 4.8914E+00,-4.3457E-01, 2.4597E+00, 7.3975E-01, 5.9668E+00,-4.2358E-01, 6.1011E+00
"C                                                                                                                     "
  19318.740, -52681.250, 6.5552E-01, 4.7717E+00,-4.3335E-01, 2.4585E+00, 6.6162E-01, 5.9229E+00,-4.2480E-01, 6.1011E+00
"D                                                                                                                     "
  19324.170, -52675.820, 3.1738E-01, 4.4800E+00,-4.3335E-01, 2.4585E+00, 6.7993E-01, 5.9094E+00,-4.2236E-01, 6.1011E+00
"F2                                                                                                                    "
  19326.330, -52673.660, 2.9053E-01, 4.3823E+00,-4.3579E-01, 2.4573E+00, 6.7505E-01, 5.8997E+00,-4.2480E-01, 6.1011E+00
"B                                                                                                                     "
  19329.630, -52670.360, 3.7231E-01, 4.5020E+00,-4.3457E-01, 2.4573E+00, 7.8247E-01, 5.9961E+00,-4.2480E-01, 6.1011E+00
"G                                                                                                                     "
  19461.990, -52538.000, 7.4585E-01, 4.9060E+00,-4.3213E-01, 2.4646E+00, 8.6426E-01, 6.1011E+00,-4.2480E-01, 6.0999E+00
"C                                                                                                                     "
  19467.060, -52532.930, 7.7759E-01, 4.8926E+00,-4.3091E-01, 2.4622E+00, 9.0942E-01, 6.1853E+00,-4.2603E-01, 6.0999E+00
"G                                                                                                                     "
  20156.820, -51843.170, 6.2256E-02, 4.1980E+00,-4.4678E-01, 2.4438E+00, 4.9805E-01, 5.7312E+00,-4.3091E-01, 6.0974E+00
"C                                                                                                                     "
  20189.670, -51810.320, 6.2134E-01, 4.7437E+00,-4.5044E-01, 2.4426E+00, 5.2368E-01, 5.7324E+00,-4.2725E-01, 6.0962E+00
"G                                                                                                                     "
  20215.620, -51784.370, 8.5938E-01, 4.9731E+00,-4.5166E-01, 2.4426E+00, 5.8838E-01, 5.8081E+00,-4.2847E-01, 6.0962E+00
"C                                                                                                                     "
  20227.410, -51772.580, 6.5308E-01, 4.7815E+00,-4.5410E-01, 2.4426E+00, 5.6519E-01, 5.7898E+00,-4.2847E-01, 6.0962E+00
"D                                                                                                                     "
  20241.450, -51758.540, 6.2500E-01, 4.7449E+00,-4.5166E-01, 2.4426E+00, 5.3467E-01, 5.7544E+00,-4.3335E-01, 6.0962E+00
"F2                                                                                                                    "
  20243.700, -51756.290, 3.5034E-01, 4.4702E+00,-4.5410E-01, 2.4438E+00, 4.9561E-01, 5.7422E+00,-4.2969E-01, 6.0950E+00
"F3                                                                                                                    "
  20248.080, -51751.910, 7.1411E-01, 4.8401E+00,-4.4800E-01, 2.4438E+00, 5.6274E-01, 5.7971E+00,-4.2969E-01, 6.0950E+00
"B                                                                                                                     "
  20254.290, -51745.700, 2.2571E+00, 5.9314E+00,-4.5166E-01, 2.4438E+00, 7.4463E-01, 5.9717E+00,-4.3335E-01, 6.0950E+00
"C                                                                                                                     "
  20254.860, -51745.130, 7.0923E-01, 4.8499E+00,-4.5166E-01, 2.4438E+00, 7.2510E-01, 5.9656E+00,-4.2969E-01, 6.0950E+00
"G                                                                                                                     "
  21509.550, -50490.440,-3.6621E-03, 4.0381E+00,-4.4556E-01, 2.4475E+00, 6.6528E-01, 5.8850E+00,-4.2358E-01, 6.1011E+00
"G                                                                                                                     "
  21525.810, -50474.180, 3.6621E-01, 4.4885E+00,-4.4678E-01, 2.4475E+00, 6.4087E-01, 5.8557E+00,-4.2358E-01, 6.1023E+00
"C                                                                                                                     "
  21528.990, -50471.000, 4.2114E-01, 4.5154E+00,-4.4922E-01, 2.4475E+00, 6.0547E-01, 5.8350E+00,-4.2480E-01, 6.1011E+00
"F2                                                                                                                    "
  21531.540, -50468.450,-4.5166E-02, 4.3091E+00,-4.4800E-01, 2.4475E+00, 6.3599E-01, 5.8630E+00,-4.2603E-01, 6.1011E+00
"B                                                                                                                     "
  21532.830, -50467.160, 5.7861E-01, 4.7156E+00,-4.4678E-01, 2.4475E+00, 5.7251E-01, 5.8264E+00,-4.2603E-01, 6.1011E+00
"C                                                                                                                     "
  21543.600, -50456.390, 8.4351E-01, 4.9585E+00,-4.4556E-01, 2.4475E+00, 7.2021E-01, 5.9351E+00,-4.2480E-01, 6.1011E+00
"D                                                                                                                     "
  21561.930, -50438.060, 5.7617E-01, 4.7021E+00,-4.4434E-01, 2.4475E+00, 6.4819E-01, 5.8826E+00,-4.2480E-01, 6.1011E+00
"F2                                                                                                                    "
  21564.630, -50435.360, 5.4688E-01, 4.6106E+00,-4.4556E-01, 2.4475E+00, 6.6650E-01, 5.8801E+00,-4.2725E-01, 6.1011E+00
"B                                                                                                                     "
  21568.110, -50431.880, 5.6030E-01, 4.6851E+00,-4.4800E-01, 2.4475E+00, 6.4575E-01, 5.8850E+00,-4.2725E-01, 6.1011E+00
"C                                                                                                                     "
  21574.170, -50425.820, 4.1870E-01, 4.5801E+00,-4.4800E-01, 2.4475E+00, 6.3599E-01, 5.8545E+00,-4.2236E-01, 6.1011E+00
"D                                                                                                                     "
  21590.520, -50409.470, 7.8491E-01, 4.9683E+00,-4.4678E-01, 2.4463E+00, 6.6040E-01, 5.8813E+00,-4.2236E-01, 6.1011E+00
"B                                                                                                                     "
  21592.590, -50407.400, 1.0876E+00, 5.0415E+00,-4.4800E-01, 2.4475E+00, 6.0913E-01, 5.8264E+00,-4.2603E-01, 6.1011E+00
"C                                                                                                                     "
  21598.920, -50401.070, 6.2134E-01, 4.7412E+00,-4.4800E-01, 2.4475E+00, 5.8472E-01, 5.8057E+00,-4.2603E-01, 6.0999E+00
"D                                                                                                                     "
  21635.520, -50364.470, 7.2632E-01, 4.8547E+00,-4.4800E-01, 2.4463E+00, 7.8369E-01, 6.0071E+00,-4.2603E-01, 6.0999E+00
"F2                                                                                                                    "
  21639.750, -50360.240, 7.2998E-01, 4.8718E+00,-4.4800E-01, 2.4475E+00, 7.1899E-01, 5.9485E+00,-4.2725E-01, 6.0999E+00
"B                                                                                                                     "
  21641.790, -50358.200, 7.8247E-01, 4.9121E+00,-4.4800E-01, 2.4475E+00, 6.9580E-01, 5.9314E+00,-4.2847E-01, 6.0999E+00
"C                                                                                                                     "
  21643.800, -50356.190, 8.0078E-01, 4.9243E+00,-4.4800E-01, 2.4475E+00, 7.0068E-01, 5.9363E+00,-4.2480E-01, 6.0999E+00
"G                                                                                                                     "
  22469.640, -49530.350,-6.1768E-01, 3.5291E+00,-4.4678E-01, 2.4475E+00, 6.8970E-01, 5.9155E+00,-4.2725E-01, 6.0999E+00
"B                                                                                                                     "
  22472.820, -49527.170, 3.2715E-01, 4.4385E+00,-4.4678E-01, 2.4475E+00, 7.2388E-01, 5.9546E+00,-4.2725E-01, 6.0999E+00
"D                                                                                                                     "
  22475.370, -49524.620, 1.5259E-01, 4.3237E+00,-4.4922E-01, 2.4463E+00, 6.8115E-01, 5.9106E+00,-4.2725E-01, 6.0986E+00
"FB                                                                                                                    "
  22477.590, -49522.400, 7.1777E-01, 4.7839E+00,-4.5044E-01, 2.4463E+00, 7.5806E-01, 5.9973E+00,-4.2603E-01, 6.0986E+00
"C                                                                                                                     "
  22494.540, -49505.450, 3.3203E-01, 4.4751E+00,-4.4922E-01, 2.4463E+00, 7.2388E-01, 5.9534E+00,-4.2603E-01, 6.0986E+00
"D                                                                                                                     "
  22499.820, -49500.170, 2.8076E-01, 4.5520E+00,-4.4800E-01, 2.4463E+00, 7.3120E-01, 5.9351E+00,-4.2480E-01, 6.0986E+00
"F2                                                                                                                    "
  22501.980, -49498.010, 1.5869E-01, 4.3274E+00,-4.4800E-01, 2.4463E+00, 7.2144E-01, 5.9314E+00,-4.2725E-01, 6.0986E+00
"B                                                                                                                     "
  22505.790, -49494.200, 3.1738E-01, 4.4360E+00,-4.5044E-01, 2.4463E+00, 7.2510E-01, 5.9546E+00,-4.2480E-01, 6.0986E+00
"C                                                                                                                     "
  22523.490, -49476.500, 3.1982E-01, 4.4458E+00,-4.4800E-01, 2.4463E+00, 6.0791E-01, 5.8264E+00,-4.2480E-01, 6.0986E+00
"B                                                                                                                     "
  22526.490, -49473.500, 5.6885E-01, 4.8413E+00,-4.5044E-01, 2.4463E+00, 5.8838E-01, 5.8276E+00,-4.2847E-01, 6.0986E+00
"C                                                                                                                     "
  22533.420, -49466.570, 4.4800E-01, 4.5740E+00,-4.5044E-01, 2.4463E+00, 5.4688E-01, 5.7776E+00,-4.2603E-01, 6.0986E+00
"DG                                                                                                                    "
  22607.100, -49392.890, 7.8735E-01, 4.9255E+00,-4.4678E-01, 2.4463E+00, 5.8228E-01, 5.8057E+00,-4.2480E-01, 6.0986E+00
"F2                                                                                                                    "
  22609.080, -49390.910, 1.1963E-01, 4.2480E+00,-4.4800E-01, 2.4463E+00, 5.4810E-01, 5.7715E+00,-4.2603E-01, 6.0986E+00
"B                                                                                                                     "
  22617.870, -49382.120, 6.6162E-01, 4.8230E+00,-4.4800E-01, 2.4463E+00, 5.8594E-01, 5.8118E+00,-4.3091E-01, 6.0986E+00
"C                                                                                                                     "
  22624.620, -49375.370, 5.3589E-01, 4.6582E+00,-4.4922E-01, 2.4463E+00, 6.3721E-01, 5.8594E+00,-4.2603E-01, 6.0986E+00
"G                                                                                                                     "
  24130.830, -47869.160, 2.4780E-01, 4.3835E+00,-4.4556E-01, 2.4500E+00, 6.4087E-01, 5.9045E+00,-4.2114E-01, 6.1035E+00
"F2                                                                                                                    "
  24132.180, -47866.760, 8.5449E-03, 4.1711E+00,-4.4678E-01, 2.4500E+00, 7.1167E-01, 5.9412E+00,-4.2236E-01, 6.1035E+00
"F3                                                                                                                    "
  24133.260, -47866.760, 8.5449E-03, 4.1711E+00,-4.4678E-01, 2.4500E+00, 7.1167E-01, 5.9412E+00,-4.2236E-01, 6.1035E+00
"F4                                                                                                                    "
  24134.670, -47865.320, 4.4922E-01, 4.4690E+00,-4.4312E-01, 2.4500E+00, 6.8359E-01, 5.9094E+00,-4.2236E-01, 6.1035E+00
"C                                                                                                                     "
  24148.650, -47851.340, 2.7344E-01, 4.4934E+00,-4.4189E-01, 2.4500E+00, 5.8716E-01, 5.8203E+00,-4.2358E-01, 6.1023E+00
"D                                                                                                                     "
  24152.190, -47847.800, 2.2705E-01, 4.3567E+00,-4.4434E-01, 2.4500E+00, 6.1646E-01, 5.8459E+00,-4.2236E-01, 6.1023E+00
"B                                                                                                                     "
  24156.990, -47843.000, 4.6265E-01, 4.6008E+00,-4.4800E-01, 2.4500E+00, 7.4707E-01, 5.9802E+00,-4.2236E-01, 6.1023E+00
"C                                                                                                                     "
  24160.530, -47839.460, 5.9570E-01, 4.7241E+00,-4.4556E-01, 2.4500E+00, 7.0801E-01, 5.9351E+00,-4.1992E-01, 6.1023E+00
"B                                                                                                                     "
  24164.250, -47835.740, 3.4546E-01, 4.5068E+00,-4.4678E-01, 2.4500E+00, 5.6763E-01, 5.8057E+00,-4.2236E-01, 6.1023E+00
"C                                                                                                                     "
  24183.030, -47816.960, 5.8960E-01, 4.7070E+00,-4.4189E-01, 2.4500E+00, 6.3843E-01, 5.8777E+00,-4.2236E-01, 6.1023E+00
"DG                                                                                                                    "
  24222.120, -47777.870, 7.9468E-01, 4.9097E+00,-4.4800E-01, 2.4487E+00, 8.2886E-01, 6.0498E+00,-4.2603E-01, 6.1011E+00
"G                                                                                                                     "
  25265.400, -46734.590,-4.9072E-01, 3.7634E+00,-4.4678E-01, 2.4487E+00, 7.8491E-01, 5.9973E+00,-4.2480E-01, 6.1011E+00
"C                                                                                                                     "
  25270.380, -46729.610, 3.7231E-01, 4.5105E+00,-4.4678E-01, 2.4500E+00, 7.8613E-01, 6.0828E+00,-4.2480E-01, 6.1011E+00
"DG                                                                                                                    "
  25287.420, -46712.570,-5.6763E-01, 3.6108E+00,-4.4922E-01, 2.4487E+00, 9.5459E-01, 6.1304E+00,-4.2480E-01, 6.1011E+00
"C'                                                                                                                    "
  25304.370, -46695.620, 7.5195E-01, 4.8804E+00,-4.4922E-01, 2.4487E+00, 9.4238E-01, 6.1951E+00,-4.2480E-01, 6.1011E+00
"F2                                                                                                                    "
  25308.930, -46691.060, 7.4951E-01, 4.8706E+00,-4.4922E-01, 2.4487E+00, 6.9458E-01, 5.9143E+00,-4.2480E-01, 6.1011E+00
"B                                                                                                                     "
  25318.860, -46681.130, 1.0242E+00, 4.9292E+00,-4.4678E-01, 2.4487E+00, 7.3364E-01, 5.9583E+00,-4.2480E-01, 6.1011E+00
"C                                                                                                                     "
  25325.850, -46674.140, 1.0095E+00, 5.1392E+00,-4.4678E-01, 2.4487E+00, 8.2031E-01, 6.0486E+00,-4.2603E-01, 6.0999E+00
"G                                                                                                                     "
  25354.650, -46645.340, 1.0583E+00, 5.1501E+00,-4.4800E-01, 2.4487E+00, 7.6294E-01, 5.9863E+00,-4.2847E-01, 6.0999E+00
"F2                                                                                                                    "
  25356.660, -46643.330, 2.0630E-01, 4.3311E+00,-4.4800E-01, 2.4475E+00, 8.7158E-01, 6.0852E+00,-4.2480E-01, 6.0999E+00
"G                                                                                                                     "
  26605.560, -45394.430, 8.1787E-02, 4.2322E+00,-4.5044E-01, 2.4463E+00, 4.1016E-01, 5.6384E+00,-4.2969E-01, 6.0974E+00
"C                                                                                                                     "
  26611.350, -45388.640, 4.7974E-01, 4.6143E+00,-4.5166E-01, 2.4463E+00, 3.9429E-01, 5.6287E+00,-4.2725E-01, 6.0974E+00
"D                                                                                                                     "
  26624.280, -45375.710, 1.4282E-01, 4.3115E+00,-4.4922E-01, 2.4463E+00, 4.1992E-01, 5.6689E+00,-4.2847E-01, 6.0974E+00
"C                                                                                                                     "
  26629.110, -45370.880, 4.5410E-01, 4.5923E+00,-4.5044E-01, 2.4463E+00, 4.1504E-01, 5.6482E+00,-4.2847E-01, 6.0974E+00
"G                                                                                                                     "
  26651.550, -45348.440, 3.1250E-01, 4.4495E+00,-4.4922E-01, 2.4463E+00, 4.7852E-01, 5.6934E+00,-4.3091E-01, 6.0962E+00
"F2                                                                                                                    "
  26655.720, -45344.270, 1.3794E-01, 4.1638E+00,-4.5044E-01, 2.4451E+00, 4.3579E-01, 5.6665E+00,-4.2969E-01, 6.0962E+00
"B                                                                                                                     "
  26656.530, -45343.460,-2.3682E-01, 4.0955E+00,-4.5288E-01, 2.4451E+00, 3.9795E-01, 5.6592E+00,-4.2969E-01, 6.0962E+00
"C                                                                                                                     "
  26662.020, -45337.970, 5.4199E-01, 4.6533E+00,-4.5288E-01, 2.4463E+00, 4.1382E-01, 5.6531E+00,-4.3091E-01, 6.0962E+00
"D                                                                                                                     "
  26744.490, -45255.500,-6.7139E-02, 4.1614E+00,-4.5288E-01, 2.4451E+00, 3.4180E-01, 5.5627E+00,-4.3091E-01, 6.0950E+00
"B                                                                                                                     "
  26746.470, -45253.520, 2.0386E-01, 4.3262E+00,-4.5532E-01, 2.4451E+00, 3.3081E-01, 5.5640E+00,-4.3091E-01, 6.0950E+00
"C                                                                                                                     "
  26748.150, -45251.840, 3.1494E-01, 4.4470E+00,-4.5166E-01, 2.4451E+00, 3.1250E-01, 5.5383E+00,-4.3213E-01, 6.0962E+00
"D                                                                                                                     "
  26794.650, -45205.340, 1.3306E-01, 4.2883E+00,-4.5288E-01, 2.4438E+00, 4.0527E-01, 5.6482E+00,-4.3335E-01, 6.0950E+00
"F2                                                                                                                    "
  25633.110, -45202.850, 2.6123E-01, 4.4043E+00,-4.5288E-01, 2.4438E+00, 3.9307E-01, 5.6274E+00,-4.3213E-01, 6.0950E+00
"F3                                                                                                                    "
  26733.590, -45201.950, 0.0000E+00, 4.1467E+00,-4.5410E-01, 2.4438E+00, 4.1748E-01, 5.6519E+00,-4.3091E-01, 6.0950E+00
"F4                                                                                                                    "
  25644.210, -45201.950, 0.0000E+00, 4.1467E+00,-4.5410E-01, 2.4438E+00, 4.1748E-01, 5.6519E+00,-4.3091E-01, 6.0950E+00
"G                                                                                                                    "
  26601.390, -45201.950, 0.0000E+00, 4.1467E+00,-4.5410E-01, 2.4438E+00, 4.1748E-01, 5.6519E+00,-4.3091E-01, 6.0950E+00
"B                                                                                                                    "
  26605.500, -45202.850, 2.6123E-01, 4.4043E+00,-4.5288E-01, 2.4438E+00, 3.9307E-01, 5.6274E+00,-4.3213E-01, 6.0950E+00
"C                                                                                                                    "
  26613.660, -45202.850, 2.6123E-01, 4.4043E+00,-4.5288E-01, 2.4438E+00, 3.9307E-01, 5.6274E+00,-4.3213E-01, 6.0950E+00
"B                                                                                                                    "
  26617.200, -45202.850, 2.6123E-01, 4.4043E+00,-4.5288E-01, 2.4438E+00, 3.9307E-01, 5.6274E+00,-4.3213E-01, 6.0950E+00
"DC                                                                                                                    "
  26650.740, -45202.850, 2.6123E-01, 4.4043E+00,-4.5288E-01, 2.4438E+00, 3.9307E-01, 5.6274E+00,-4.3213E-01, 6.0950E+00
"B                                                                                                                    "
  26656.620, -45202.850, 2.6123E-01, 4.4043E+00,-4.5288E-01, 2.4438E+00, 3.9307E-01, 5.6274E+00,-4.3213E-01, 6.0950E+00
"C                                                                                                                    "
  26671.740, -45202.850, 2.6123E-01, 4.4043E+00,-4.5288E-01, 2.4438E+00, 3.9307E-01, 5.6274E+00,-4.3213E-01, 6.0950E+00
"D                                                                                                                    "
  26741.130, -45202.850, 2.6123E-01, 4.4043E+00,-4.5288E-01, 2.4438E+00, 3.9307E-01, 5.6274E+00,-4.3213E-01, 6.0950E+00
"F2                                                                                                                    "
  26742.960, -45202.850, 2.6123E-01, 4.4043E+00,-4.5288E-01, 2.4438E+00, 3.9307E-01, 5.6274E+00,-4.3213E-01, 6.0950E+00
"B                                                                                                                    "
  26746.650, -45202.850, 2.6123E-01, 4.4043E+00,-4.5288E-01, 2.4438E+00, 3.9307E-01, 5.6274E+00,-4.3213E-01, 6.0950E+00
"C                                                                                                                    "
  26749.020, -45202.850, 2.6123E-01, 4.4043E+00,-4.5288E-01, 2.4438E+00, 3.9307E-01, 5.6274E+00,-4.3213E-01, 6.0950E+00
"D                                                                                                                    "
  26794.800, -45202.850, 2.6123E-01, 4.4043E+00,-4.5288E-01, 2.4438E+00, 3.9307E-01, 5.6274E+00,-4.3213E-01, 6.0950E+00
"F2                                                                                                                    "
  26798.010, -45202.850, 2.6123E-01, 4.4043E+00,-4.5288E-01, 2.4438E+00, 3.9307E-01, 5.6274E+00,-4.3213E-01, 6.0950E+00
"B                                                                                                                    "
  26800.4650, -45199.520,-1.7090E-02, 4.1016E+00,-4.5166E-01, 2.4451E+00, 4.0283E-01, 5.6201E+00,-4.3091E-01, 6.0950E+00
"C                                                                                                                     "
  26801.850, -45197.240, 1.7944E-01, 4.3188E+00,-4.5044E-01, 2.4451E+00, 3.8452E-01, 5.6213E+00,-4.2847E-01, 6.0950E+00
"B                                                                                                                     "
  26802.810, -45192.710, 2.1362E-01, 4.3726E+00,-4.5166E-01, 2.4451E+00, 4.4800E-01, 5.7178E+00,-4.3091E-01, 6.0950E+00
"F2                                                                                                                    "
  26806.440, -45202.850, 2.6123E-01, 4.4043E+00,-4.5288E-01, 2.4438E+00, 3.9307E-01, 5.6274E+00,-4.3213E-01, 6.0950E+00
"B                                                                                                                    "
  26808.000, -45202.850, 2.6123E-01, 4.4043E+00,-4.5288E-01, 2.4438E+00, 3.9307E-01, 5.6274E+00,-4.3213E-01, 6.0950E+00
"F4                                                                                                                    "
  26809.710, -45202.850, 2.6123E-01, 4.4043E+00,-4.5288E-01, 2.4438E+00, 3.9307E-01, 5.6274E+00,-4.3213E-01, 6.0950E+00
"C                                                                                                                    "
  26813.460, -45202.850, 2.6123E-01, 4.4043E+00,-4.5288E-01, 2.4438E+00, 3.9307E-01, 5.6274E+00,-4.3213E-01, 6.0950E+00
"F1                                                                                                                    "
  26813.970, -45202.850, 2.6123E-01, 4.4043E+00,-4.5288E-01, 2.4438E+00, 3.9307E-01, 5.6274E+00,-4.3213E-01, 6.0950E+00
"F2                                                                                                                    "
  26817.000, -45182.990, 1.9897E-01, 4.4141E+00,-4.5166E-01, 2.4438E+00, 3.9429E-01, 5.6274E+00,-4.3335E-01, 6.0938E+00
"B                                                                                                                     "
  26820.600, -45179.390, 3.8696E-01, 4.4897E+00,-4.5288E-01, 2.4451E+00, 3.8818E-01, 5.6287E+00,-4.3213E-01, 6.0950E+00
"F4                                                                                                                    "
  26821.230, -45178.760, 3.4180E-01, 4.4641E+00,-4.5166E-01, 2.4438E+00, 3.6987E-01, 5.5945E+00,-4.3091E-01, 6.0950E+00
"D                                                                                                                     "
  26832.240, -45167.750, 3.8696E-01, 4.5239E+00,-4.5166E-01, 2.4438E+00, 3.6743E-01, 5.5957E+00,-4.3457E-01, 6.0938E+00
"C                                                                                                                    "
  26832.210, -45202.850, 2.6123E-01, 4.4043E+00,-4.5288E-01, 2.4438E+00, 3.9307E-01, 5.6274E+00,-4.3213E-01, 6.0950E+00
"D                                                                                                                     "
  26904.450, -45095.540, 4.8828E-01, 4.6277E+00,-4.5410E-01, 2.4426E+00, 3.8696E-01, 5.6274E+00,-4.3457E-01, 6.0925E+00
"F2                                                                                                                    "
  26908.680, -45091.310, 2.5269E-01, 4.3884E+00,-4.5166E-01, 2.4438E+00, 4.1016E-01, 5.6262E+00,-4.3335E-01, 6.0938E+00
"B                                                                                                                     "
  26910.960, -45089.030, 7.7148E-01, 4.9536E+00,-4.5410E-01, 2.4426E+00, 4.7363E-01, 5.7043E+00,-4.3457E-01, 6.0938E+00
"C                                                                                                                     "
  26912.070, -45087.920, 8.1421E-01, 5.1575E+00,-4.5410E-01, 2.4438E+00, 5.4077E-01, 5.7495E+00,-4.3457E-01, 6.0938E+00
"D                                                                                                                     "
  26996.670, -45003.320, 1.1755E+00, 5.0659E+00,-4.5166E-01, 2.4426E+00, 4.3701E-01, 5.6543E+00,-4.3335E-01, 6.0913E+00
"F1                                                                                                                    "
  26999.940, -45000.050, 5.6519E-01, 4.8303E+00,-4.5288E-01, 2.4426E+00, 3.3447E-01, 5.5737E+00,-4.3579E-01, 6.0913E+00
"F2                                                                                                                    "
  27002.250, -44997.740, 7.9956E-01, 4.9561E+00,-4.5654E-01, 2.4414E+00, 3.5767E-01, 5.6006E+00,-4.3701E-01, 6.0913E+00
"F3                                                                                                                    "
  27008.340, -44991.650, 7.3730E-01, 4.8755E+00,-4.5410E-01, 2.4426E+00, 3.3081E-01, 5.5640E+00,-4.3335E-01, 6.0913E+00
"F4                                                                                                                    "
  27012.120, -44987.870, 3.2349E-01, 4.4800E+00,-4.5532E-01, 2.4414E+00, 4.0771E-01, 5.6348E+00,-4.3457E-01, 6.0913E+00
"B                                                                                                                     "
  27015.000, -44984.990, 5.2002E-01, 4.6545E+00,-4.5410E-01, 2.4426E+00, 4.1382E-01, 5.6335E+00,-4.3213E-01, 6.0938E+00
"C                                                                                                                     "
  27015.660, -44984.330, 8.5449E-01, 4.9683E+00,-4.5532E-01, 2.4426E+00, 4.0161E-01, 5.6348E+00,-4.3335E-01, 6.0925E+00
"D                                                                                                                     "
  27030.810, -44969.180, 7.2510E-01, 4.8413E+00,-4.5288E-01, 2.4426E+00, 4.1992E-01, 5.6458E+00,-4.3579E-01, 6.0913E+00
"C                                                                                                                     "
  27032.250, -44967.740, 7.6416E-01, 4.8938E+00,-4.5288E-01, 2.4414E+00, 4.2969E-01, 5.6604E+00,-4.3457E-01, 6.0925E+00
"D                                                                                                                     "
  27387.720, -44612.270, 1.0596E+00, 5.1611E+00,-4.5044E-01, 2.4463E+00, 4.6509E-01, 5.6970E+00,-4.2847E-01, 6.0986E+00
"C                                                                                                                     "
  27390.330, -44609.660, 9.3750E-01, 5.0635E+00,-4.5044E-01, 2.4463E+00, 5.8228E-01, 5.8069E+00,-4.2603E-01, 6.0986E+00
"F2                                                                                                                    "
  27394.020, -44605.970, 7.3242E-01, 4.8206E+00,-4.4800E-01, 2.4463E+00, 5.4810E-01, 5.7629E+00,-4.2480E-01, 6.0999E+00
"B                                                                                                                     "
  27394.890, -44605.100, 1.2720E+00, 5.4272E+00,-4.5044E-01, 2.4463E+00, 4.5288E-01, 5.6799E+00,-4.2603E-01, 6.0986E+00
"D                                                                                                                     "
  27669.750, -44330.240, 1.1975E+00, 5.3259E+00,-4.4800E-01, 2.4487E+00, 3.9551E-01, 5.6226E+00,-4.2480E-01, 6.1011E+00
"F2                                                                                                                    "
  27673.200, -44326.790, 1.0632E+00, 5.2002E+00,-4.4800E-01, 2.4487E+00, 3.6743E-01, 5.6055E+00,-4.2480E-01, 6.1023E+00
"B                                                                                                                     "
  27680.100, -44319.890, 1.3965E+00, 5.5042E+00,-4.4922E-01, 2.4487E+00, 4.3213E-01, 5.6787E+00,-4.1992E-01, 6.1011E+00
"C                                                                                                                     "
  27681.330, -44318.660, 1.3733E+00, 5.4956E+00,-4.4800E-01, 2.4487E+00, 4.4800E-01, 5.7080E+00,-4.2358E-01, 6.1023E+00
"DG                                                                                                                    "
  27809.490, -44190.500, 1.3855E+00, 5.4980E+00,-4.5044E-01, 2.4487E+00, 3.8086E-01, 5.6079E+00,-4.2358E-01, 6.1011E+00
"G                                                                                                                     "
  30169.320, -41830.670, 2.3315E-01, 4.3127E+00,-4.4678E-01, 2.4487E+00, 2.5635E-01, 5.5188E+00,-4.2358E-01, 6.1023E+00
"C                                                                                                                     "
  30182.880, -41817.110,-1.4648E-02, 4.1223E+00,-4.4556E-01, 2.4500E+00, 3.7964E-01, 5.5896E+00,-4.2358E-01, 6.1035E+00
"F2                                                                                                                    "
  30184.050, -41815.940,-9.1553E-02, 4.0930E+00,-4.4800E-01, 2.4500E+00, 2.8931E-01, 5.5408E+00,-4.2358E-01, 6.1035E+00
"FB                                                                                                                    "
  30186.510, -41813.480,-1.3428E-02, 4.4470E+00,-4.4678E-01, 2.4500E+00, 3.4180E-01, 5.5701E+00,-4.2114E-01, 6.1035E+00
"B                                                                                                                     "
  30188.070, -41811.920, 1.8066E-01, 4.3396E+00,-4.4800E-01, 2.4500E+00, 3.4302E-01, 5.5798E+00,-4.2358E-01, 6.1023E+00
"C                                                                                                                     "
  30210.900, -41789.090, 9.5215E-02, 4.2090E+00,-4.4556E-01, 2.4500E+00, 2.1729E-01, 5.4382E+00,-4.2480E-01, 6.1035E+00
"F2                                                                                                                    "
  30214.440, -41785.550, 4.3945E-01, 4.4519E+00,-4.4800E-01, 2.4500E+00, 1.6968E-01, 5.4224E+00,-4.2236E-01, 6.1035E+00
"B                                                                                                                     "
  30214.830, -41785.160, 2.0508E-01, 4.3250E+00,-4.4678E-01, 2.4500E+00, 2.3682E-01, 5.4688E+00,-4.2480E-01, 6.1023E+00
"G                                                                                                                     "
  31223.670, -40776.320, 1.1230E-01, 4.2566E+00,-4.5044E-01, 2.4463E+00, 2.5757E-01, 5.4822E+00,-4.2969E-01, 6.0962E+00
"C                                                                                                                     "
  31236.120, -40763.870, 5.4810E-01, 4.6802E+00,-4.5044E-01, 2.4463E+00, 3.2593E-01, 5.5798E+00,-4.2969E-01, 6.0962E+00
"F2                                                                                                                    "
  31240.420, -40761.830, 4.3945E-02, 4.2029E+00,-4.5044E-01, 2.4463E+00, 4.2480E-01, 5.6763E+00,-4.2969E-01, 6.0974E+00
"F4                                                                                                                    "
  31240.560, -40759.430,-1.6968E-01, 3.9722E+00,-4.5166E-01, 2.4463E+00, 4.7241E-01, 5.6335E+00,-4.3335E-01, 6.0962E+00
"B                                                                                                                     "
  31241.490, -40758.500, 4.7607E-02, 4.2651E+00,-4.4922E-01, 2.4463E+00, 3.7231E-01, 5.5945E+00,-4.2969E-01, 6.0974E+00
"C                                                                                                                     "
  31242.060, -40757.930, 2.0874E-01, 4.4177E+00,-4.5288E-01, 2.4451E+00, 4.7119E-01, 5.7141E+00,-4.2847E-01, 6.0962E+00
"F4                                                                                                                    "
  31243.680, -40756.310, 4.0039E-01, 4.7534E+00,-4.5288E-01, 2.4451E+00, 4.2725E-01, 5.6531E+00,-4.2969E-01, 6.0974E+00
"C                                                                                                                     "
  31283.160, -40716.830, 1.6479E-01, 4.3176E+00,-4.4922E-01, 2.4451E+00, 2.0508E-01, 5.4456E+00,-4.3213E-01, 6.0962E+00
"F2                                                                                                                    "
  31287.150, -40712.840, 4.6875E-01, 4.5886E+00,-4.5288E-01, 2.4451E+00, 2.0142E-01, 5.4431E+00,-4.3091E-01, 6.0962E+00
"B                                                                                                                     "
  31288.260, -40711.730, 4.6753E-01, 4.5886E+00,-4.5166E-01, 2.4463E+00, 4.5044E-01, 5.6445E+00,-4.2847E-01, 6.0962E+00
"D                                                                                                                     "
  31317.360, -40682.630, 7.9834E-01, 4.9231E+00,-4.5410E-01, 2.4451E+00, 2.5879E-01, 5.4993E+00,-4.3335E-01, 6.0962E+00
"G                                                                                                                     "
  31543.350, -40456.640, 1.7944E-01, 4.3225E+00,-4.5044E-01, 2.4438E+00, 2.0142E-01, 5.4626E+00,-4.3335E-01, 6.0950E+00
"F2                                                                                                                    "
  31547.580, -40452.410, 3.5889E-01, 4.4885E+00,-4.5166E-01, 2.4438E+00, 2.1851E-01, 5.4651E+00,-4.2847E-01, 6.0950E+00
"FB                                                                                                                    "
  31550.530, -40450.160, 4.2969E-01, 4.5667E+00,-4.5044E-01, 2.4451E+00, 3.6621E-01, 5.6238E+00,-4.2969E-01, 6.0962E+00
"F2                                                                                                                    "
  31550.190, -40446.500, 7.6904E-01, 4.8889E+00,-4.5288E-01, 2.4438E+00, 3.4912E-01, 5.5774E+00,-4.3091E-01, 6.0950E+00
"C                                                                                                                     "
  31567.890, -40432.100, 5.7739E-01, 4.7131E+00,-4.5044E-01, 2.4451E+00, 2.0874E-01, 5.4456E+00,-4.3213E-01, 6.0962E+00
"DG                                                                                                                    "
  31615.530, -40384.460, 5.2734E-01, 4.6521E+00,-4.5166E-01, 2.4451E+00, 2.8687E-01, 5.5078E+00,-4.2969E-01, 6.0950E+00
"G                                                                                                                     "
  32536.290, -39463.700, 4.7607E-02, 4.1663E+00,-4.3945E-01, 2.4561E+00, 6.2988E-01, 5.8496E+00,-4.1626E-01, 6.1108E+00
"D                                                                                                                     "
  32538.450, -39461.540, 9.6436E-02, 4.2236E+00,-4.4189E-01, 2.4548E+00, 5.5176E-01, 5.7727E+00,-4.1870E-01, 6.1096E+00
"B                                                                                                                     "
  32542.050, -39457.940, 7.6904E-02, 4.1968E+00,-4.3701E-01, 2.4561E+00, 5.1636E-01, 5.7593E+00,-4.1504E-01, 6.1096E+00
"CG                                                                                                                    "
  32619.420, -39380.570, 3.0640E-01, 4.4360E+00,-4.3945E-01, 2.4561E+00, 5.1514E-01, 5.7300E+00,-4.1504E-01, 6.1096E+00
"D                                                                                                                     "
  32621.190, -39378.800, 5.6030E-01, 4.6899E+00,-4.4189E-01, 2.4561E+00, 6.1279E-01, 5.8362E+00,-4.1748E-01, 6.1096E+00
"G                                                                                                                     "
  34034.130, -37965.860, 5.2490E-02, 4.1748E+00,-4.4312E-01, 2.4524E+00, 6.0303E-01, 5.8398E+00,-4.2358E-01, 6.1023E+00
"C                                                                                                                     "
  34046.160, -37953.830,-3.6621E-03, 4.1125E+00,-4.4434E-01, 2.4524E+00, 2.6855E-01, 5.4932E+00,-4.2236E-01, 6.1023E+00
"F2                                                                                                                    "
  34049.370, -37950.620, 1.2451E-01, 4.2627E+00,-4.4189E-01, 2.4536E+00, 3.2349E-01, 5.5505E+00,-4.2236E-01, 6.1023E+00
"B                                                                                                                     "
  34051.350, -37948.640, 1.1719E-01, 4.3005E+00,-4.4189E-01, 2.4512E+00, 2.6367E-01, 5.4980E+00,-4.2236E-01, 6.1023E+00
"C                                                                                                                     "
  34066.170, -37933.820,-7.9346E-02, 4.0540E+00,-4.4312E-01, 2.4524E+00, 1.0864E-01, 5.3503E+00,-4.2236E-01, 6.1023E+00
"G                                                                                                                     "
  34077.360, -37922.630, 3.0518E-02, 4.1650E+00,-4.4434E-01, 2.4524E+00, 1.3672E-01, 5.3674E+00,-4.2358E-01, 6.1023E+00
"F2                                                                                                                    "
  34080.000, -37919.990, 8.3008E-02, 4.1345E+00,-4.4556E-01, 2.4512E+00, 1.3916E-01, 5.3723E+00,-4.2603E-01, 6.1023E+00
"F3                                                                                                                    "
  34082.520, -37917.470,-2.8687E-01, 3.8794E+00,-4.4800E-01, 2.4524E+00, 1.7212E-01, 5.4126E+00,-4.2480E-01, 6.1023E+00
"F4                                                                                                                    "
  34084.170, -37915.820, 3.1738E-02, 4.1602E+00,-4.4312E-01, 2.4524E+00, 1.5991E-01, 5.3979E+00,-4.2603E-01, 6.1023E+00
"B                                                                                                                     "
  34085.940, -37914.050, 1.4172E+00, 5.4431E+00,-4.4678E-01, 2.4524E+00, 1.4038E-01, 5.3833E+00,-4.2358E-01, 6.1023E+00
"C                                                                                                                     "
  34086.750, -37913.240, 1.5503E-01, 4.2896E+00,-4.4067E-01, 2.4524E+00, 1.4526E-01, 5.3711E+00,-4.2236E-01, 6.1023E+00
"G                                                                                                                     "
  34814.970, -37185.020,-1.3306E-01, 4.0039E+00,-4.4434E-01, 2.4524E+00, 1.6113E-01, 5.4089E+00,-4.2358E-01, 6.1023E+00
"C                                                                                                                     "
  34815.810, -37184.180, 7.3242E-02, 4.1943E+00,-4.4434E-01, 2.4524E+00, 2.0142E-01, 5.4199E+00,-4.2358E-01, 6.1023E+00
"G                                                                                                                     "
  34836.480, -37163.510,-3.5156E-01, 3.7927E+00,-4.4556E-01, 2.4524E+00, 4.6265E-01, 5.6946E+00,-4.2603E-01, 6.1023E+00
"DG                                                                                                                    "
  34870.230, -37129.760, 6.5186E-01, 4.7693E+00,-4.4312E-01, 2.4512E+00, 2.8809E-01, 5.5139E+00,-4.2603E-01, 6.1011E+00
"C                                                                                                                     "
  34882.920, -37117.070, 2.1851E-01, 4.3066E+00,-4.4678E-01, 2.4512E+00, 1.5259E-01, 5.3674E+00,-4.2480E-01, 6.1023E+00
"D                                                                                                                     "
  34896.570, -37103.420, 4.1748E-01, 4.5435E+00,-4.4434E-01, 2.4524E+00, 1.2207E-03, 5.2380E+00,-4.2358E-01, 6.1023E+00
"F2                                                                                                                    "
  34899.630, -37100.360,-2.2705E-01, 3.9661E+00,-4.4434E-01, 2.4524E+00, 1.1963E-01, 5.3735E+00,-4.2236E-01, 6.1023E+00
"G                                                                                                                     "
  35852.970, -36147.020,-3.3447E-01, 3.8025E+00,-4.4556E-01, 2.4536E+00, 5.6152E-01, 5.7910E+00,-4.2236E-01, 6.1047E+00
"C                                                                                                                     "
  35855.520, -36144.470, 1.6235E-01, 4.2993E+00,-4.4556E-01, 2.4536E+00, 5.7373E-01, 5.7996E+00,-4.2114E-01, 6.1047E+00
"DG                                                                                                                    "
  35925.150, -36074.840, 3.6255E-01, 4.4690E+00,-4.4312E-01, 2.4536E+00, 5.5420E-01, 5.7825E+00,-4.2114E-01, 6.1047E+00
"G                                                                                                                     "
  36000.030, -35999.960,-2.9663E-01, 3.8513E+00,-4.3945E-01, 2.4548E+00, 5.0293E-01, 5.7349E+00,-4.1992E-01, 6.1047E+00
