"NP                                                                                                                    "
  13651.710, -58348.280,-6.0547E-01, 3.5388E+00, 1.8311E-01, 2.8967E+00,-5.3345E-01, 4.6973E+00,-3.1982E-01, 6.1975E+00
"P                                                                                                                     "
  13692.480, -58307.510,-6.0059E-01, 3.5388E+00,-1.6479E-01, 2.8931E+00,-5.3467E-01, 4.6973E+00,-3.3813E-01, 6.1780E+00
"Z                                                                                                                     "
  13727.160, -58272.830,-6.0181E-01, 3.5388E+00,-6.9824E-01, 2.1777E+00,-5.3589E-01, 4.6985E+00,-3.4058E-01, 6.1743E+00
"P                                                                                                                     "
  13737.390, -58262.600,-6.0059E-01, 3.5376E+00,-3.7720E-01, 2.4768E+00,-5.3223E-01, 4.6985E+00,-3.3936E-01, 6.1768E+00
"Z                                                                                                                     "
  14064.660, -57935.330,-6.0425E-01, 3.5364E+00, 5.3833E-01, 3.3557E+00,-5.3589E-01, 4.6960E+00,-3.1982E-01, 6.1951E+00
"P                                                                                                                     "
  14151.060, -57848.930,-5.9814E-01, 3.5388E+00, 3.6133E-01, 3.2068E+00,-5.3101E-01, 4.6973E+00,-3.1738E-01, 6.1963E+00
"B2                                                                                                                    "
  14153.130, -57846.860,-6.0181E-01, 3.5388E+00, 3.5034E-01, 3.2080E+00,-5.3101E-01, 4.6973E+00,-3.1860E-01, 6.1963E+00
"P                                                                                                                     "
  14155.830, -57844.160,-6.0425E-01, 3.5376E+00, 2.4292E-01, 3.1042E+00,-5.3467E-01, 4.6973E+00,-3.1982E-01, 6.1963E+00
"B2                                                                                                                    "
  14158.920, -57841.070,-6.0547E-01, 3.5376E+00, 2.3438E-01, 3.0994E+00,-5.3589E-01, 4.6985E+00,-3.1860E-01, 6.1963E+00
"P                                                                                                                     "
  14175.780, -57824.210,-6.0425E-01, 3.5388E+00,-3.4180E-01, 2.5354E+00,-5.3101E-01, 4.6973E+00,-3.1616E-01, 6.1963E+00
"Z                                                                                                                     "
  14219.820, -57780.170,-6.0059E-01, 3.5400E+00,-5.7373E-02, 2.5574E+00,-5.3101E-01, 4.6985E+00,-3.1738E-01, 6.1963E+00
"P                                                                                                                     "
  14255.220, -57744.770,-5.9692E-01, 3.5388E+00,-3.3936E-01, 2.5537E+00,-5.2856E-01, 4.6985E+00,-3.1738E-01, 6.1975E+00
"Z                                                                                                                     "
  14296.650, -57703.340,-6.0303E-01, 3.5388E+00,-3.7231E-01, 2.1887E+00,-5.2979E-01, 4.6985E+00,-3.1738E-01, 6.1975E+00
"P                                                                                                                     "
  14339.370, -57660.620,-6.0791E-01, 3.5376E+00, 4.6021E-01, 3.3081E+00,-5.3345E-01, 4.6973E+00,-3.1494E-01, 6.1963E+00
"Z                                                                                                                     "
  14365.230, -57634.760,-6.0791E-01, 3.5376E+00,-1.5662E+00, 1.2585E+00,-5.2979E-01, 4.6960E+00,-3.1738E-01, 6.1963E+00
"P                                                                                                                     "
  14442.360, -57557.630,-5.9692E-01, 3.5376E+00, 3.5645E-01, 3.2117E+00,-5.2856E-01, 4.6960E+00,-3.1738E-01, 6.1951E+00
"Z                                                                                                                     "
  14579.100, -57420.890,-6.0669E-01, 3.5364E+00, 2.5757E-01, 2.7917E+00,-5.3345E-01, 4.6948E+00,-3.1982E-01, 6.1951E+00
"P                                                                                                                     "
  14605.890, -57394.100,-6.0181E-01, 3.5364E+00, 4.0039E-01, 3.2556E+00,-5.2979E-01, 4.6948E+00,-3.1738E-01, 6.1951E+00
"B2                                                                                                                    "
  14608.740, -57391.250,-6.1157E-01, 3.5364E+00, 4.0283E-01, 3.2373E+00,-5.3223E-01, 4.6948E+00,-3.1982E-01, 6.1951E+00
"P                                                                                                                     "
  14640.600, -57359.390,-5.9692E-01, 3.5376E+00,-3.4790E-01, 2.5208E+00,-5.3345E-01, 4.6960E+00,-3.1982E-01, 6.1951E+00
"Z                                                                                                                     "
  14700.000, -57299.990,-6.0425E-01, 3.5376E+00, 2.7100E-01, 2.8003E+00,-5.2979E-01, 4.6973E+00,-3.1738E-01, 6.1963E+00
"P                                                                                                                     "
  14721.720, -57278.270,-6.0669E-01, 3.5388E+00,-2.7954E-01, 2.7100E+00,-5.2979E-01, 4.6973E+00,-3.1616E-01, 6.1963E+00
"Z                                                                                                                     "
  14740.590, -57259.400,-6.0425E-01, 3.5376E+00, 8.1177E-01, 3.2629E+00,-5.3223E-01, 4.6985E+00,-3.1738E-01, 6.1975E+00
"P                                                                                                                     "
  14760.390, -57239.600,-5.9570E-01, 3.5388E+00, 2.9297E-02, 2.8894E+00,-5.2612E-01, 4.6985E+00,-3.1616E-01, 6.1975E+00
"C                                                                                                                     "
  14771.970, -57228.020,-6.0181E-01, 3.5388E+00, 1.6357E-01, 3.0139E+00,-5.3101E-01, 4.6973E+00,-3.1616E-01, 6.1975E+00
"D                                                                                                                     "
  14819.760, -57180.230,-6.0181E-01, 3.5400E+00, 7.3730E-01, 3.5779E+00,-5.3223E-01, 4.6997E+00,-3.1616E-01, 6.1975E+00
"B                                                                                                                     "
  14820.570, -57179.420,-5.9692E-01, 3.5400E+00, 6.6895E-01, 3.5254E+00,-5.3467E-01, 4.6985E+00,-3.1616E-01, 6.1975E+00
"F2                                                                                                                    "
  14822.730, -57177.260,-6.0059E-01, 3.5400E+00, 6.1646E-01, 3.4814E+00,-5.3467E-01, 4.6985E+00,-3.1860E-01, 6.1975E+00
"FB                                                                                                                    "
  14828.910, -57171.080,-5.9570E-01, 3.5400E+00, 6.2988E-01, 3.4680E+00,-5.3223E-01, 4.6997E+00,-3.1372E-01, 6.1975E+00
"C                                                                                                                     "
  14829.630, -57170.360,-6.0059E-01, 3.5388E+00, 6.3477E-01, 3.4766E+00,-5.2734E-01, 4.6997E+00,-3.1616E-01, 6.1975E+00
"D                                                                                                                     "
  14917.410, -57082.580,-5.9814E-01, 3.5388E+00, 9.6802E-01, 3.8037E+00,-5.3345E-01, 4.6973E+00,-3.1738E-01, 6.1975E+00
"F1                                                                                                                    "
  14920.560, -57079.430,-6.0669E-01, 3.5388E+00, 9.6802E-01, 3.8208E+00,-5.3223E-01, 4.6985E+00,-3.1494E-01, 6.1975E+00
"F2                                                                                                                    "
  14925.000, -57074.990,-6.0181E-01, 3.5388E+00, 9.8633E-01, 3.8403E+00,-5.3467E-01, 4.6973E+00,-3.1738E-01, 6.1975E+00
"F3                                                                                                                    "
  14930.190, -57069.800,-6.0425E-01, 3.5388E+00, 1.0620E+00, 3.8977E+00,-5.3467E-01, 4.6985E+00,-3.1616E-01, 6.1975E+00
"F4                                                                                                                    "
  14934.630, -57065.360,-6.0669E-01, 3.5400E+00, 8.8989E-01, 3.7146E+00,-5.3223E-01, 4.6985E+00,-3.1860E-01, 6.1975E+00
"B                                                                                                                     "
  14942.040, -57057.950,-6.0181E-01, 3.5388E+00, 7.8003E-01, 3.6292E+00,-5.3589E-01, 4.6973E+00,-3.1738E-01, 6.1963E+00
"C                                                                                                                     "
  14944.260, -57055.730,-6.0303E-01, 3.5388E+00, 8.6670E-01, 3.7061E+00,-5.3101E-01, 4.6973E+00,-3.1494E-01, 6.1975E+00
"D                                                                                                                     "
  14980.050, -57019.940,-6.0303E-01, 3.5388E+00, 1.0864E+00, 3.9160E+00,-5.3101E-01, 4.6973E+00,-3.1982E-01, 6.1963E+00
"B                                                                                                                     "
  14981.460, -57018.530,-6.0303E-01, 3.5376E+00, 9.6191E-01, 3.8062E+00,-5.3345E-01, 4.6973E+00,-3.1616E-01, 6.1975E+00
"D                                                                                                                     "
  14993.490, -57006.500,-6.0425E-01, 3.5376E+00, 1.0999E+00, 3.8855E+00,-5.3467E-01, 4.6960E+00,-3.1738E-01, 6.1963E+00
"B                                                                                                                     "
  14994.840, -57005.150,-6.0547E-01, 3.5376E+00, 1.0254E+00, 3.8647E+00,-5.3345E-01, 4.6973E+00,-3.1860E-01, 6.1963E+00
"C                                                                                                                     "
  14996.700, -57003.290,-6.0547E-01, 3.5376E+00, 1.0400E+00, 3.8818E+00,-5.3467E-01, 4.6960E+00,-3.1860E-01, 6.1963E+00
"D                                                                                                                     "
  15191.520, -56808.470,-6.1035E-01, 3.5364E+00, 1.4160E+00, 4.2395E+00,-5.3955E-01, 4.6948E+00,-3.1982E-01, 6.1951E+00
"F1                                                                                                                    "
  15192.180, -56807.810,-6.0669E-01, 3.5364E+00, 1.1755E+00, 4.0063E+00,-5.3467E-01, 4.6960E+00,-3.1860E-01, 6.1951E+00
"F2                                                                                                                    "
  15195.210, -56804.780,-6.0425E-01, 3.5376E+00, 8.8501E-01, 3.7378E+00,-5.3955E-01, 4.6960E+00,-3.1860E-01, 6.1951E+00
"B                                                                                                                     "
  15197.550, -56802.440,-6.0303E-01, 3.5364E+00, 9.4604E-01, 3.7817E+00,-5.3589E-01, 4.6948E+00,-3.1860E-01, 6.1951E+00
"C                                                                                                                     "
  15198.510, -56801.480,-6.0181E-01, 3.5364E+00, 1.0986E+00, 3.9197E+00,-5.2734E-01, 4.6948E+00,-3.1738E-01, 6.1951E+00
"D                                                                                                                     "
  15233.820, -56766.170,-6.0547E-01, 3.5376E+00, 1.0547E+00, 3.9038E+00,-5.2979E-01, 4.6960E+00,-3.1738E-01, 6.1963E+00
"B                                                                                                                     "
  15235.710, -56764.280,-6.0791E-01, 3.5376E+00, 1.0522E+00, 3.8928E+00,-5.3345E-01, 4.6960E+00,-3.1738E-01, 6.1951E+00
"D                                                                                                                     "
  15445.320, -56554.670,-5.9937E-01, 3.5388E+00, 1.3611E+00, 4.0430E+00,-5.2734E-01, 4.6985E+00,-3.1494E-01, 6.1975E+00
"B                                                                                                                     "
  15445.890, -56554.100,-5.9814E-01, 3.5388E+00, 1.1292E+00, 3.9673E+00,-5.3223E-01, 4.6985E+00,-3.1982E-01, 6.1975E+00
"F2                                                                                                                    "
  15447.720, -56552.270,-6.0059E-01, 3.5400E+00, 9.9243E-01, 3.8391E+00,-5.2734E-01, 4.6985E+00,-3.1616E-01, 6.1975E+00
"FB                                                                                                                    "
  15450.780, -56549.210,-6.0425E-01, 3.5388E+00, 1.0059E+00, 3.8672E+00,-5.3223E-01, 4.6973E+00,-3.1738E-01, 6.1975E+00
"C                                                                                                                     "
  15451.530, -56548.460,-6.0425E-01, 3.5388E+00, 1.0852E+00, 4.0308E+00,-5.2734E-01, 4.6985E+00,-3.1616E-01, 6.1975E+00
"D                                                                                                                     "
  15458.640, -56541.350,-6.0181E-01, 3.5400E+00, 1.1169E+00, 3.9575E+00,-5.3345E-01, 4.6973E+00,-3.1738E-01, 6.1975E+00
"B                                                                                                                     "
  15459.150, -56540.840,-5.9692E-01, 3.5388E+00, 9.7900E-01, 3.8354E+00,-5.2856E-01, 4.6985E+00,-3.1616E-01, 6.1975E+00
"F2                                                                                                                    "
  15461.910, -56538.080,-5.9570E-01, 3.5388E+00, 8.9478E-01, 3.7366E+00,-5.3223E-01, 4.6985E+00,-3.1616E-01, 6.1975E+00
"B                                                                                                                     "
  15473.280, -56526.710,-6.0669E-01, 3.5388E+00, 1.0022E+00, 3.8379E+00,-5.3345E-01, 4.6973E+00,-3.1616E-01, 6.1975E+00
"C                                                                                                                     "
  15474.630, -56525.360,-6.0059E-01, 3.5388E+00, 9.2651E-01, 3.7805E+00,-5.3589E-01, 4.6973E+00,-3.1738E-01, 6.1975E+00
"D                                                                                                                     "
  15477.420, -56522.570,-6.0791E-01, 3.5388E+00, 7.1777E-01, 3.6230E+00,-5.3345E-01, 4.6985E+00,-3.1494E-01, 6.1975E+00
"F2                                                                                                                    "
  15480.270, -56519.720,-6.0425E-01, 3.5388E+00, 7.1411E-01, 3.5571E+00,-5.3101E-01, 4.6985E+00,-3.1494E-01, 6.1975E+00
"B                                                                                                                     "
  15482.880, -56517.110,-6.0303E-01, 3.5376E+00, 8.7646E-01, 3.7231E+00,-5.2734E-01, 4.6973E+00,-3.1616E-01, 6.1975E+00
"F2                                                                                                                    "
  15484.410, -56515.580,-5.9570E-01, 3.5388E+00, 9.9121E-01, 3.7756E+00,-5.3101E-01, 4.6985E+00,-3.1616E-01, 6.1975E+00
"B                                                                                                                     "
  15490.110, -56509.880,-6.0181E-01, 3.5388E+00, 8.9111E-01, 3.7183E+00,-5.3223E-01, 4.6973E+00,-3.1616E-01, 6.1975E+00
"D                                                                                                                     "
  15496.470, -56503.520,-6.0547E-01, 3.5376E+00, 9.4727E-01, 3.7952E+00,-5.2734E-01, 4.6985E+00,-3.1738E-01, 6.1975E+00
"F1                                                                                                                    "
  15497.400, -56502.590,-6.0303E-01, 3.5376E+00, 7.5439E-01, 3.6157E+00,-5.3101E-01, 4.6973E+00,-3.1616E-01, 6.1975E+00
"F2                                                                                                                    "
  15500.220, -56499.770,-6.1035E-01, 3.5388E+00, 5.6641E-01, 3.4229E+00,-5.2979E-01, 4.6973E+00,-3.1616E-01, 6.1963E+00
"B                                                                                                                     "
  15505.950, -56494.040,-6.0791E-01, 3.5376E+00, 1.2207E+00, 3.9172E+00,-5.3467E-01, 4.6973E+00,-3.1616E-01, 6.1975E+00
"C                                                                                                                     "
  15507.480, -56492.510,-5.9937E-01, 3.5400E+00, 8.1421E-01, 3.6475E+00,-5.3345E-01, 4.6973E+00,-3.1738E-01, 6.1975E+00
"F2                                                                                                                    "
  15508.200, -56491.790,-6.0181E-01, 3.5400E+00, 1.0193E+00, 3.7634E+00,-5.2734E-01, 4.6985E+00,-3.1860E-01, 6.1975E+00
"B                                                                                                                     "
  15511.080, -56488.910,-6.0791E-01, 3.5388E+00, 7.6294E-01, 3.6328E+00,-5.3467E-01, 4.6973E+00,-3.1738E-01, 6.1975E+00
"F2                                                                                                                    "
  15511.620, -56488.370,-6.0547E-01, 3.5376E+00, 7.1777E-01, 3.5620E+00,-5.3467E-01, 4.6973E+00,-3.1982E-01, 6.1975E+00
"B                                                                                                                     "
  15524.910, -56475.080,-6.0913E-01, 3.5376E+00, 9.1675E-01, 3.7598E+00,-5.3345E-01, 4.6973E+00,-3.1860E-01, 6.1963E+00
"C                                                                                                                     "
  15526.950, -56473.040,-6.0181E-01, 3.5388E+00, 8.1421E-01, 3.6743E+00,-5.3223E-01, 4.6973E+00,-3.1738E-01, 6.1963E+00
"D                                                                                                                     "
  15717.780, -56282.210,-6.0669E-01, 3.5376E+00, 1.3416E+00, 4.1931E+00,-5.3223E-01, 4.6948E+00,-3.1982E-01, 6.1951E+00
"F1                                                                                                                    "
  15718.440, -56281.550,-6.0547E-01, 3.5364E+00, 1.2061E+00, 4.0356E+00,-5.3223E-01, 4.6948E+00,-3.1860E-01, 6.1951E+00
"F2                                                                                                                    "
  15723.210, -56276.780,-6.0303E-01, 3.5364E+00, 8.9722E-01, 3.7366E+00,-5.3711E-01, 4.6948E+00,-3.1982E-01, 6.1951E+00
"B                                                                                                                     "
  15726.990, -56273.000,-6.0547E-01, 3.5364E+00, 9.2773E-01, 3.7659E+00,-5.3589E-01, 4.6948E+00,-3.1982E-01, 6.1951E+00
"F4                                                                                                                    "
  15727.710, -56272.280,-6.0547E-01, 3.5364E+00, 1.0083E+00, 3.8428E+00,-5.3833E-01, 4.6948E+00,-3.2227E-01, 6.1951E+00
"B                                                                                                                     "
  15728.730, -56271.260,-6.0303E-01, 3.5376E+00, 9.2163E-01, 3.7708E+00,-5.2979E-01, 4.6948E+00,-3.1860E-01, 6.1963E+00
"C                                                                                                                     "
  15731.010, -56268.980,-5.9937E-01, 3.5352E+00, 1.1426E+00, 3.9734E+00,-5.3345E-01, 4.6948E+00,-3.1860E-01, 6.1951E+00
"D                                                                                                                     "
  15768.270, -56231.720,-6.0059E-01, 3.5364E+00, 1.5308E+00, 4.3384E+00,-5.3223E-01, 4.6948E+00,-3.1860E-01, 6.1951E+00
"F1                                                                                                                    "
  15769.170, -56230.820,-6.0791E-01, 3.5364E+00, 1.1023E+00, 3.9514E+00,-5.3955E-01, 4.6948E+00,-3.1860E-01, 6.1951E+00
"F2                                                                                                                    "
  15774.210, -56225.780,-6.0791E-01, 3.5364E+00, 8.5327E-01, 3.7122E+00,-5.3833E-01, 4.6948E+00,-3.2104E-01, 6.1951E+00
"FB                                                                                                                    "
  15776.400, -56223.590,-6.0425E-01, 3.5364E+00, 9.5825E-01, 3.7671E+00,-5.2979E-01, 4.6948E+00,-3.1860E-01, 6.1951E+00
"B                                                                                                                     "
  15777.840, -56222.150,-6.0669E-01, 3.5364E+00, 1.0388E+00, 3.8586E+00,-5.3467E-01, 4.6948E+00,-3.1860E-01, 6.1951E+00
"D                                                                                                                     "
  16021.710, -55978.280,-6.0303E-01, 3.5388E+00, 1.3562E+00, 4.2114E+00,-5.2979E-01, 4.6973E+00,-3.1494E-01, 6.1975E+00
"F1                                                                                                                    "
  16023.630, -55976.360,-5.9937E-01, 3.5388E+00, 1.1182E+00, 3.9551E+00,-5.2734E-01, 4.6973E+00,-3.1616E-01, 6.1975E+00
"F2                                                                                                                    "
  16026.930, -55973.060,-6.0425E-01, 3.5388E+00, 9.1797E-01, 3.7830E+00,-5.3467E-01, 4.6973E+00,-3.1616E-01, 6.1975E+00
"B                                                                                                                     "
  16034.970, -55965.020,-6.0425E-01, 3.5388E+00, 1.0974E+00, 3.9197E+00,-5.3589E-01, 4.6973E+00,-3.1738E-01, 6.1975E+00
"C                                                                                                                     "
  16036.440, -55963.550,-5.9814E-01, 3.5388E+00, 1.2048E+00, 4.0393E+00,-5.3345E-01, 4.6973E+00,-3.1616E-01, 6.1975E+00
"D                                                                                                                     "
  16339.320, -55660.670,-6.0425E-01, 3.5364E+00, 1.3550E+00, 4.1785E+00,-5.3833E-01, 4.6936E+00,-3.1860E-01, 6.1951E+00
"F1                                                                                                                    "
  16342.020, -55657.970,-6.0791E-01, 3.5364E+00, 1.3538E+00, 4.1833E+00,-5.3711E-01, 4.6936E+00,-3.1982E-01, 6.1951E+00
"F2                                                                                                                    "
  16345.110, -55654.880,-6.0669E-01, 3.5364E+00, 1.4856E+00, 4.3030E+00,-5.3833E-01, 4.6936E+00,-3.1982E-01, 6.1951E+00
"F3                                                                                                                    "
  16354.170, -55645.820,-6.0913E-01, 3.5364E+00, 1.2024E+00, 4.0747E+00,-5.3711E-01, 4.6936E+00,-3.2104E-01, 6.1951E+00
"F4                                                                                                                    "
  16358.460, -55641.530,-6.0669E-01, 3.5352E+00, 1.1243E+00, 3.9478E+00,-5.3711E-01, 4.6936E+00,-3.1860E-01, 6.1951E+00
"B                                                                                                                     "
  16363.170, -55636.820,-6.0303E-01, 3.5364E+00, 1.2451E+00, 4.0784E+00,-5.3589E-01, 4.6948E+00,-3.1860E-01, 6.1951E+00
"D                                                                                                                     "
  16814.700, -55185.290,-6.0913E-01, 3.5352E+00, 1.2195E+00, 4.0625E+00,-5.3711E-01, 4.6948E+00,-3.1982E-01, 6.1951E+00
"C                                                                                                                     "
  16815.270, -55184.720,-6.1035E-01, 3.5364E+00, 1.1353E+00, 3.9661E+00,-5.3589E-01, 4.6948E+00,-3.2104E-01, 6.1951E+00
"F2                                                                                                                    "
  16817.940, -55182.050,-6.0425E-01, 3.5364E+00, 9.3628E-01, 3.7793E+00,-5.2979E-01, 4.6948E+00,-3.1738E-01, 6.1938E+00
"FB                                                                                                                    "
  16820.640, -55179.350,-6.0547E-01, 3.5364E+00, 1.0986E+00, 3.9294E+00,-5.3345E-01, 4.6948E+00,-3.1982E-01, 6.1938E+00
"C                                                                                                                     "
  16821.990, -55178.000,-6.0425E-01, 3.5364E+00, 1.2915E+00, 4.1724E+00,-5.3589E-01, 4.6948E+00,-3.1860E-01, 6.1951E+00
"D                                                                                                                     "
  17151.420, -54848.570,-6.0181E-01, 3.5376E+00, 1.0876E+00, 3.9258E+00,-5.2979E-01, 4.6960E+00,-3.1616E-01, 6.1963E+00
"F2                                                                                                                    "
  17153.040, -54846.950,-6.0669E-01, 3.5388E+00, 1.0376E+00, 3.8940E+00,-5.2856E-01, 4.6973E+00,-3.1616E-01, 6.1963E+00
"FB                                                                                                                    "
  17155.740, -54844.250,-6.0547E-01, 3.5388E+00, 1.1157E+00, 3.9429E+00,-5.3101E-01, 4.6973E+00,-3.1860E-01, 6.1963E+00
"C                                                                                                                     "
  17157.960, -54842.030,-6.0669E-01, 3.5376E+00, 1.2036E+00, 4.0515E+00,-5.3589E-01, 4.6973E+00,-3.1738E-01, 6.1963E+00
"D                                                                                                                     "
  17302.680, -54697.310,-6.0669E-01, 3.5376E+00, 1.0901E+00, 3.9380E+00,-5.3833E-01, 4.6973E+00,-3.1738E-01, 6.1963E+00
"F2                                                                                                                    "
  17305.020, -54694.970,-6.0059E-01, 3.5376E+00, 9.8511E-01, 3.7976E+00,-5.2979E-01, 4.6973E+00,-3.1860E-01, 6.1963E+00
"F4                                                                                                                    "
  17305.890, -54694.100,-6.0547E-01, 3.5376E+00, 1.0583E+00, 3.8733E+00,-5.3223E-01, 4.6973E+00,-3.1738E-01, 6.1975E+00
"F3                                                                                                                    "
  17306.910, -54693.080,-6.0181E-01, 3.5376E+00, 1.0803E+00, 3.9404E+00,-5.2979E-01, 4.6960E+00,-3.1738E-01, 6.1963E+00
"C                                                                                                                     "
  17307.960, -54692.030,-6.0547E-01, 3.5376E+00, 1.1560E+00, 3.9856E+00,-5.3101E-01, 4.6973E+00,-3.1738E-01, 6.1963E+00
"D                                                                                                                     "
  17487.840, -54512.150,-6.0547E-01, 3.5364E+00, 1.1353E+00, 3.9709E+00,-5.3467E-01, 4.6936E+00,-3.2104E-01, 6.1938E+00
"C                                                                                                                     "
  17488.590, -54511.400,-6.0669E-01, 3.5352E+00, 1.1133E+00, 3.9270E+00,-5.3345E-01, 4.6936E+00,-3.1982E-01, 6.1951E+00
"F2                                                                                                                    "
  17490.900, -54509.090,-6.0059E-01, 3.5364E+00, 1.0364E+00, 3.8745E+00,-5.4077E-01, 4.6936E+00,-3.1982E-01, 6.1938E+00
"B                                                                                                                     "
  17493.120, -54506.870,-6.0425E-01, 3.5364E+00, 1.1938E+00, 4.0247E+00,-5.3711E-01, 4.6948E+00,-3.1860E-01, 6.1951E+00
"C                                                                                                                     "
  17493.930, -54506.060,-6.0669E-01, 3.5364E+00, 1.2341E+00, 4.0637E+00,-5.3345E-01, 4.6948E+00,-3.1738E-01, 6.1951E+00
"D                                                                                                                     "
  17671.920, -54328.070,-6.0425E-01, 3.5376E+00, 1.1975E+00, 4.0344E+00,-5.3101E-01, 4.6960E+00,-3.1860E-01, 6.1963E+00
"F2                                                                                                                    "
  17673.540, -54326.450,-6.0791E-01, 3.5364E+00, 1.3904E+00, 4.1748E+00,-5.3345E-01, 4.6948E+00,-3.1982E-01, 6.1963E+00
"D                                                                                                                     "
  17694.540, -54305.450,-6.0425E-01, 3.5364E+00, 1.1060E+00, 3.9587E+00,-5.3223E-01, 4.6960E+00,-3.1738E-01, 6.1963E+00
"F2                                                                                                                    "
  17696.910, -54303.080,-5.9814E-01, 3.5376E+00, 1.0083E+00, 3.8501E+00,-5.3345E-01, 4.6960E+00,-3.1860E-01, 6.1963E+00
"FB                                                                                                                    "
  17699.310, -54300.680,-6.0669E-01, 3.5376E+00, 1.1145E+00, 3.9575E+00,-5.3711E-01, 4.6948E+00,-3.1494E-01, 6.1963E+00
"D                                                                                                                     "
  17779.200, -54220.790,-6.0547E-01, 3.5376E+00, 1.1560E+00, 4.0564E+00,-5.2979E-01, 4.6960E+00,-3.1616E-01, 6.1963E+00
"G                                                                                                                     "
  17990.070, -54009.920,-6.0425E-01, 3.5352E+00, 6.8237E-01, 3.6755E+00,-5.3711E-01, 4.6924E+00,-3.1738E-01, 6.1926E+00
"Z                                                                                                                     "
  36000.030, -35999.960, 1.0229E+00, 5.2771E+00,-3.6133E-01, 2.5134E+00, 7.9834E-01, 6.0254E+00,-3.2104E-01, 6.1926E+00
