"NP                                                                                                                    "
    432.900, -71567.090, 2.5708E+00, 6.6724E+00,-3.2104E-01, 2.5586E+00,-4.2236E-01, 4.7961E+00, 5.3711E-02, 6.5662E+00
"P                                                                                                                     "
    454.110, -71545.880, 2.2961E+00, 6.3843E+00,-3.2104E-01, 2.5586E+00, 1.5283E+00, 6.7236E+00, 5.3711E-02, 6.5662E+00
"B2                                                                                                                    "
    456.180, -71543.810, 2.2095E+00, 6.2744E+00,-3.2349E-01, 2.5598E+00, 1.5198E+00, 6.7200E+00, 5.2490E-02, 6.5662E+00
"P                                                                                                                     "
    513.000, -71486.990, 3.0322E+00, 7.1167E+00,-3.2349E-01, 2.5610E+00, 1.5857E+00, 6.9666E+00,-3.0640E-01, 6.2134E+00
"Z                                                                                                                     "
    516.690, -71483.300, 3.2581E+00, 7.3242E+00,-3.2349E-01, 2.5598E+00,-4.7729E-01, 4.7473E+00,-3.0518E-01, 6.2134E+00
"P                                                                                                                     "
    534.660, -71465.330, 3.3118E+00, 7.4170E+00,-3.2104E-01, 2.5610E+00, 3.6499E-01, 6.2646E+00,-3.0029E-01, 6.2158E+00
"Z                                                                                                                     "
    539.910, -71460.080, 3.0505E+00, 7.2156E+00,-3.2104E-01, 2.5598E+00,-4.6509E-01, 4.7717E+00,-2.3804E-01, 6.2952E+00
"P                                                                                                                     "
    552.720, -71447.270, 3.2849E+00, 7.3645E+00,-3.2349E-01, 2.5610E+00, 1.2891E+00, 6.4771E+00,-3.0273E-01, 6.2158E+00
"Z                                                                                                                     "
    608.970, -71391.020, 3.3142E+00, 7.4023E+00,-3.2104E-01, 2.5610E+00, 3.2373E+00, 6.6406E+00,-3.0884E-01, 6.2097E+00
"P                                                                                                                     "
    624.030, -71375.960, 3.3081E+00, 7.3889E+00,-3.1860E-01, 2.5610E+00, 1.7175E+00, 6.9141E+00,-3.0640E-01, 6.2085E+00
"C                                                                                                                     "
    631.290, -71368.700, 3.3435E+00, 7.4329E+00,-3.2227E-01, 2.5610E+00, 1.9360E+00, 7.1558E+00,-3.0640E-01, 6.2097E+00
"D                                                                                                                     "
    646.980, -71353.010, 3.5681E+00, 7.6819E+00,-3.1982E-01, 2.5610E+00, 2.2937E+00, 7.5085E+00,-3.1006E-01, 6.2085E+00
"F2                                                                                                                    "
    650.130, -71349.860, 3.4070E+00, 7.4866E+00,-3.1982E-01, 2.5610E+00, 2.3242E+00, 7.4829E+00,-3.0396E-01, 6.2085E+00
"B                                                                                                                     "
    658.530, -71341.460, 3.2947E+00, 7.4341E+00,-3.2227E-01, 2.5610E+00, 2.2498E+00, 7.4597E+00,-3.0762E-01, 6.2085E+00
"G                                                                                                                     "
    685.650, -71314.340, 3.0664E+00, 7.0911E+00,-3.1738E-01, 2.5610E+00, 2.6965E+00, 7.7356E+00,-3.0762E-01, 6.2073E+00
"CG                                                                                                                    "
    687.660, -71312.330, 2.7637E+00, 6.8665E+00,-3.2349E-01, 2.5610E+00, 2.5928E+00, 7.7515E+00,-3.1128E-01, 6.2073E+00
"DG                                                                                                                    "
    741.690, -71258.300, 3.3545E+00, 7.4463E+00,-3.2471E-01, 2.5610E+00, 2.9883E+00, 8.1970E+00,-3.1250E-01, 6.2061E+00
"CG                                                                                                                    "
    742.800, -71257.190, 3.3777E+00, 7.4487E+00,-3.2104E-01, 2.5610E+00, 2.4634E+00, 7.6636E+00,-3.1128E-01, 6.2061E+00
"DG                                                                                                                    "
    753.030, -71246.960, 3.3105E+00, 7.4036E+00,-3.2104E-01, 2.5610E+00, 2.8735E+00, 8.0847E+00,-3.1006E-01, 6.2061E+00
"F2                                                                                                                    "
    756.900, -71243.090, 2.8760E+00, 6.9690E+00,-3.2104E-01, 2.5610E+00, 2.7893E+00, 7.9419E+00,-3.0884E-01, 6.2061E+00
"B                                                                                                                     "
    763.140, -71236.850, 3.2495E+00, 7.3389E+00,-3.1860E-01, 2.5623E+00, 2.5391E+00, 7.7209E+00,-3.1006E-01, 6.2048E+00
"C                                                                                                                     "
    765.090, -71234.900, 3.2483E+00, 7.3352E+00,-3.2227E-01, 2.5610E+00, 2.6807E+00, 7.8845E+00,-3.1372E-01, 6.2061E+00
"DG                                                                                                                    "
    961.320, -71038.670, 3.2385E+00, 7.3254E+00, 1.6235E-01, 3.0408E+00, 3.0310E+00, 8.2446E+00,-3.0762E-01, 6.2061E+00
"F2                                                                                                                    "
    965.070, -71034.920, 3.3130E+00, 7.3279E+00, 1.1230E-01, 2.9773E+00, 2.7686E+00, 7.9504E+00,-3.0518E-01, 6.2073E+00
"B                                                                                                                     "
    968.130, -71031.860, 3.2568E+00, 7.3315E+00,-3.3081E-01, 2.5378E+00, 2.6660E+00, 7.9089E+00,-3.0884E-01, 6.2073E+00
"F2                                                                                                                    "
    968.730, -71031.260, 3.2361E+00, 7.3254E+00, 1.1353E-01, 2.9590E+00, 4.2871E+00, 9.0381E+00,-3.0884E-01, 6.2073E+00
"B                                                                                                                     "
    969.270, -71030.720, 3.2666E+00, 7.3584E+00,-3.4912E-01, 2.5549E+00, 3.0286E+00, 8.2202E+00,-3.1006E-01, 6.2073E+00
"C                                                                                                                     "
    969.270, -71030.720, 3.2666E+00, 7.3584E+00,-3.4912E-01, 2.5549E+00, 3.0286E+00, 8.2202E+00,-3.1006E-01, 6.2073E+00
"DG                                                                                                                    "
    989.430, -71010.560, 3.1958E+00, 7.2986E+00, 1.2085E-01, 2.9980E+00, 3.2776E+00, 8.4985E+00,-3.0884E-01, 6.2073E+00
"D                                                                                                                     "
    989.520, -71010.470, 2.9822E+00, 7.1484E+00, 1.2939E-01, 2.9944E+00, 3.0701E+00, 8.2703E+00,-3.1006E-01, 6.2073E+00
"C                                                                                                                     "
    991.770, -71008.220, 3.1470E+00, 7.2461E+00, 9.7656E-02, 2.9675E+00, 3.2935E+00, 8.5266E+00,-3.1006E-01, 6.2085E+00
"D                                                                                                                     "
   1120.650, -70879.340, 3.3325E+00, 7.4133E+00, 1.1475E-01, 2.9895E+00, 3.5400E+00, 8.7061E+00,-3.0640E-01, 6.2109E+00
"B                                                                                                                     "
   1123.380, -70876.610, 3.3325E+00, 7.4255E+00, 5.2490E-02, 2.9077E+00, 3.0127E+00, 8.2727E+00,-3.0762E-01, 6.2122E+00
"C                                                                                                                     "
   1124.070, -70875.920, 3.3459E+00, 7.4365E+00, 6.8359E-02, 2.9468E+00, 3.2690E+00, 8.4802E+00,-3.1006E-01, 6.2109E+00
"D                                                                                                                     "
   1128.810, -70871.180, 3.3716E+00, 7.3889E+00, 1.6235E-01, 3.0359E+00, 3.5596E+00, 8.5962E+00,-3.0518E-01, 6.2122E+00
"C                                                                                                                     "
   1129.590, -70870.400, 3.3630E+00, 7.4463E+00,-2.1973E-02, 2.8467E+00, 3.0896E+00, 8.2996E+00,-3.0151E-01, 6.2122E+00
"D                                                                                                                     "
   1145.790, -70854.200,-5.5908E-01, 3.5852E+00, 9.3994E-02, 2.9675E+00, 3.0908E+00, 8.2849E+00,-3.0029E-01, 6.2122E+00
"F2                                                                                                                    "
   1149.630, -70850.360,-5.4810E-01, 3.6084E+00, 9.8877E-02, 2.9700E+00, 3.1580E+00, 8.3533E+00,-3.0884E-01, 6.2122E+00
"F3                                                                                                                    "
   1159.230, -70840.760,-5.3833E-01, 3.5889E+00, 1.5015E-01, 3.0212E+00, 3.2446E+00, 8.4875E+00,-3.0151E-01, 6.2122E+00
"F4                                                                                                                    "
   1164.000, -70835.990,-4.6387E-01, 3.6768E+00, 1.4648E-01, 3.0225E+00, 2.8418E+00, 8.0554E+00,-3.0518E-01, 6.2122E+00
"B                                                                                                                     "
   1166.430, -70833.560,-4.7485E-01, 3.6682E+00, 7.6904E-02, 2.9150E+00, 3.0981E+00, 8.3240E+00,-3.0762E-01, 6.2122E+00
"C                                                                                                                     "
   1168.380, -70831.610,-4.6997E-01, 3.6707E+00, 1.7456E-01, 3.0457E+00, 3.2861E+00, 8.5083E+00,-3.0273E-01, 6.2109E+00
"D                                                                                                                     "
   1169.970, -70830.020,-4.6387E-01, 3.6755E+00, 1.7456E-01, 3.0457E+00, 2.9590E+00, 8.1702E+00,-3.0640E-01, 6.2122E+00
"C                                                                                                                     "
   1170.750, -70829.240,-4.6143E-01, 3.6792E+00, 1.8555E-01, 3.0554E+00, 3.1335E+00, 8.3630E+00,-3.0151E-01, 6.2122E+00
"D                                                                                                                     "
   1177.560, -70822.430,-4.6265E-01, 3.6768E+00, 1.9409E-01, 2.9980E+00, 3.4790E+00, 8.6804E+00,-3.0151E-01, 6.2122E+00
"C                                                                                                                     "
   1179.240, -70820.750,-4.6387E-01, 3.6792E+00, 2.8198E-01, 3.1531E+00, 3.1958E+00, 8.3936E+00,-3.0151E-01, 6.2122E+00
"D                                                                                                                     "
   1180.110, -70819.880,-4.6387E-01, 3.6816E+00, 2.5391E-01, 3.1262E+00, 3.0432E+00, 8.2507E+00,-3.0396E-01, 6.2122E+00
"B                                                                                                                     "
   1181.220, -70818.770,-4.6143E-01, 3.6829E+00,-1.5381E-01, 2.7734E+00, 3.2397E+00, 8.4204E+00,-3.0640E-01, 6.2122E+00
"C                                                                                                                     "
   1182.900, -70817.090,-4.6021E-01, 3.6841E+00, 5.9814E-02, 2.8162E+00, 3.1836E+00, 8.3936E+00,-3.0518E-01, 6.2134E+00
"D                                                                                                                     "
   1404.360, -70595.630, 2.0337E+00, 6.1548E+00, 2.3438E-01, 3.1067E+00, 3.0664E+00, 8.2983E+00,-2.9907E-01, 6.2146E+00
"P                                                                                                                     "
   1405.020, -70594.970, 2.0300E+00, 6.1365E+00, 2.9053E-01, 3.1567E+00, 7.1167E-01, 6.9031E+00,-3.0640E-01, 6.2134E+00
"Z                                                                                                                     "
   2029.530, -69970.460, 2.7930E+00, 6.8994E+00,-3.1738E-01, 2.5635E+00, 9.2407E-01, 5.3760E+00,-2.9663E-01, 6.2183E+00
"P                                                                                                                     "
   2062.260, -69937.730, 2.8406E+00, 6.9287E+00,-3.1372E-01, 2.5659E+00, 1.3403E+00, 6.5576E+00,-2.9419E-01, 6.2195E+00
"C                                                                                                                     "
   2065.680, -69934.310, 2.8821E+00, 6.9775E+00,-3.1616E-01, 2.5659E+00, 1.2073E+00, 6.3940E+00,-2.9663E-01, 6.2207E+00
"D                                                                                                                     "
   2085.810, -69914.180, 2.7234E+00, 6.8848E+00,-3.1372E-01, 2.5659E+00, 1.6260E+00, 6.8323E+00,-2.6611E-01, 6.2732E+00
"F2                                                                                                                    "
   2088.510, -69911.480, 2.9211E+00, 7.0117E+00,-3.1372E-01, 2.5659E+00, 1.6162E+00, 6.8250E+00,-2.9663E-01, 6.2219E+00
"B                                                                                                                     "
   2095.560, -69904.430, 3.2837E+00, 7.3096E+00,-3.1372E-01, 2.5659E+00, 1.5979E+00, 6.8237E+00,-2.9175E-01, 6.2195E+00
"C                                                                                                                     "
   2096.280, -69903.710, 2.9675E+00, 7.0398E+00,-3.1372E-01, 2.5671E+00, 1.6077E+00, 6.8225E+00,-2.9785E-01, 6.2183E+00
"D                                                                                                                     "
   2099.760, -69900.230, 2.9272E+00, 6.9922E+00,-3.1372E-01, 2.5671E+00, 1.5356E+00, 6.7297E+00,-2.9419E-01, 6.2183E+00
"B                                                                                                                     "
   2103.000, -69896.990, 2.8577E+00, 6.9592E+00,-3.1738E-01, 2.5659E+00, 1.5295E+00, 6.7920E+00,-2.9907E-01, 6.2195E+00
"F2                                                                                                                    "
   2104.590, -69895.400, 2.8271E+00, 6.9202E+00,-3.1128E-01, 2.5659E+00, 1.6797E+00, 6.8896E+00,-2.9663E-01, 6.2195E+00
"B                                                                                                                     "
   2115.150, -69884.840, 2.8809E+00, 6.9763E+00,-3.1738E-01, 2.5635E+00, 1.9910E+00, 7.1960E+00,-2.9663E-01, 6.2183E+00
"D                                                                                                                     "
   2118.390, -69881.600, 2.7075E+00, 6.8311E+00,-3.2471E-01, 2.5574E+00, 1.9141E+00, 7.1350E+00,-3.0029E-01, 6.2183E+00
"B                                                                                                                     "
   2124.210, -69875.780, 2.5317E+00, 6.6284E+00,-3.1860E-01, 2.5647E+00, 1.7236E+00, 7.0044E+00,-2.9907E-01, 6.2183E+00
"F2                                                                                                                    "
   2126.640, -69873.350, 2.6147E+00, 6.7041E+00,-3.1860E-01, 2.5659E+00, 1.6394E+00, 6.8506E+00,-3.0029E-01, 6.2183E+00
"B                                                                                                                     "
   2130.030, -69869.960, 2.7246E+00, 6.8201E+00,-3.1738E-01, 2.5647E+00, 1.8018E+00, 7.0691E+00,-3.0029E-01, 6.2183E+00
"F2                                                                                                                    "
   2134.410, -69865.580, 2.4670E+00, 6.5845E+00,-3.1616E-01, 2.5647E+00, 1.6833E+00, 6.9043E+00,-3.0029E-01, 6.2183E+00
"B                                                                                                                     "
   2136.510, -69863.480, 2.6575E+00, 6.7407E+00,-3.1372E-01, 2.5659E+00, 1.7737E+00, 6.9836E+00,-2.9907E-01, 6.2183E+00
"C                                                                                                                     "
   2137.800, -69862.190, 2.4304E+00, 6.5479E+00,-3.1372E-01, 2.5659E+00, 1.8555E+00, 7.0959E+00,-2.9541E-01, 6.2183E+00
"D                                                                                                                     "
   2139.270, -69860.720, 2.5403E+00, 6.7200E+00,-3.1250E-01, 2.5659E+00, 1.9165E+00, 7.1155E+00,-2.9663E-01, 6.2170E+00
"B                                                                                                                     "
   2141.520, -69858.470, 2.8308E+00, 6.9031E+00,-3.1616E-01, 2.5659E+00, 2.1362E+00, 7.3376E+00,-2.9663E-01, 6.2170E+00
"D                                                                                                                     "
   2146.290, -69853.700, 2.8455E+00, 6.9324E+00,-3.1738E-01, 2.5659E+00, 1.8042E+00, 7.2339E+00,-3.0029E-01, 6.2170E+00
"F2                                                                                                                    "
   2148.630, -69851.360, 2.8296E+00, 6.9238E+00,-3.1494E-01, 2.5659E+00, 1.7200E+00, 6.9019E+00,-2.9541E-01, 6.2170E+00
"B                                                                                                                     "
   2151.270, -69848.720, 3.0347E+00, 7.2107E+00,-3.1128E-01, 2.5659E+00, 2.0996E+00, 7.3230E+00,-2.9419E-01, 6.2183E+00
"C                                                                                                                     "
   2154.000, -69845.990, 2.4866E+00, 6.6553E+00,-3.1982E-01, 2.5659E+00, 2.0105E+00, 7.1948E+00,-2.9785E-01, 6.2170E+00
"D                                                                                                                     "
   2211.480, -69788.510, 2.7405E+00, 6.8250E+00,-3.1372E-01, 2.5659E+00, 2.2668E+00, 7.5903E+00,-2.9785E-01, 6.2170E+00
"B                                                                                                                     "
   2215.110, -69784.880, 2.7441E+00, 6.8262E+00,-3.1250E-01, 2.5659E+00, 2.2034E+00, 7.4048E+00,-2.9907E-01, 6.2158E+00
"D                                                                                                                     "
   2370.450, -69629.540, 2.6941E+00, 6.7810E+00,-3.1372E-01, 2.5671E+00, 2.4695E+00, 7.6428E+00,-2.9785E-01, 6.2170E+00
"F1                                                                                                                    "
   2374.650, -69625.340, 2.7161E+00, 6.7932E+00,-3.1494E-01, 2.5659E+00, 1.9824E+00, 7.2595E+00,-2.9907E-01, 6.2195E+00
"F2                                                                                                                    "
   2379.390, -69620.600, 2.6440E+00, 6.6797E+00,-3.1372E-01, 2.5671E+00, 2.3914E+00, 7.5867E+00,-2.9541E-01, 6.2183E+00
"F3                                                                                                                    "
   2390.640, -69609.350, 2.6782E+00, 6.7737E+00,-3.1006E-01, 2.5671E+00, 2.2729E+00, 7.4976E+00,-2.9541E-01, 6.2170E+00
"F4                                                                                                                    "
   2393.760, -69606.230, 2.7283E+00, 6.8188E+00,-3.1494E-01, 2.5659E+00, 2.0667E+00, 7.3193E+00,-2.9663E-01, 6.2183E+00
"B                                                                                                                     "
   2398.080, -69601.910, 2.5391E+00, 6.6797E+00,-3.1494E-01, 2.5659E+00, 2.3865E+00, 7.5635E+00,-2.9541E-01, 6.2170E+00
"D                                                                                                                     "
   2415.660, -69584.330, 2.6782E+00, 6.7749E+00,-3.1250E-01, 2.5671E+00, 2.2607E+00, 7.4768E+00,-2.9419E-01, 6.2183E+00
"P                                                                                                                     "
   2417.820, -69582.170, 2.7063E+00, 6.7944E+00,-3.1372E-01, 2.5671E+00, 1.8884E+00, 7.1838E+00,-2.9907E-01, 6.2183E+00
"Z                                                                                                                     "
   4876.950, -67123.040, 7.1899E-01, 4.8376E+00,-3.0884E-01, 2.5671E+00, 3.1860E-01, 5.7422E+00, 1.1365E+00, 7.6355E+00
"P                                                                                                                     "
   4904.190, -67095.800, 2.0520E+00, 6.4209E+00,-3.1128E-01, 2.5684E+00, 7.5684E-02, 5.2869E+00, 1.2781E+00, 7.7734E+00
"B2                                                                                                                    "
   4908.360, -67091.630, 1.8982E+00, 5.5994E+00,-3.1982E-01, 2.5671E+00, 1.0986E-02, 5.2478E+00, 1.3171E+00, 7.8186E+00
"P                                                                                                                     "
   4926.960, -67073.030, 1.2793E+00, 5.3796E+00,-3.1128E-01, 2.5671E+00, 1.2329E-01, 5.3564E+00, 1.3623E+00, 7.8625E+00
"G                                                                                                                     "
   4959.810, -67040.180, 2.1167E+00, 6.2244E+00,-3.1128E-01, 2.5684E+00, 4.4922E-01, 5.6873E+00, 1.3232E+00, 7.8210E+00
"P                                                                                                                     "
   4961.310, -67038.680, 2.0129E+00, 6.1243E+00,-3.1494E-01, 2.5671E+00,-2.0508E-01, 5.0171E+00, 1.3391E+00, 7.8369E+00
"Z                                                                                                                     "
   5016.180, -66983.810, 2.1863E+00, 6.2952E+00,-3.1372E-01, 2.5671E+00, 1.7310E+00, 6.3599E+00, 1.5869E+00, 8.0786E+00
"P                                                                                                                     "
   5040.750, -66959.240, 2.1436E+00, 6.2598E+00,-3.1494E-01, 2.5671E+00, 1.1230E-01, 5.3552E+00, 1.3904E+00, 7.8894E+00
"G                                                                                                                     "
   5073.570, -66926.420, 2.1692E+00, 6.2537E+00,-3.1250E-01, 2.5671E+00,-2.3071E-01, 5.2869E+00, 1.4160E+00, 7.9114E+00
"Z                                                                                                                     "
   5205.120, -66794.870, 1.6650E+00, 5.7959E+00,-3.1006E-01, 2.5671E+00, 1.9653E-01, 4.9316E+00, 1.8079E+00, 8.3020E+00
"P                                                                                                                     "
   5240.880, -66759.110, 2.2449E+00, 6.3379E+00,-3.1006E-01, 2.5684E+00,-2.3071E-01, 5.2698E+00, 1.4526E+00, 7.9443E+00
"Z                                                                                                                     "
   5616.390, -66383.600, 2.3340E+00, 6.4233E+00,-3.1128E-01, 2.5659E+00,-1.6235E-01, 4.8083E+00, 1.4209E+00, 7.9150E+00
"P                                                                                                                     "
   5637.600, -66362.390, 2.2546E+00, 6.3745E+00,-3.0884E-01, 2.5684E+00,-1.8677E-01, 5.0366E+00, 1.5857E+00, 8.0786E+00
"B2                                                                                                                    "
   5639.940, -66360.050, 2.3718E+00, 6.4539E+00,-3.1616E-01, 2.5659E+00,-1.7944E-01, 5.0342E+00, 1.6016E+00, 8.0957E+00
"P                                                                                                                     "
   5653.800, -66346.190, 2.3230E+00, 6.4209E+00,-3.0762E-01, 2.5684E+00,-3.0151E-01, 5.0732E+00, 1.2390E+00, 7.7332E+00
"Z                                                                                                                     "
   5717.430, -66282.560, 2.2290E+00, 6.2598E+00,-3.1372E-01, 2.5671E+00,-3.1738E-02, 4.9243E+00, 1.5149E+00, 8.0115E+00
"P                                                                                                                     "
   5739.030, -66260.960, 2.2937E+00, 6.3245E+00,-3.1372E-01, 2.5671E+00,-5.0049E-02, 5.1709E+00, 1.4111E+00, 7.9102E+00
"B2                                                                                                                    "
   5741.070, -66258.920, 2.3840E+00, 6.4832E+00,-3.1250E-01, 2.5671E+00, 1.0132E-01, 5.3271E+00, 1.4294E+00, 7.9285E+00
"P                                                                                                                     "
   5762.670, -66237.320, 2.3621E+00, 6.4746E+00,-3.1128E-01, 2.5671E+00,-6.2622E-01, 4.6069E+00, 1.3379E+00, 7.8320E+00
"B2                                                                                                                    "
   5766.630, -66233.360, 2.4060E+00, 6.5051E+00,-3.1128E-01, 2.5671E+00,-5.9692E-01, 4.6326E+00, 1.2878E+00, 7.7832E+00
"P                                                                                                                     "
   5798.280, -66201.710, 2.3376E+00, 6.4490E+00,-2.9297E-01, 2.5891E+00, 1.0742E-01, 5.2209E+00, 1.3721E+00, 7.8674E+00
"C                                                                                                                     "
   5803.530, -66196.460, 2.3853E+00, 6.4856E+00,-3.1494E-01, 2.5659E+00,-4.6387E-02, 5.1685E+00, 1.2524E+00, 7.7527E+00
"D                                                                                                                     "
   5815.740, -66184.250, 2.2290E+00, 6.3721E+00,-3.1616E-01, 2.5659E+00, 7.0801E-02, 5.3247E+00, 1.3770E+00, 7.8772E+00
"B                                                                                                                     "
   5817.720, -66182.270, 2.3608E+00, 6.4587E+00,-3.1616E-01, 2.5671E+00, 1.0986E-02, 5.2258E+00, 1.3867E+00, 7.8857E+00
"F2                                                                                                                    "
   5821.590, -66178.400, 2.3694E+00, 6.4758E+00,-3.1494E-01, 2.5659E+00, 1.3184E-01, 5.3625E+00, 1.4099E+00, 7.9089E+00
"B                                                                                                                     "
   5832.540, -66167.450, 2.2900E+00, 6.3928E+00,-3.1738E-01, 2.5659E+00, 8.3374E-01, 5.8813E+00, 1.4990E+00, 7.9944E+00
"C                                                                                                                     "
   5835.960, -66164.030, 2.3596E+00, 6.4624E+00,-3.1494E-01, 2.5659E+00, 8.0566E-02, 5.3491E+00, 1.2305E+00, 7.7307E+00
"B                                                                                                                     "
   5838.300, -66161.690, 2.1167E+00, 6.2561E+00,-3.1616E-01, 2.5659E+00, 5.9082E-01, 5.5920E+00, 1.2878E+00, 7.7844E+00
"C                                                                                                                     "
   5841.570, -66158.420, 2.3132E+00, 6.3098E+00,-3.1372E-01, 2.5659E+00, 9.7656E-02, 5.3308E+00, 1.3342E+00, 7.8308E+00
"F2                                                                                                                    "
   5844.030, -66155.960, 2.1814E+00, 6.3440E+00,-3.1616E-01, 2.5671E+00,-5.4932E-02, 5.1941E+00, 1.3525E+00, 7.8516E+00
"B                                                                                                                     "
   5878.680, -66121.310, 2.1667E+00, 6.3306E+00,-3.1372E-01, 2.5671E+00, 3.5767E-01, 5.5786E+00, 1.4319E+00, 7.9248E+00
"C                                                                                                                     "
   5881.650, -66118.340, 2.3694E+00, 6.4612E+00,-3.1128E-01, 2.5757E+00, 4.2969E-01, 5.8972E+00, 1.4429E+00, 7.9395E+00
"D                                                                                                                     "
   5936.940, -66063.050, 2.1350E+00, 6.3110E+00,-3.1372E-01, 2.5671E+00, 6.3599E-01, 5.8618E+00, 1.4368E+00, 7.9370E+00
"F2                                                                                                                    "
   5940.450, -66059.540, 2.3267E+00, 6.4185E+00,-3.1128E-01, 2.5671E+00, 5.4810E-01, 5.7629E+00, 1.4331E+00, 7.9321E+00
"B                                                                                                                     "
   5945.550, -66054.440, 2.3096E+00, 6.4136E+00,-3.1616E-01, 2.5684E+00, 5.1880E-01, 5.7361E+00, 1.4282E+00, 7.9285E+00
"D                                                                                                                     "
   6099.990, -65900.000, 2.3254E+00, 6.4246E+00,-3.1372E-01, 2.5671E+00, 1.3818E+00, 6.6675E+00, 1.2793E+00, 7.7783E+00
"C                                                                                                                     "
   6102.600, -65897.390, 2.3767E+00, 6.4722E+00,-3.1128E-01, 2.5684E+00, 1.1658E+00, 6.3660E+00, 1.3110E+00, 7.8064E+00
"D                                                                                                                     "
   6128.730, -65871.260, 2.3596E+00, 6.4465E+00,-3.1128E-01, 2.5684E+00, 1.5308E+00, 6.6370E+00, 1.5356E+00, 8.0261E+00
"P                                                                                                                     "
   6131.880, -65868.110, 2.3682E+00, 6.4587E+00,-3.0884E-01, 2.5671E+00, 9.9731E-01, 6.2268E+00, 1.5540E+00, 8.0444E+00
"B                                                                                                                     "
   6357.180, -65642.810, 2.4243E+00, 6.4575E+00,-3.1250E-01, 2.5671E+00, 9.3140E-01, 5.4126E+00, 1.3623E+00, 7.8638E+00
"P                                                                                                                     "
   6375.240, -65624.750, 2.4341E+00, 6.4600E+00,-3.1128E-01, 2.5671E+00,-4.3579E-01, 4.8450E+00, 1.4612E+00, 7.9553E+00
"Z                                                                                                                     "
   6395.490, -65604.500, 2.3560E+00, 6.4648E+00,-3.1372E-01, 2.5671E+00,-4.8828E-01, 4.7485E+00, 1.5356E+00, 8.0322E+00
"P                                                                                                                     "
   6416.220, -65583.770, 2.3230E+00, 6.4258E+00,-3.1006E-01, 2.5671E+00, 7.8125E-01, 5.9839E+00, 1.5894E+00, 8.0823E+00
"B2                                                                                                                     "
   6418.800, -65581.190, 2.3669E+00, 6.4587E+00,-3.0762E-01, 2.5671E+00, 7.4463E-01, 5.9460E+00, 1.5979E+00, 8.0872E+00
"P                                                                                                                     "
   6439.080, -65560.910, 2.3901E+00, 6.4160E+00,-3.1372E-01, 2.5671E+00, 3.3325E-01, 5.7886E+00, 1.6174E+00, 8.1116E+00
"Z                                                                                                                     "
   6450.990, -65549.000, 2.3474E+00, 6.4417E+00,-3.1128E-01, 2.5671E+00,-4.4922E-01, 4.7766E+00, 1.1157E+00, 7.6123E+00
"P                                                                                                                     "
   6469.230, -65530.760, 2.2522E+00, 6.2988E+00,-3.1494E-01, 2.5671E+00, 7.6050E-01, 6.0620E+00, 1.2061E+00, 7.7039E+00
"Z                                                                                                                     "
   6480.720, -65519.270, 2.3315E+00, 6.4294E+00,-3.1250E-01, 2.5671E+00, 4.3213E-01, 5.1563E+00, 1.3306E+00, 7.8259E+00
"P                                                                                                                     "
   6502.620, -65497.370, 2.3474E+00, 6.4368E+00,-3.1250E-01, 2.5671E+00, 3.4424E-01, 5.5603E+00, 1.4807E+00, 7.9700E+00
"B2                                                                                                                    "
   6507.030, -65492.960, 2.3010E+00, 6.3977E+00,-3.1494E-01, 2.5659E+00, 4.3457E-01, 5.6226E+00, 1.4929E+00, 7.9883E+00
"P                                                                                                                     "
   6526.590, -65473.400, 2.1558E+00, 6.2927E+00,-3.1250E-01, 2.5671E+00, 2.4414E-02, 5.4871E+00, 1.5527E+00, 8.0469E+00
"Z                                                                                                                     "
   6539.550, -65460.440, 2.2144E+00, 6.2769E+00,-3.1372E-01, 2.5671E+00, 5.7373E-01, 5.6116E+00, 1.3000E+00, 7.8040E+00
"B2                                                                                                                    "
   6585.810, -65414.180, 2.3242E+00, 6.4368E+00,-3.1372E-01, 2.5671E+00,-6.4209E-01, 4.5654E+00, 1.3843E+00, 7.8809E+00
"P                                                                                                                     "
   6590.910, -65409.080, 2.2961E+00, 6.3953E+00,-3.1250E-01, 2.5671E+00,-3.2837E-01, 4.9146E+00, 1.3953E+00, 7.8870E+00
"C                                                                                                                     "
   6595.680, -65404.310, 2.3010E+00, 6.4063E+00,-3.1372E-01, 2.5671E+00,-1.2695E-01, 5.0916E+00, 1.2793E+00, 7.7771E+00
"D                                                                                                                     "
   6609.150, -65390.840, 2.3047E+00, 6.4050E+00,-3.1372E-01, 2.5684E+00, 1.9653E-01, 5.3711E+00, 1.3098E+00, 7.8125E+00
"C                                                                                                                     "
   6610.530, -65389.460, 2.3230E+00, 6.4307E+00,-3.1006E-01, 2.5671E+00,-2.3193E-02, 5.0977E+00, 1.3123E+00, 7.8149E+00
"B                                                                                                                     "
   6612.030, -65387.960, 2.3242E+00, 6.4136E+00,-3.1128E-01, 2.5671E+00,-3.5522E-01, 4.8608E+00, 1.3159E+00, 7.8149E+00
"F2                                                                                                                    "
   6616.050, -65383.940, 2.2974E+00, 6.3953E+00,-3.1372E-01, 2.5671E+00, 6.2256E-02, 5.4163E+00, 1.3184E+00, 7.8198E+00
"B                                                                                                                     "
   6619.350, -65380.640, 2.3584E+00, 6.4209E+00,-3.1006E-01, 2.5684E+00, 1.8433E-01, 5.4041E+00, 1.3318E+00, 7.8259E+00
"C                                                                                                                     "
   6620.880, -65379.110, 2.3254E+00, 6.4221E+00,-3.1006E-01, 2.5684E+00,-2.4780E-01, 4.9829E+00, 1.3306E+00, 7.8271E+00
"D                                                                                                                     "
   6623.460, -65376.530, 2.3083E+00, 6.3977E+00,-3.1616E-01, 2.5671E+00,-3.3813E-01, 4.9219E+00, 1.3306E+00, 7.8308E+00
"F2                                                                                                                    "
   6624.570, -65375.420, 2.3083E+00, 6.3953E+00,-3.1250E-01, 2.5671E+00, 3.3203E-01, 5.3784E+00, 1.3367E+00, 7.8320E+00
"B                                                                                                                     "
   6629.640, -65370.350, 2.2473E+00, 6.3623E+00,-3.1128E-01, 2.5671E+00, 1.0376E-01, 5.3076E+00, 1.3416E+00, 7.8381E+00
"C                                                                                                                     "
   6631.110, -65368.880, 2.1411E+00, 6.2744E+00,-3.1372E-01, 2.5671E+00, 6.7139E-02, 5.2930E+00, 1.3452E+00, 7.8406E+00
"D                                                                                                                     "
   6694.710, -65305.280, 2.3401E+00, 6.4307E+00,-3.1372E-01, 2.5671E+00, 8.7769E-01, 5.9448E+00, 1.1792E+00, 7.6807E+00
"F1                                                                                                                    "
   6701.610, -65298.380, 2.3596E+00, 6.4221E+00,-3.0884E-01, 2.5684E+00, 4.6387E-01, 5.8350E+00, 1.2598E+00, 7.7527E+00
"F2                                                                                                                    "
   6705.150, -65294.840, 2.2925E+00, 6.3916E+00,-3.1372E-01, 2.5671E+00, 6.1890E-01, 5.8252E+00, 1.2646E+00, 7.7625E+00
"F3                                                                                                                    "
   6714.270, -65285.720, 2.2876E+00, 6.3843E+00,-3.1250E-01, 2.5684E+00, 3.2227E-01, 5.5359E+00, 1.2744E+00, 7.7747E+00
"F4                                                                                                                    "
   6717.630, -65282.360, 2.3096E+00, 6.4172E+00,-3.1006E-01, 2.5671E+00, 1.4404E-01, 5.3516E+00, 1.2805E+00, 7.7783E+00
"B                                                                                                                     "
   6724.950, -65275.040, 2.2913E+00, 6.3855E+00,-3.1372E-01, 2.5671E+00,-4.2969E-01, 4.7937E+00, 1.2280E+00, 7.7271E+00
"P                                                                                                                     "
   6778.890, -65221.100, 2.3718E+00, 6.4734E+00,-3.1128E-01, 2.5671E+00,-3.7231E-01, 5.0220E+00, 1.3049E+00, 7.8064E+00
"Z                                                                                                                     "
   6815.580, -65184.410, 2.3779E+00, 6.4612E+00,-3.1494E-01, 2.5671E+00, 9.3994E-01, 5.8777E+00, 1.2646E+00, 7.7625E+00
"P                                                                                                                     "
   6838.590, -65161.400, 2.3499E+00, 6.4539E+00,-3.1250E-01, 2.5671E+00,-9.1553E-02, 5.1416E+00, 1.2842E+00, 7.7832E+00
"C                                                                                                                     "
   6840.600, -65159.390, 2.3596E+00, 6.4648E+00,-3.1372E-01, 2.5671E+00, 2.1484E-01, 5.4541E+00, 1.2830E+00, 7.7856E+00
"B                                                                                                                     "
   6843.510, -65156.480, 2.3499E+00, 6.4478E+00,-3.1006E-01, 2.5671E+00, 1.9775E-01, 5.4089E+00, 1.2927E+00, 7.7905E+00
"C                                                                                                                     "
   6845.610, -65154.380, 2.3730E+00, 6.4624E+00,-3.1128E-01, 2.5671E+00, 3.7842E-01, 5.6018E+00, 1.2964E+00, 7.7917E+00
"D                                                                                                                     "
   6853.710, -65146.280, 2.2913E+00, 6.3293E+00,-3.1250E-01, 2.5671E+00, 4.4800E-01, 5.6726E+00, 1.3110E+00, 7.8064E+00
"C                                                                                                                     "
   6854.490, -65145.500, 2.4451E+00, 6.4978E+00,-3.1250E-01, 2.5684E+00, 4.6265E-01, 5.6946E+00, 1.3098E+00, 7.8064E+00
"B                                                                                                                     "
   6856.320, -65143.670, 2.4548E+00, 6.5344E+00,-3.1250E-01, 2.5684E+00, 5.3467E-01, 5.7092E+00, 1.3110E+00, 7.8101E+00
"C                                                                                                                     "
   6857.970, -65142.020, 2.3828E+00, 6.4893E+00,-3.1372E-01, 2.5671E+00, 4.0894E-01, 5.6995E+00, 1.3074E+00, 7.8137E+00
"D                                                                                                                     "
   6859.410, -65140.580, 2.3694E+00, 6.4722E+00,-3.1128E-01, 2.5671E+00, 3.8574E-01, 5.6250E+00, 1.3159E+00, 7.8149E+00
"D                                                                                                                     "
   6859.380, -65140.610, 2.3816E+00, 6.4844E+00,-3.1006E-01, 2.5684E+00, 4.2236E-01, 5.6238E+00, 1.3184E+00, 7.8149E+00
"F2                                                                                                                    "
   6861.540, -65138.450, 2.3901E+00, 6.4807E+00,-3.1128E-01, 2.5671E+00, 4.3091E-01, 5.6909E+00, 1.3220E+00, 7.8186E+00
"B                                                                                                                     "
   6867.360, -65132.630, 2.4133E+00, 6.5210E+00,-3.1250E-01, 2.5684E+00, 4.2969E-01, 5.6750E+00, 1.3293E+00, 7.8284E+00
"D                                                                                                                     "
   6868.740, -65131.250, 2.3279E+00, 6.4526E+00,-3.1250E-01, 2.5671E+00, 3.0518E-01, 5.5762E+00, 1.3269E+00, 7.8296E+00
"F2                                                                                                                    "
   6870.300, -65129.690, 2.3096E+00, 6.3477E+00,-3.1006E-01, 2.5671E+00, 6.8604E-01, 5.7483E+00, 1.2170E+00, 7.7026E+00
"B                                                                                                                     "
   6876.300, -65123.690, 2.3816E+00, 6.4893E+00,-3.1250E-01, 2.5671E+00, 7.2754E-01, 5.9546E+00, 1.1829E+00, 7.6843E+00
"C                                                                                                                     "
   6878.610, -65121.380, 2.4548E+00, 6.4758E+00,-3.1372E-01, 2.5671E+00, 7.4829E-01, 5.9485E+00, 1.1987E+00, 7.6990E+00
"D                                                                                                                     "
   6879.630, -65120.360, 2.1985E+00, 6.3257E+00,-3.1006E-01, 2.5671E+00, 6.9702E-01, 5.8997E+00, 1.2207E+00, 7.7246E+00
"B                                                                                                                     "
   6880.380, -65119.610, 2.4890E+00, 6.5222E+00,-3.1250E-01, 2.5684E+00, 6.4331E-01, 5.8765E+00, 1.2097E+00, 7.7124E+00
"D                                                                                                                     "
   6941.640, -65058.350, 2.3657E+00, 6.4685E+00,-3.1250E-01, 2.5671E+00, 1.0547E+00, 6.2793E+00, 1.4636E+00, 7.9602E+00
"F2                                                                                                                    "
   6946.200, -65053.790, 2.3682E+00, 6.4526E+00,-3.1250E-01, 2.5671E+00, 8.1665E-01, 6.0364E+00, 1.4758E+00, 7.9712E+00
"B                                                                                                                     "
   6949.770, -65050.220, 2.3352E+00, 6.4355E+00,-3.1372E-01, 2.5671E+00, 5.7251E-01, 5.7959E+00, 1.4832E+00, 7.9785E+00
"C                                                                                                                     "
   6950.970, -65049.020, 2.3767E+00, 6.3818E+00,-3.1128E-01, 2.5671E+00, 5.3345E-01, 5.9253E+00, 1.4868E+00, 7.9810E+00
"P                                                                                                                     "
   6975.660, -65024.330, 2.3767E+00, 6.4880E+00,-3.1250E-01, 2.5671E+00,-1.2695E-01, 5.1025E+00, 1.5112E+00, 8.0115E+00
"B                                                                                                                     "
   6985.620, -65014.370, 2.1472E+00, 6.3037E+00,-3.1006E-01, 2.5671E+00, 4.7363E-01, 5.6580E+00, 1.5271E+00, 8.0176E+00
"F2                                                                                                                    "
   6988.080, -65011.910, 2.1948E+00, 6.3550E+00,-3.1006E-01, 2.5671E+00, 5.2612E-01, 5.7715E+00, 1.5283E+00, 8.0200E+00
"B                                                                                                                     "
   6990.180, -65009.810, 2.3267E+00, 6.4282E+00,-3.1128E-01, 2.5671E+00, 5.1025E-01, 5.7373E+00, 1.5210E+00, 8.0200E+00
"D                                                                                                                     "
   6991.170, -65008.820, 2.3682E+00, 6.4539E+00,-3.1128E-01, 2.5671E+00, 5.4565E-01, 5.7544E+00, 1.5283E+00, 8.0225E+00
"B                                                                                                                     "
   6995.130, -65004.860, 2.3169E+00, 6.4136E+00,-3.1128E-01, 2.5671E+00, 4.8828E-01, 5.7068E+00, 1.5283E+00, 8.0225E+00
"C                                                                                                                     "
   6996.450, -65003.540, 2.3206E+00, 6.4124E+00,-3.0884E-01, 2.5671E+00, 6.2134E-01, 5.7825E+00, 1.5308E+00, 8.0225E+00
"D                                                                                                                     "
   7002.480, -64997.510, 2.3401E+00, 6.4307E+00,-3.1372E-01, 2.5671E+00, 6.3843E-01, 5.8765E+00, 1.5344E+00, 8.0273E+00
"F2                                                                                                                    "
   7005.120, -64994.870, 2.3096E+00, 6.4087E+00,-3.0884E-01, 2.5671E+00, 5.5664E-01, 5.8582E+00, 1.2866E+00, 7.7820E+00
"B                                                                                                                     "
   7007.670, -64992.320, 2.3438E+00, 6.3452E+00,-3.1494E-01, 2.5671E+00, 1.4282E-01, 5.3723E+00, 1.2671E+00, 7.7698E+00
"C                                                                                                                     "
   7010.070, -64989.920, 2.3682E+00, 6.4600E+00,-3.1616E-01, 2.5671E+00, 5.2124E-01, 5.7483E+00, 1.2573E+00, 7.7539E+00
"D                                                                                                                     "
   7009.680, -64990.310, 2.3120E+00, 6.3525E+00,-3.1250E-01, 2.5671E+00, 4.8828E-01, 5.7349E+00, 1.2512E+00, 7.7563E+00
"B                                                                                                                     "
   7013.340, -64986.650, 2.3364E+00, 6.4343E+00,-3.0884E-01, 2.5671E+00, 3.1982E-01, 5.5530E+00, 1.2415E+00, 7.7393E+00
"C                                                                                                                     "
   7014.300, -64985.690, 2.3828E+00, 6.4465E+00,-3.1128E-01, 2.5684E+00, 7.1411E-01, 6.1206E+00, 1.2427E+00, 7.7356E+00
"D                                                                                                                     "
   7017.810, -64982.180, 2.2742E+00, 6.3074E+00,-3.1006E-01, 2.5671E+00, 7.2510E-01, 5.9375E+00, 1.2329E+00, 7.7283E+00
"B                                                                                                                     "
   7019.760, -64980.230, 2.3413E+00, 6.4343E+00,-3.1006E-01, 2.5671E+00, 7.3486E-01, 5.9644E+00, 1.2305E+00, 7.7258E+00
"F2                                                                                                                    "
   7021.950, -64978.040, 2.2205E+00, 6.3708E+00,-3.1250E-01, 2.5671E+00, 6.6406E-01, 5.9412E+00, 1.2280E+00, 7.7234E+00
"B                                                                                                                     "
   7038.840, -64961.150, 2.3242E+00, 6.4270E+00,-3.1372E-01, 2.5684E+00, 5.6152E-01, 5.7898E+00, 1.2549E+00, 7.7563E+00
"D                                                                                                                     "
   7193.370, -64806.620, 2.3804E+00, 6.4502E+00,-3.1372E-01, 2.5671E+00, 1.2634E+00, 6.6284E+00, 1.1804E+00, 7.6831E+00
"F1                                                                                                                    "
   7199.700, -64800.290, 2.4451E+00, 6.5259E+00,-3.1250E-01, 2.5671E+00, 1.2427E+00, 6.4990E+00, 1.2195E+00, 7.7209E+00
"F2                                                                                                                    "
   7203.660, -64796.330, 2.3328E+00, 6.4270E+00,-3.1372E-01, 2.5671E+00, 1.4063E+00, 6.6809E+00, 1.2305E+00, 7.7319E+00
"F3                                                                                                                    "
   7214.940, -64785.050, 2.3279E+00, 6.4197E+00,-3.1128E-01, 2.5671E+00, 1.1548E+00, 6.4575E+00, 1.2781E+00, 7.7771E+00
"F4                                                                                                                    "
   7219.950, -64780.040, 2.1472E+00, 6.3025E+00,-3.0884E-01, 2.5671E+00, 4.1626E-01, 5.7581E+00, 1.3049E+00, 7.7991E+00
"P                                                                                                                     "
   7219.950, -64780.040, 2.1472E+00, 6.3025E+00,-3.0884E-01, 2.5671E+00, 4.1626E-01, 5.7581E+00, 1.3049E+00, 7.7991E+00
"Z                                                                                                                     "
   7222.080, -64777.910, 2.1436E+00, 6.3135E+00,-3.1372E-01, 2.5659E+00,-4.7241E-01, 4.7522E+00, 1.3147E+00, 7.8088E+00
"P                                                                                                                     "
   7274.520, -64725.470, 2.3096E+00, 6.4099E+00,-3.1494E-01, 2.5671E+00, 5.4443E-01, 5.7703E+00, 1.4392E+00, 7.9395E+00
"Z                                                                                                                     "
   7308.600, -64691.390, 2.3132E+00, 6.4075E+00,-3.1250E-01, 2.5671E+00,-4.7852E-01, 4.7510E+00, 1.4929E+00, 7.9871E+00
"P                                                                                                                     "
   7347.150, -64652.840, 2.3022E+00, 6.3940E+00,-3.1128E-01, 2.5659E+00,-4.0283E-01, 4.9487E+00, 1.0095E+00, 7.5037E+00
"Z                                                                                                                     "
   7522.710, -64477.280, 2.4023E+00, 6.4197E+00,-2.9419E-01, 2.5769E+00,-2.9297E-01, 4.9292E+00, 1.5625E+00, 8.0615E+00
"P                                                                                                                     "
   7584.240, -64415.750, 2.3950E+00, 6.4917E+00,-3.1372E-01, 2.5671E+00,-2.2217E-01, 5.1953E+00, 1.2500E+00, 7.7490E+00
"Z                                                                                                                     "
   7665.840, -64334.150, 2.3303E+00, 6.4319E+00,-3.1128E-01, 2.5671E+00, 3.4790E-01, 5.2307E+00, 1.3416E+00, 7.8381E+00
"P                                                                                                                     "
   7709.520, -64290.470, 2.3730E+00, 6.3953E+00,-3.1006E-01, 2.5671E+00,-6.7139E-02, 5.1501E+00, 1.4685E+00, 7.9614E+00
"B2                                                                                                                    "
   7712.400, -64287.590, 2.3145E+00, 6.4099E+00,-3.1006E-01, 2.5671E+00,-1.3062E-01, 5.0903E+00, 1.4746E+00, 7.9675E+00
"P                                                                                                                     "
   7796.760, -64203.230, 2.2986E+00, 6.4050E+00,-3.1128E-01, 2.5671E+00,-2.4902E-01, 5.1526E+00, 1.1414E+00, 7.6404E+00
"Z                                                                                                                     "
   7819.290, -64180.700, 2.2693E+00, 6.3757E+00,-3.1250E-01, 2.5659E+00,-4.9194E-01, 4.7363E+00, 1.2048E+00, 7.7039E+00
"P                                                                                                                     "
   7843.980, -64156.010, 2.2949E+00, 6.2903E+00,-3.1250E-01, 2.5671E+00,-5.4810E-01, 4.6863E+00, 1.2292E+00, 7.7319E+00
"B2                                                                                                                    "
   7846.140, -64153.850, 2.3010E+00, 6.3989E+00,-3.1372E-01, 2.5671E+00,-5.7983E-01, 4.6472E+00, 1.2341E+00, 7.7344E+00
"P                                                                                                                     "
   7884.030, -64115.960, 2.3193E+00, 6.3953E+00,-3.1494E-01, 2.5671E+00,-3.2715E-01, 4.7998E+00, 1.2830E+00, 7.7820E+00
"Z                                                                                                                     "
   7911.750, -64088.240, 2.1167E+00, 6.2854E+00,-3.1372E-01, 2.5671E+00,-4.7607E-01, 4.7632E+00, 1.3000E+00, 7.8015E+00
"P                                                                                                                     "
   8013.990, -63986.000, 2.2656E+00, 6.3684E+00,-3.1494E-01, 2.5671E+00,-2.5391E-01, 5.0391E+00, 1.1755E+00, 7.6746E+00
"Z                                                                                                                     "
   8054.250, -63945.740, 2.2498E+00, 6.3562E+00,-3.1372E-01, 2.5671E+00,-3.3081E-01, 4.8889E+00, 1.3147E+00, 7.8162E+00
"P                                                                                                                     "
   8093.850, -63906.140, 2.2668E+00, 6.3623E+00,-3.1250E-01, 2.5684E+00,-2.5757E-01, 5.0659E+00, 1.4355E+00, 7.9358E+00
"Z                                                                                                                     "
   8292.090, -63707.900, 2.1887E+00, 6.3257E+00,-3.0884E-01, 2.5684E+00,-4.8462E-01, 4.7437E+00, 1.3696E+00, 7.8674E+00
"P                                                                                                                     "
   8309.760, -63690.230, 2.4146E+00, 6.5100E+00,-3.1006E-01, 2.5671E+00,-9.7900E-01, 4.2468E+00, 1.0559E+00, 7.5537E+00
"B2                                                                                                                    "
   8312.580, -63687.410, 2.3669E+00, 6.4722E+00,-3.1250E-01, 2.5671E+00,-8.6426E-01, 4.3616E+00, 1.1230E+00, 7.6221E+00
"P                                                                                                                     "
   8317.920, -63682.070, 2.3438E+00, 6.4478E+00,-3.1250E-01, 2.5671E+00,-8.9722E-01, 4.3542E+00, 1.1719E+00, 7.6758E+00
"C                                                                                                                     "
   8323.380, -63676.610, 2.3718E+00, 6.4673E+00,-3.0884E-01, 2.5684E+00,-5.0293E-01, 4.7192E+00, 1.9580E+00, 8.3911E+00
"D                                                                                                                     "
   8332.860, -63667.130, 2.3242E+00, 6.4209E+00,-3.1372E-01, 2.5671E+00,-2.9175E-01, 4.9451E+00, 1.1328E+00, 7.6367E+00
"B                                                                                                                     "
   8335.170, -63664.820, 2.4487E+00, 6.4502E+00,-3.1006E-01, 2.5671E+00,-4.0161E-01, 4.8352E+00, 1.1584E+00, 7.6538E+00
"F2                                                                                                                    "
   8341.020, -63658.970, 2.3242E+00, 6.4221E+00,-3.1128E-01, 2.5671E+00,-1.4771E-01, 5.0916E+00, 9.5581E-01, 7.4548E+00
"B                                                                                                                     "
   8352.840, -63647.150, 2.3413E+00, 6.4392E+00,-3.1616E-01, 2.5671E+00,-4.3213E-01, 4.7974E+00, 1.1157E+00, 7.6172E+00
"D                                                                                                                     "
   8354.370, -63645.620, 2.1362E+00, 6.3123E+00,-3.1128E-01, 2.5684E+00,-5.0049E-01, 4.7314E+00, 1.1340E+00, 7.6355E+00
"B                                                                                                                     "
   8355.390, -63644.600, 2.2937E+00, 6.3184E+00,-3.1250E-01, 2.5671E+00,-6.5796E-01, 4.5898E+00, 1.1462E+00, 7.6465E+00
"C                                                                                                                     "
   8356.140, -63643.850, 2.3169E+00, 6.4246E+00,-3.1250E-01, 2.5671E+00,-2.7466E-01, 4.9670E+00, 1.1560E+00, 7.6526E+00
"F2                                                                                                                    "
   8357.100, -63642.890, 2.3328E+00, 6.4319E+00,-3.0518E-01, 2.5671E+00, 3.6621E-02, 5.0586E+00, 1.1621E+00, 7.6587E+00
"B                                                                                                                     "
   8358.090, -63641.900, 2.3059E+00, 6.4160E+00,-3.1128E-01, 2.5671E+00,-3.5034E-01, 4.8730E+00, 1.1633E+00, 7.6660E+00
"D                                                                                                                     "
   8360.550, -63639.440, 2.2839E+00, 6.3904E+00,-3.1128E-01, 2.5671E+00,-2.8564E-01, 4.9280E+00, 9.2163E-01, 7.4255E+00
"B                                                                                                                     "
   8367.810, -63632.180, 2.3828E+00, 6.4856E+00,-3.0640E-01, 2.5671E+00, 6.1035E-03, 5.2502E+00, 9.5459E-01, 7.4500E+00
"D                                                                                                                     "
   8374.230, -63625.760, 2.3328E+00, 6.4343E+00,-3.1128E-01, 2.5671E+00, 3.0518E-02, 5.2527E+00, 1.1450E+00, 7.6404E+00
"B                                                                                                                     "
   8375.790, -63624.200, 2.3145E+00, 6.4197E+00,-3.1128E-01, 2.5684E+00, 3.9063E-02, 5.3064E+00, 1.1523E+00, 7.6563E+00
"D                                                                                                                     "
   8386.260, -63613.730, 2.3132E+00, 6.4124E+00,-3.1128E-01, 2.5671E+00,-2.2949E-01, 5.0305E+00, 1.2952E+00, 7.9785E+00
"F2                                                                                                                    "
   8388.450, -63611.540, 2.3206E+00, 6.4209E+00,-3.1250E-01, 2.5671E+00,-3.0762E-01, 4.9292E+00, 1.0498E+00, 7.5537E+00
"B                                                                                                                     "
   8392.380, -63607.610, 2.3376E+00, 6.4270E+00,-3.1128E-01, 2.5671E+00,-2.5146E-01, 4.9695E+00, 1.1523E+00, 7.6489E+00
"P                                                                                                                     "
   8399.850, -63600.140, 2.3193E+00, 6.4185E+00,-3.1250E-01, 2.5684E+00,-3.1860E-01, 4.9463E+00, 1.2061E+00, 7.7112E+00
"Z                                                                                                                     "
   8420.220, -63579.770, 2.3279E+00, 6.4258E+00,-3.1006E-01, 2.5671E+00, 9.8999E-01, 6.0559E+00, 1.3342E+00, 7.8271E+00
"P                                                                                                                     "
   8444.760, -63555.230, 2.3193E+00, 6.4282E+00,-3.1128E-01, 2.5671E+00,-3.0640E-01, 4.9280E+00, 1.4465E+00, 7.9443E+00
"C                                                                                                                     "
   8445.600, -63554.390, 2.3926E+00, 6.4648E+00,-3.1250E-01, 2.5671E+00,-2.9541E-01, 4.9292E+00, 1.4514E+00, 7.9480E+00
"D                                                                                                                     "
   8499.060, -63500.930, 2.3108E+00, 6.4124E+00,-3.1250E-01, 2.5671E+00, 6.0303E-01, 5.7959E+00, 1.5552E+00, 8.0566E+00
"F1                                                                                                                    "
   8499.720, -63500.270, 2.3474E+00, 6.4392E+00,-3.1128E-01, 2.5659E+00, 3.6011E-01, 5.6018E+00, 1.5637E+00, 8.0566E+00
"F2                                                                                                                    "
   8503.410, -63496.580, 2.3059E+00, 6.4087E+00,-3.1006E-01, 2.5659E+00, 2.3438E-01, 5.4395E+00, 1.5698E+00, 8.0615E+00
"B                                                                                                                     "
   8507.160, -63492.830, 2.3254E+00, 6.4258E+00,-3.1006E-01, 2.5671E+00, 1.8921E-01, 5.4370E+00, 1.5662E+00, 8.0664E+00
"C                                                                                                                     "
   8508.810, -63491.180, 2.3132E+00, 6.4172E+00,-3.1250E-01, 2.5671E+00, 3.9429E-01, 5.7227E+00, 1.5735E+00, 8.0688E+00
"D                                                                                                                     "
   8551.530, -63448.460, 2.2522E+00, 6.3464E+00,-3.1006E-01, 2.5671E+00, 9.8999E-01, 6.0791E+00, 1.1072E+00, 7.6050E+00
"F1                                                                                                                    "
   8559.600, -63440.390, 2.3267E+00, 6.4087E+00,-3.1494E-01, 2.5671E+00, 8.9233E-01, 6.1572E+00, 1.1523E+00, 7.6538E+00
"F2                                                                                                                    "
   8564.460, -63435.530, 2.1594E+00, 6.3062E+00,-3.1006E-01, 2.5684E+00, 1.0303E+00, 6.2427E+00, 1.1780E+00, 7.6782E+00
"F3                                                                                                                    "
   8579.160, -63420.830, 2.2791E+00, 6.3855E+00,-3.1250E-01, 2.5671E+00, 9.7900E-01, 6.2134E+00, 1.2659E+00, 7.7661E+00
"D                                                                                                                     "
   8590.830, -63409.160, 2.3291E+00, 6.4160E+00,-3.1494E-01, 2.5659E+00, 8.9233E-01, 6.1328E+00, 1.1401E+00, 7.6416E+00
"B                                                                                                                     "
   8592.840, -63407.150, 2.3047E+00, 6.3977E+00,-3.1250E-01, 2.5659E+00, 1.0339E+00, 6.2329E+00, 1.1597E+00, 7.6599E+00
"D                                                                                                                     "
   8595.390, -63404.600, 2.0972E+00, 6.2354E+00,-3.1616E-01, 2.5659E+00, 8.6426E-01, 6.2659E+00, 1.0107E+00, 7.5073E+00
"B                                                                                                                     "
   8596.290, -63403.700, 2.3022E+00, 6.3940E+00,-3.1250E-01, 2.5671E+00, 9.7290E-01, 6.2109E+00, 1.0730E+00, 7.5696E+00
"D                                                                                                                     "
   8600.250, -63399.740, 2.3083E+00, 6.4026E+00,-3.1006E-01, 2.5671E+00, 9.1309E-01, 6.2939E+00, 1.1780E+00, 7.6782E+00
"F2                                                                                                                    "
   8604.570, -63395.420, 2.2180E+00, 6.3623E+00,-3.1372E-01, 2.5659E+00, 5.1270E-01, 5.6555E+00, 1.1096E+00, 7.6074E+00
"B                                                                                                                     "
   8606.580, -63393.410, 2.2681E+00, 6.3745E+00,-3.1372E-01, 2.5671E+00, 6.6040E-01, 5.8569E+00, 1.1426E+00, 7.6392E+00
"C                                                                                                                     "
   8607.900, -63392.090, 2.2791E+00, 6.3818E+00,-3.1494E-01, 2.5671E+00, 7.8247E-01, 5.9778E+00, 1.1560E+00, 7.6550E+00
"B                                                                                                                     "
   8608.980, -63391.010, 2.2632E+00, 6.3586E+00,-3.1006E-01, 2.5671E+00, 8.3862E-01, 6.0962E+00, 9.5825E-01, 7.4548E+00
"C                                                                                                                     "
   8610.330, -63389.660, 2.2705E+00, 6.3782E+00,-3.1860E-01, 2.5659E+00, 1.3525E+00, 6.3733E+00, 1.0498E+00, 7.5537E+00
"D                                                                                                                     "
   8616.870, -63383.120, 2.2913E+00, 6.3940E+00,-3.1372E-01, 2.5671E+00, 9.6802E-01, 6.3257E+00, 1.1621E+00, 7.6636E+00
"F1                                                                                                                    "
   8617.110, -63382.880, 2.2937E+00, 6.3867E+00,-3.1250E-01, 2.5671E+00, 8.0933E-01, 6.1572E+00, 1.1658E+00, 7.6660E+00
"F2                                                                                                                    "
   8619.870, -63380.120, 2.3181E+00, 6.3000E+00,-3.1372E-01, 2.5659E+00, 8.8745E-01, 5.9851E+00, 1.1768E+00, 7.6770E+00
"B                                                                                                                     "
   8621.490, -63378.500, 2.2571E+00, 6.3501E+00,-3.0884E-01, 2.5671E+00, 7.6538E-01, 5.9595E+00, 1.1902E+00, 7.6868E+00
"C                                                                                                                     "
   8622.210, -63377.780, 2.2339E+00, 6.3574E+00,-3.1616E-01, 2.5671E+00, 9.9609E-01, 6.1890E+00, 1.1890E+00, 7.6904E+00
"D                                                                                                                     "
   8623.410, -63376.580, 2.2900E+00, 6.3977E+00,-3.1250E-01, 2.5671E+00, 8.2520E-01, 6.1829E+00, 1.1951E+00, 7.6941E+00
"B                                                                                                                     "
   8623.890, -63376.100, 2.2705E+00, 6.3647E+00,-3.1372E-01, 2.5671E+00, 8.2397E-01, 6.1194E+00, 1.1975E+00, 7.6965E+00
"F2                                                                                                                    "
   8625.840, -63374.150, 2.3010E+00, 6.3940E+00,-3.1372E-01, 2.5659E+00, 7.1289E-01, 5.9790E+00, 1.2000E+00, 7.7026E+00
"B                                                                                                                     "
   8629.350, -63370.640, 2.3035E+00, 6.4050E+00,-3.1128E-01, 2.5671E+00, 1.5356E+00, 6.4038E+00, 1.2256E+00, 7.7258E+00
"C                                                                                                                     "
   8630.010, -63369.980, 2.2534E+00, 6.3599E+00,-3.1250E-01, 2.5659E+00, 1.4343E+00, 6.5698E+00, 1.2329E+00, 7.7319E+00
"D                                                                                                                     "
   8631.690, -63368.300, 2.2668E+00, 6.3672E+00,-3.0884E-01, 2.5671E+00, 1.1060E+00, 6.2512E+00, 1.2439E+00, 7.7454E+00
"C                                                                                                                     "
   8632.590, -63367.400, 2.2302E+00, 6.2671E+00,-3.1006E-01, 2.5659E+00, 8.1543E-01, 6.0583E+00, 1.2537E+00, 7.7515E+00
"F2                                                                                                                    "
   8634.390, -63365.600, 2.1313E+00, 6.2500E+00,-3.1372E-01, 2.5659E+00, 6.3599E-01, 5.9216E+00, 1.2634E+00, 7.7649E+00
"B                                                                                                                     "
   8635.620, -63364.370, 2.2815E+00, 6.3745E+00,-3.1128E-01, 2.5659E+00, 5.2490E-01, 5.6580E+00, 1.2842E+00, 7.7771E+00
"C                                                                                                                     "
   8636.070, -63363.920, 2.2607E+00, 6.3513E+00,-3.1128E-01, 2.5671E+00, 8.8501E-01, 6.1340E+00, 1.2854E+00, 7.7820E+00
"D                                                                                                                     "
   8641.620, -63358.370, 2.2876E+00, 6.3904E+00,-3.1250E-01, 2.5671E+00, 8.3984E-01, 6.2903E+00, 1.3208E+00, 7.8198E+00
"F2                                                                                                                    "
   8646.180, -63353.810, 2.3010E+00, 6.3965E+00,-3.1250E-01, 2.5671E+00, 5.3955E-01, 5.8740E+00, 1.3538E+00, 7.8479E+00
"B                                                                                                                     "
   8651.040, -63348.950, 2.0947E+00, 6.2341E+00,-3.1494E-01, 2.5671E+00, 8.4229E-01, 6.0754E+00, 1.3757E+00, 7.8748E+00
"C                                                                                                                     "
   8651.700, -63348.290, 2.2290E+00, 6.3379E+00,-3.1494E-01, 2.5659E+00, 1.1316E+00, 6.2500E+00, 1.3831E+00, 7.8784E+00
"D                                                                                                                     "
   8654.190, -63345.800, 2.1423E+00, 6.3232E+00,-3.1372E-01, 2.5671E+00, 1.3843E+00, 6.5833E+00, 1.3892E+00, 7.8906E+00
"F2                                                                                                                    "
   8656.110, -63343.880, 2.2986E+00, 6.3928E+00,-3.0762E-01, 2.5659E+00, 6.6772E-01, 5.8948E+00, 1.4063E+00, 7.9004E+00
"C                                                                                                                     "
   8658.630, -63341.360, 2.2632E+00, 6.3611E+00,-3.1372E-01, 2.5671E+00, 9.9854E-01, 6.1987E+00, 1.4185E+00, 7.9126E+00
"D                                                                                                                     "
   8662.590, -63337.400, 2.2485E+00, 6.3477E+00,-3.1006E-01, 2.5671E+00, 9.1919E-01, 6.1450E+00, 1.4343E+00, 7.9285E+00
"B                                                                                                                     "
   8664.120, -63335.870, 2.2742E+00, 6.3733E+00,-3.1494E-01, 2.5671E+00, 7.2388E-01, 5.9790E+00, 1.4331E+00, 7.9346E+00
"F2                                                                                                                    "
   8666.040, -63333.950, 2.0813E+00, 6.2292E+00,-3.0884E-01, 2.5684E+00, 5.8350E-01, 5.7776E+00, 1.4490E+00, 7.9419E+00
"B                                                                                                                     "
   8671.500, -63328.490, 2.1545E+00, 6.3074E+00,-3.1128E-01, 2.5659E+00, 2.8442E-01, 5.5786E+00, 1.4648E+00, 7.9602E+00
"F2                                                                                                                    "
   8672.340, -63327.650, 2.2864E+00, 6.3757E+00,-3.1494E-01, 2.5671E+00, 4.2603E-01, 5.6372E+00, 1.4673E+00, 7.9639E+00
"B                                                                                                                     "
   8688.750, -63311.240, 2.3083E+00, 6.3818E+00,-3.1494E-01, 2.5671E+00, 6.1768E-01, 5.8447E+00, 1.5076E+00, 8.0078E+00
"C                                                                                                                     "
   8689.530, -63310.460, 2.2668E+00, 6.3721E+00,-3.1372E-01, 2.5671E+00, 6.1523E-01, 5.9131E+00, 1.5161E+00, 8.0103E+00
"D                                                                                                                     "
   8850.600, -63149.390, 2.2925E+00, 6.3892E+00,-3.0762E-01, 2.5671E+00, 1.5015E+00, 6.8030E+00, 1.1780E+00, 7.6770E+00
"F2                                                                                                                    "
   8854.830, -63145.160, 2.2815E+00, 6.3818E+00,-3.1250E-01, 2.5684E+00, 7.3486E-01, 5.9412E+00, 1.1804E+00, 7.6880E+00
"B                                                                                                                     "
   8862.660, -63137.330, 2.2546E+00, 6.3513E+00,-3.0884E-01, 2.5684E+00, 1.0583E+00, 6.2830E+00, 1.2061E+00, 7.7014E+00
"C                                                                                                                     "
   8863.740, -63136.250, 2.3328E+00, 6.4233E+00,-3.0884E-01, 2.5671E+00, 1.0059E+00, 6.2622E+00, 1.2109E+00, 7.7039E+00
"D                                                                                                                     "
   8939.100, -63060.890, 2.0972E+00, 6.2292E+00,-3.1372E-01, 2.5684E+00, 1.3428E+00, 6.6260E+00, 1.3123E+00, 7.8137E+00
"C                                                                                                                     "
   8942.970, -63057.020, 2.2925E+00, 6.2988E+00,-3.1250E-01, 2.5684E+00, 1.3562E+00, 6.6296E+00, 1.3196E+00, 7.8186E+00
"D                                                                                                                     "
   9037.020, -62962.970, 2.3450E+00, 6.4526E+00,-3.1372E-01, 2.5671E+00, 1.6125E+00, 6.9336E+00, 1.1365E+00, 7.6367E+00
"F2                                                                                                                    "
   9040.410, -62959.580, 2.3376E+00, 6.4368E+00,-3.1006E-01, 2.5671E+00, 1.0938E+00, 6.2805E+00, 1.1377E+00, 7.6428E+00
"B                                                                                                                     "
   9042.060, -62957.930, 2.3389E+00, 6.4453E+00,-3.1372E-01, 2.5684E+00, 1.5344E+00, 6.7676E+00, 1.1450E+00, 7.6453E+00
"C                                                                                                                     "
   9042.690, -62957.300, 2.3315E+00, 6.4368E+00,-3.1372E-01, 2.5684E+00, 1.7725E+00, 6.9031E+00, 1.1414E+00, 7.6465E+00
"D                                                                                                                     "
   9468.720, -62531.270, 2.1765E+00, 6.3110E+00,-3.1006E-01, 2.5659E+00, 1.4185E+00, 6.7029E+00, 1.3953E+00, 7.8894E+00
"F2                                                                                                                    "
   9471.240, -62528.750, 2.2937E+00, 6.3855E+00,-3.1250E-01, 2.5659E+00, 1.2585E+00, 6.4392E+00, 1.3928E+00, 7.8906E+00
"B                                                                                                                     "
   9476.100, -62523.890, 2.3279E+00, 6.3831E+00,-3.1128E-01, 2.5671E+00, 1.3940E+00, 6.6211E+00, 1.3928E+00, 7.8918E+00
"C                                                                                                                     "
   9476.700, -62523.290, 2.3120E+00, 6.3062E+00,-3.1250E-01, 2.5671E+00, 1.5308E+00, 6.6748E+00, 1.3940E+00, 7.8918E+00
"D                                                                                                                     "
   9477.630, -62522.360, 2.2705E+00, 6.3672E+00,-3.0884E-01, 2.5671E+00, 1.6016E+00, 6.8994E+00, 1.4001E+00, 7.8918E+00
"B                                                                                                                     "
   9478.230, -62521.760, 2.2705E+00, 6.3733E+00,-3.1128E-01, 2.5671E+00, 1.4368E+00, 6.6528E+00, 1.3904E+00, 7.8918E+00
"C                                                                                                                     "
   9479.280, -62520.710, 2.2620E+00, 6.3562E+00,-3.1250E-01, 2.5671E+00, 1.4929E+00, 6.7517E+00, 1.3953E+00, 7.8931E+00
"D                                                                                                                     "
   9499.830, -62500.160, 2.3010E+00, 6.3416E+00,-3.1372E-01, 2.5659E+00, 1.8689E+00, 7.0898E+00, 1.3953E+00, 7.8955E+00
"FB                                                                                                                    "
   9501.150, -62498.840, 2.0996E+00, 6.2415E+00,-3.1372E-01, 2.5671E+00, 1.5906E+00, 6.7908E+00, 1.3965E+00, 7.8955E+00
"C                                                                                                                     "
   9501.840, -62498.150, 2.1594E+00, 6.2488E+00,-3.1250E-01, 2.5671E+00, 1.7334E+00, 6.8738E+00, 1.3989E+00, 7.8967E+00
"D                                                                                                                     "
  10252.380, -61747.610, 2.1838E+00, 6.2976E+00,-3.1494E-01, 2.5671E+00, 1.7456E+00, 6.9702E+00, 1.0669E+00, 7.5732E+00
"F2                                                                                                                    "
  10254.390, -61745.600, 2.2144E+00, 6.3184E+00,-3.1006E-01, 2.5671E+00, 1.1243E+00, 6.3525E+00, 1.0706E+00, 7.5745E+00
"B                                                                                                                     "
  10256.160, -61743.830, 2.1362E+00, 6.2830E+00,-3.1616E-01, 2.5671E+00, 1.4697E+00, 6.6699E+00, 1.0681E+00, 7.5720E+00
"C                                                                                                                     "
  10256.730, -61743.260, 2.2058E+00, 6.3123E+00,-3.1250E-01, 2.5671E+00, 1.5967E+00, 6.7053E+00, 1.0693E+00, 7.5720E+00
"D                                                                                                                     "
  10617.060, -61382.930, 2.1301E+00, 6.2720E+00,-3.1128E-01, 2.5671E+00, 1.3831E+00, 6.7139E+00, 1.0730E+00, 7.5769E+00
"C                                                                                                                     "
  10617.960, -61382.030, 2.1521E+00, 6.2610E+00,-3.1372E-01, 2.5671E+00, 1.7224E+00, 6.9092E+00, 1.0803E+00, 7.5806E+00
"D                                                                                                                     "
  11330.280, -60669.710, 2.1802E+00, 6.2915E+00,-3.1494E-01, 2.5671E+00, 1.6455E+00, 6.8909E+00, 1.2610E+00, 7.7612E+00
"B                                                                                                                     "
  11333.730, -60666.260, 2.1680E+00, 6.2744E+00,-3.1494E-01, 2.5671E+00, 1.2207E+00, 6.4600E+00, 1.2695E+00, 7.7722E+00
"C                                                                                                                     "
  11334.270, -60665.720, 2.2021E+00, 6.2781E+00,-3.1250E-01, 2.5659E+00, 1.4258E+00, 6.6455E+00, 1.2756E+00, 7.7734E+00
"D                                                                                                                     "
  11393.130, -60606.860, 2.1790E+00, 6.2207E+00,-3.1006E-01, 2.5659E+00, 1.7114E+00, 6.9092E+00, 1.3940E+00, 7.8870E+00
"C                                                                                                                     "
  11394.540, -60605.450, 2.2400E+00, 6.3196E+00,-3.1372E-01, 2.5659E+00, 1.5759E+00, 6.8701E+00, 1.3892E+00, 7.8882E+00
"D                                                                                                                     "
  11909.700, -60090.290, 2.0654E+00, 6.2231E+00,-3.0884E-01, 2.5671E+00, 1.6223E+00, 6.8103E+00, 1.4282E+00, 7.9224E+00
"C                                                                                                                     "
  11910.720, -60089.270, 2.0581E+00, 6.2183E+00,-3.0762E-01, 2.5696E+00, 1.4819E+00, 6.7834E+00, 1.4294E+00, 7.9224E+00
"D                                                                                                                     "
  12134.460, -59865.530, 2.1448E+00, 6.2585E+00,-3.0884E-01, 2.5684E+00, 1.4453E+00, 6.7322E+00, 1.2292E+00, 7.7271E+00
"B                                                                                                                     "
  12134.850, -59865.140, 2.2278E+00, 6.3245E+00,-3.1128E-01, 2.5684E+00, 9.3506E-01, 6.2073E+00, 1.2329E+00, 7.7295E+00
"F2                                                                                                                    "
  12136.440, -59863.550, 2.1619E+00, 6.2476E+00,-3.1128E-01, 2.5684E+00, 1.1353E+00, 6.3452E+00, 1.2378E+00, 7.7356E+00
"B                                                                                                                     "
  12138.240, -59861.750, 2.1057E+00, 6.2207E+00,-3.1128E-01, 2.5684E+00, 1.4575E+00, 6.7188E+00, 1.2390E+00, 7.7405E+00
"D                                                                                                                     "
  12859.950, -59140.040, 2.1411E+00, 6.2854E+00,-3.1128E-01, 2.5659E+00, 1.2219E+00, 6.5515E+00, 5.1514E-01, 7.0544E+00
"F2                                                                                                                    "
  12861.300, -59138.690, 2.1118E+00, 6.2097E+00,-3.1006E-01, 2.5647E+00, 1.0840E+00, 6.2036E+00, 6.3843E-01, 7.1350E+00
"B                                                                                                                     "
  12866.190, -59133.800, 2.0959E+00, 6.2036E+00,-3.1128E-01, 2.5659E+00, 8.2886E-01, 6.0193E+00, 7.2021E-01, 7.2217E+00
"C                                                                                                                     "
  12867.720, -59132.270, 2.1558E+00, 6.2427E+00,-3.1006E-01, 2.5659E+00, 1.4636E+00, 6.8140E+00, 7.3242E-01, 7.2327E+00
"D                                                                                                                     "
  13396.680, -58603.310, 2.1143E+00, 6.2244E+00,-3.1372E-01, 2.5671E+00, 1.2549E+00, 6.5466E+00, 1.0266E+00, 7.5330E+00
"P                                                                                                                     "
  13403.580, -58596.410, 1.9885E+00, 6.0767E+00,-3.0518E-01, 2.5671E+00,-1.9653E-01, 5.2832E+00, 1.0413E+00, 7.5391E+00
"Z                                                                                                                     "
  18511.020, -53488.970, 2.3071E+00, 6.3867E+00,-3.0762E-01, 2.5647E+00,-4.7241E-01, 4.7498E+00, 8.4961E-01, 7.3511E+00
"P                                                                                                                     "
  18538.920, -53461.070, 1.9751E+00, 6.0901E+00,-3.1128E-01, 2.5647E+00,-6.5308E-01, 4.5679E+00, 9.5459E-01, 7.4573E+00
"B2                                                                                                                    "
  18542.190, -53457.800, 1.9080E+00, 6.0767E+00,-3.1006E-01, 2.5635E+00,-6.4087E-01, 4.5862E+00, 9.6680E-01, 7.4683E+00
"P                                                                                                                     "
  18550.470, -53449.520, 2.0203E+00, 6.1206E+00,-3.1128E-01, 2.5647E+00,-3.2959E-01, 4.8779E+00, 6.9824E-01, 7.2058E+00
"G                                                                                                                     "
  36000.060, -35999.930,-5.8350E-01, 3.5571E+00,-3.1494E-01, 2.5574E+00,-3.9795E-01, 4.8193E+00, 4.4312E-01, 6.9434E+00
