"NP                                                                                                                    "
    228.840, -71771.150,-5.4932E-01, 3.5889E+00,-3.1616E-01, 2.5708E+00,-4.8706E-01, 4.7449E+00, 1.4624E+00, 7.6257E+00
"P                                                                                                                     "
    257.070, -71742.920,-5.6274E-01, 3.5742E+00,-3.1982E-01, 2.5623E+00,-4.8584E-01, 4.7449E+00, 1.1865E+00, 7.6831E+00
"B2                                                                                                                    "
    260.670, -71739.320,-5.4565E-01, 3.6011E+00,-3.3203E-01, 2.5549E+00,-4.9072E-01, 4.7449E+00, 1.1523E+00, 7.6636E+00
"P                                                                                                                     "
    300.270, -71699.720,-8.7402E-01, 3.2532E+00, 8.5815E-01, 3.7463E+00,-4.8340E-01, 4.7437E+00,-1.1597E-01, 6.6040E+00
"Z                                                                                                                     "
    313.920, -71686.070,-7.8125E-01, 3.3704E+00, 8.7402E-01, 3.7231E+00,-4.8706E-01, 4.7424E+00, 9.8145E-01, 7.4121E+00
"P                                                                                                                     "
    335.610, -71664.380,-1.8677E-01, 3.9368E+00, 1.0779E+00, 3.9270E+00,-4.8584E-01, 4.7449E+00, 9.6069E-01, 7.4683E+00
"B2                                                                                                                    "
    337.500, -71662.490,-6.1890E-01, 3.5291E+00, 9.5581E-01, 3.8647E+00,-4.8950E-01, 4.7437E+00, 9.6558E-01, 7.4597E+00
"P                                                                                                                     "
    351.240, -71648.750,-4.0527E-01, 3.7000E+00, 1.4001E+00, 4.2554E+00,-4.8950E-01, 4.7437E+00, 9.0210E-01, 7.5195E+00
"Z                                                                                                                     "
    362.280, -71637.710,-5.5664E-01, 3.5938E+00, 1.1145E+00, 3.9648E+00,-4.8828E-01, 4.7424E+00, 1.0095E+00, 7.4280E+00
"P                                                                                                                     "
    407.400, -71592.590,-1.6479E-01, 3.9941E+00, 1.1804E+00, 4.0308E+00,-4.8462E-01, 4.7437E+00, 6.2378E-01, 7.1289E+00
"B2                                                                                                                    "
    411.540, -71588.450,-2.0752E-02, 4.1125E+00, 1.2402E+00, 4.0894E+00,-4.9194E-01, 4.7424E+00, 6.7139E-01, 7.1350E+00
"P                                                                                                                     "
    429.810, -71570.180, 4.7363E-01, 4.5862E+00, 1.2622E+00, 4.1064E+00,-4.8828E-01, 4.7424E+00, 4.6997E-01, 6.9727E+00
"B2                                                                                                                    "
    434.250, -71565.740, 4.6997E-01, 4.8926E+00, 1.2256E+00, 4.0833E+00,-4.9072E-01, 4.7424E+00, 4.3701E-01, 6.9434E+00
"P                                                                                                                     "
    439.920, -71560.070, 1.6248E+00, 5.6934E+00, 1.2073E+00, 4.0613E+00,-4.8828E-01, 4.7412E+00, 5.3101E-01, 7.0435E+00
"C                                                                                                                     "
    442.290, -71557.700, 1.4673E+00, 5.5688E+00, 1.2561E+00, 4.1064E+00,-4.9683E-01, 4.7424E+00, 7.9468E-01, 7.3059E+00
"D                                                                                                                     "
    574.950, -71425.040, 4.5410E-01, 4.5789E+00, 1.2207E+00, 4.0710E+00,-4.8218E-01, 4.7473E+00, 1.2769E+00, 7.7661E+00
"F2                                                                                                                    "
    577.320, -71422.670, 6.1035E-03, 4.2017E+00, 1.2524E+00, 4.1040E+00,-4.9072E-01, 4.7473E+00, 1.0522E+00, 7.5952E+00
"B                                                                                                                     "
    584.940, -71415.050,-4.3945E-01, 3.7012E+00, 1.2500E+00, 4.0942E+00,-4.8584E-01, 4.7473E+00, 1.5735E+00, 8.0676E+00
"D                                                                                                                     "
    686.160, -71313.830,-5.2002E-01, 3.6279E+00, 1.1926E+00, 4.0491E+00,-4.6387E-01, 4.7913E+00, 1.3928E+00, 7.9004E+00
"D                                                                                                                     "
    739.140, -71260.850,-5.2124E-01, 3.6255E+00, 1.1475E+00, 4.0015E+00,-4.7485E-01, 4.7595E+00, 1.4722E+00, 7.9675E+00
"DG                                                                                                                    "
    790.290, -71209.700,-5.1270E-01, 3.6243E+00, 1.0388E+00, 3.8892E+00,-4.4067E-01, 4.7778E+00, 1.5894E+00, 8.0835E+00
"P                                                                                                                     "
    793.770, -71206.220,-5.0903E-01, 3.6243E+00, 1.0535E+00, 3.9001E+00,-4.0039E-01, 4.8157E+00, 1.2561E+00, 7.8845E+00
"Z                                                                                                                     "
    896.910, -71103.080,-5.2979E-01, 3.6072E+00, 1.1279E+00, 3.9783E+00,-4.5166E-01, 4.7754E+00, 3.0518E-01, 6.3538E+00
"P                                                                                                                     "
    912.660, -71087.330,-5.3955E-01, 3.6084E+00, 1.1096E+00, 3.9661E+00,-3.2349E-01, 4.9377E+00, 1.2708E+00, 7.7771E+00
"G                                                                                                                     "
    952.440, -71047.550,-5.3833E-01, 3.5974E+00, 1.2793E+00, 4.1248E+00,-4.7729E-01, 4.7498E+00,-2.6733E-01, 6.2720E+00
"Z                                                                                                                     "
   4240.200, -67759.790,-5.6763E-01, 3.5730E+00,-3.3081E-01, 2.5525E+00,-4.8218E-01, 4.7534E+00,-3.0884E-01, 6.2122E+00
"P                                                                                                                     "
   4256.640, -67743.350,-5.1514E-01, 3.6279E+00,-3.2959E-01, 2.5525E+00,-4.8096E-01, 4.7522E+00,-2.3193E-02, 6.4978E+00
"C                                                                                                                     "
   4257.360, -67742.630,-5.1636E-01, 3.6292E+00,-3.3203E-01, 2.5525E+00,-4.7852E-01, 4.7534E+00, 1.9531E-02, 6.5369E+00
"B                                                                                                                     "
   4259.370, -67740.620,-5.0781E-01, 3.6328E+00,-3.3203E-01, 2.5525E+00,-4.7729E-01, 4.7522E+00, 2.0020E-01, 6.6541E+00
"C                                                                                                                     "
   4260.030, -67739.960,-5.1514E-01, 3.6328E+00,-3.3325E-01, 2.5525E+00,-4.8340E-01, 4.7510E+00, 1.2207E-03, 6.5283E+00
"B                                                                                                                     "
   4265.340, -67734.650,-4.9194E-01, 3.6475E+00,-3.2959E-01, 2.5525E+00,-4.7119E-01, 4.7522E+00, 4.3091E-01, 6.8054E+00
"C                                                                                                                     "
   4268.340, -67731.650,-4.8462E-01, 3.6511E+00,-3.3203E-01, 2.5525E+00,-4.7485E-01, 4.7522E+00, 1.5869E-01, 6.6577E+00
"D                                                                                                                     "
   4295.160, -67704.830,-4.8340E-01, 3.6511E+00,-3.3325E-01, 2.5525E+00,-4.7607E-01, 4.7522E+00, 3.2471E-01, 6.8274E+00
"B                                                                                                                     "
   4300.260, -67699.730,-4.8340E-01, 3.6536E+00,-3.2837E-01, 2.5525E+00,-4.7363E-01, 4.7522E+00, 5.5908E-01, 6.9177E+00
"C                                                                                                                     "
   4302.150, -67697.840,-4.9194E-01, 3.6548E+00,-3.3203E-01, 2.5525E+00,-4.8218E-01, 4.7498E+00, 4.2114E-01, 6.9312E+00
"D                                                                                                                     "
   4331.550, -67668.440,-5.2368E-01, 3.6169E+00,-3.2959E-01, 2.5525E+00,-3.2104E-01, 4.9036E+00, 3.9917E-01, 6.9104E+00
"F2                                                                                                                    "
   4333.560, -67666.430,-5.2368E-01, 3.6121E+00,-3.2959E-01, 2.5525E+00,-4.5532E-01, 4.7754E+00, 5.0171E-01, 7.0251E+00
"B                                                                                                                     "
   4334.700, -67665.290,-5.2734E-01, 3.6108E+00,-3.3203E-01, 2.5525E+00,-4.8340E-01, 4.7559E+00, 6.3110E-01, 7.0996E+00
"C                                                                                                                     "
   4337.820, -67662.170,-5.6641E-01, 3.5718E+00,-3.2837E-01, 2.5525E+00,-4.7974E-01, 4.7485E+00, 5.3223E-01, 7.0300E+00
"B                                                                                                                     "
   4344.750, -67655.240,-5.6885E-01, 3.5693E+00,-3.3081E-01, 2.5525E+00,-4.7729E-01, 4.7534E+00, 3.5522E-01, 6.8701E+00
"F2                                                                                                                    "
   4346.040, -67653.950,-5.6641E-01, 3.5693E+00,-3.2837E-01, 2.5525E+00,-4.7607E-01, 4.7510E+00, 4.3457E-01, 6.9275E+00
"B                                                                                                                     "
   4350.060, -67649.930,-5.6641E-01, 3.5681E+00,-3.2837E-01, 2.5525E+00,-5.4810E-01, 4.6655E+00, 4.5410E-01, 6.9568E+00
"D                                                                                                                     "
   4373.520, -67626.470,-5.7251E-01, 3.5706E+00,-3.2959E-01, 2.5525E+00,-4.7607E-01, 4.7522E+00, 5.0171E-01, 7.0056E+00
"C                                                                                                                     "
   4374.840, -67625.150,-5.7617E-01, 3.5706E+00,-3.3081E-01, 2.5525E+00,-4.8218E-01, 4.7534E+00, 6.2744E-01, 7.1399E+00
"D                                                                                                                     "
   4491.360, -67508.630,-5.7129E-01, 3.5706E+00,-3.2715E-01, 2.5537E+00,-4.7363E-01, 4.7534E+00, 1.0266E+00, 7.5220E+00
"C                                                                                                                     "
   4492.800, -67507.190,-5.7983E-01, 3.5693E+00,-3.3081E-01, 2.5537E+00,-4.8218E-01, 4.7546E+00, 9.1797E-01, 7.4243E+00
"D                                                                                                                     "
   4502.250, -67497.740,-5.7739E-01, 3.5706E+00,-3.2959E-01, 2.5537E+00,-4.8340E-01, 4.7534E+00, 8.8501E-01, 7.3767E+00
"C                                                                                                                     "
   4503.690, -67496.300,-5.6763E-01, 3.5706E+00,-3.2837E-01, 2.5525E+00,-4.7363E-01, 4.7534E+00, 9.2896E-01, 7.4365E+00
"P                                                                                                                     "
   4504.860, -67495.130,-5.7251E-01, 3.5681E+00,-3.2959E-01, 2.5525E+00,-4.8218E-01, 4.7534E+00, 1.7578E-01, 7.0337E+00
"Z                                                                                                                     "
   6473.820, -65526.170,-5.6763E-01, 3.5681E+00,-3.3203E-01, 2.5513E+00,-2.8320E-01, 4.9426E+00, 1.0986E-02, 6.2573E+00
"P                                                                                                                     "
   6495.600, -65504.390,-5.7739E-01, 3.5669E+00,-3.3203E-01, 2.5513E+00,-2.9541E-01, 4.9390E+00,-2.5757E-01, 6.3196E+00
"Z                                                                                                                     "
  12209.490, -59790.500,-6.1157E-01, 3.7524E+00,-3.2227E-01, 2.5562E+00,-3.6621E-01, 4.8584E+00, 6.0425E-01, 7.2205E+00
"P                                                                                                                     "
  12245.670, -59754.320,-1.2170E+00, 2.9126E+00,-3.2471E-01, 2.5488E+00,-3.6499E-01, 4.8584E+00,-4.6753E-01, 6.0425E+00
"F2                                                                                                                    "
  12248.940, -59751.050,-1.2122E+00, 2.9358E+00,-3.2837E-01, 2.5500E+00,-3.6987E-01, 4.8596E+00,-5.1147E-01, 6.0071E+00
"P                                                                                                                     "
  12257.940, -59742.050,-1.1865E+00, 2.9443E+00,-3.2471E-01, 2.5488E+00,-3.6377E-01, 4.8596E+00,-4.0771E-01, 6.0938E+00
"C                                                                                                                     "
  12263.070, -59736.920,-1.1731E+00, 2.9871E+00,-3.2959E-01, 2.5500E+00,-3.7476E-01, 4.8596E+00, 2.6001E-01, 6.7908E+00
"B                                                                                                                     "
  12266.070, -59733.920,-1.4160E+00, 2.7600E+00,-3.0518E-01, 2.5769E+00,-3.6743E-01, 4.8608E+00,-3.4424E-01, 6.1804E+00
"D                                                                                                                     "
  12271.440, -59728.550,-1.3562E+00, 2.7881E+00,-3.1006E-01, 2.5586E+00,-3.6621E-01, 4.8596E+00,-2.6855E-01, 6.2354E+00
"B                                                                                                                     "
  12273.960, -59726.030,-1.2671E+00, 2.8735E+00,-3.2593E-01, 2.5500E+00,-3.6743E-01, 4.8596E+00,-4.2847E-01, 6.0913E+00
"C                                                                                                                     "
  12274.740, -59725.250,-1.2708E+00, 2.9248E+00,-3.2593E-01, 2.5500E+00,-3.6377E-01, 4.8596E+00,-2.5269E-01, 6.2573E+00
"D                                                                                                                     "
  12276.720, -59723.270,-1.3696E+00, 2.8003E+00,-3.2471E-01, 2.5513E+00,-3.6987E-01, 4.8596E+00,-2.6489E-01, 6.2476E+00
"B                                                                                                                     "
  12279.810, -59720.180,-1.1951E+00, 2.9517E+00,-3.2959E-01, 2.5500E+00,-3.7109E-01, 4.8596E+00,-2.2583E-01, 6.2085E+00
"C                                                                                                                     "
  12280.440, -59719.550,-1.4941E+00, 2.6758E+00,-3.2837E-01, 2.5500E+00,-3.7354E-01, 4.8596E+00,-1.0986E-01, 6.4026E+00
"B                                                                                                                     "
  12281.700, -59718.290,-1.4294E+00, 2.7332E+00,-3.2593E-01, 2.5500E+00,-3.6621E-01, 4.8608E+00,-1.9897E-01, 6.3257E+00
"C                                                                                                                     "
  12284.700, -59715.290,-1.4063E+00, 2.7527E+00,-3.2593E-01, 2.5537E+00,-3.7354E-01, 4.8608E+00,-1.6357E-01, 6.3611E+00
"D                                                                                                                     "
  12293.670, -59706.320,-1.4380E+00, 2.7161E+00, 2.8076E-01, 3.1470E+00,-3.6621E-01, 4.8596E+00,-6.1035E-02, 6.4526E+00
"F2                                                                                                                    "
  12296.280, -59703.710,-1.3550E+00, 2.8149E+00, 1.6113E-01, 3.0493E+00,-3.7354E-01, 4.8596E+00,-2.9663E-01, 6.2134E+00
"C                                                                                                                     "
  12299.250, -59700.740,-1.3074E+00, 2.8638E+00, 7.9956E-01, 3.5254E+00,-3.7354E-01, 4.8584E+00,-1.0986E-01, 6.4111E+00
"D                                                                                                                     "
  12306.450, -59693.540,-1.1890E+00, 2.9541E+00, 9.0942E-01, 3.7488E+00,-3.6621E-01, 4.8596E+00,-1.3916E-01, 6.3892E+00
"F2                                                                                                                    "
  12307.890, -59692.100,-1.1914E+00, 2.9712E+00, 8.5571E-01, 3.6707E+00,-3.7476E-01, 4.8584E+00, 2.8076E-02, 6.5015E+00
"B                                                                                                                     "
  12310.140, -59689.850,-1.1536E+00, 2.9932E+00, 5.0049E-01, 3.3789E+00,-3.6865E-01, 4.8596E+00,-1.2695E-01, 6.3879E+00
"C                                                                                                                     "
  12312.180, -59687.810,-1.1304E+00, 3.0261E+00, 8.2520E-01, 3.6768E+00,-3.7109E-01, 4.8584E+00,-7.5684E-02, 6.4453E+00
"D                                                                                                                     "
  12313.470, -59686.520,-1.1780E+00, 2.9858E+00, 7.9346E-01, 3.6377E+00,-3.6743E-01, 4.8584E+00,-5.3711E-02, 6.4526E+00
"B                                                                                                                     "
  12319.140, -59680.850,-1.1194E+00, 3.0493E+00, 7.4585E-01, 3.6023E+00,-3.7598E-01, 4.8572E+00,-1.2817E-01, 6.3977E+00
"C                                                                                                                     "
  12319.950, -59680.040,-1.0864E+00, 3.0566E+00, 7.3730E-01, 3.5950E+00,-3.6865E-01, 4.8584E+00,-9.7656E-03, 6.5027E+00
"D                                                                                                                     "
  12322.140, -59677.850,-1.0913E+00, 3.0591E+00, 3.1616E-01, 3.1689E+00,-3.6987E-01, 4.8584E+00,-2.0752E-02, 6.4844E+00
"C                                                                                                                     "
  12323.160, -59676.830,-1.0901E+00, 3.0713E+00, 7.2998E-01, 3.5718E+00,-3.6987E-01, 4.8584E+00,-1.8311E-01, 6.3257E+00
"B                                                                                                                     "
  12325.650, -59674.340,-1.0962E+00, 3.0615E+00, 8.4473E-01, 3.6926E+00,-3.7720E-01, 4.8584E+00,-1.7090E-01, 6.2720E+00
"B                                                                                                                     "
  12343.860, -59656.130,-9.4360E-01, 3.2056E+00,-3.2837E-01, 2.5488E+00,-3.7720E-01, 4.8572E+00,-1.2207E-02, 6.4978E+00
"C                                                                                                                     "
  12344.730, -59655.260,-9.3628E-01, 3.2153E+00,-3.2837E-01, 2.5513E+00,-3.6865E-01, 4.8572E+00,-1.4648E-02, 6.4868E+00
"D                                                                                                                     "
  12393.150, -59606.840,-7.0557E-01, 3.4399E+00,-3.2837E-01, 2.5488E+00,-3.6865E-01, 4.8572E+00, 1.2329E-01, 6.6357E+00
"F1                                                                                                                    "
  12394.170, -59605.820,-7.7026E-01, 3.3972E+00,-3.2959E-01, 2.5488E+00,-3.7476E-01, 4.8560E+00, 1.7578E-01, 6.7444E+00
"F2                                                                                                                    "
  12397.230, -59602.760,-6.9946E-01, 3.4387E+00,-3.2471E-01, 2.5488E+00,-3.6865E-01, 4.8572E+00, 1.7090E-01, 6.7004E+00
"B                                                                                                                     "
  12401.550, -59598.440,-6.8237E-01, 3.4583E+00,-3.2227E-01, 2.5500E+00,-3.6621E-01, 4.8584E+00, 3.7354E-01, 6.8091E+00
"C                                                                                                                     "
  12402.270, -59597.720,-6.7261E-01, 3.4607E+00,-3.3081E-01, 2.5500E+00,-3.6987E-01, 4.8584E+00, 2.1118E-01, 6.7346E+00
"D                                                                                                                     "
  12464.700, -59535.290,-6.2256E-01, 3.5229E+00,-3.2959E-01, 2.5488E+00,-3.7842E-01, 4.8584E+00, 3.1860E-01, 6.8420E+00
"F1                                                                                                                    "
  12467.520, -59532.470,-5.9692E-01, 3.5388E+00,-3.2837E-01, 2.5488E+00,-3.6865E-01, 4.8596E+00, 3.8696E-01, 6.9006E+00
"F2                                                                                                                    "
  12470.250, -59529.740,-5.9692E-01, 3.5413E+00,-3.2837E-01, 2.5488E+00,-3.7598E-01, 4.8596E+00, 4.3945E-01, 6.9592E+00
"B                                                                                                                     "
  12474.150, -59525.840,-6.2134E-01, 3.5242E+00,-3.2715E-01, 2.5488E+00,-3.6865E-01, 4.8584E+00, 3.3569E-01, 6.8396E+00
"C                                                                                                                     "
  12475.410, -59524.580,-6.0913E-01, 3.5339E+00,-3.2959E-01, 2.5488E+00,-3.7598E-01, 4.8596E+00, 3.4058E-01, 6.8567E+00
"D                                                                                                                     "
  12500.100, -59499.890,-6.0059E-01, 3.5425E+00,-3.2593E-01, 2.5488E+00,-3.6499E-01, 4.8584E+00, 3.6499E-01, 6.8774E+00
"F1                                                                                                                    "
  12506.070, -59493.920,-5.7983E-01, 3.5681E+00,-3.2715E-01, 2.5488E+00,-3.7598E-01, 4.8584E+00, 4.2603E-01, 6.9397E+00
"F2                                                                                                                    "
  12507.750, -59492.240,-5.9204E-01, 3.5596E+00,-3.3081E-01, 2.5488E+00,-3.7476E-01, 4.8596E+00, 3.8574E-01, 6.9141E+00
"B                                                                                                                     "
  12510.990, -59489.000,-5.6885E-01, 3.5828E+00,-3.3081E-01, 2.5488E+00,-3.7231E-01, 4.8584E+00, 6.0669E-01, 7.0032E+00
"C                                                                                                                     "
  12511.830, -59488.160,-5.6885E-01, 3.5828E+00,-3.2715E-01, 2.5488E+00,-3.6987E-01, 4.8584E+00, 4.2847E-01, 6.9324E+00
"D                                                                                                                     "
  12672.390, -59327.600,-5.1392E-01, 3.6243E+00,-3.2959E-01, 2.5488E+00,-3.6377E-01, 4.8608E+00, 7.3608E-01, 7.1753E+00
"P                                                                                                                     "
  12713.130, -59286.860,-5.1636E-01, 3.6316E+00,-3.2959E-01, 2.5488E+00,-3.7231E-01, 4.8608E+00, 2.5024E-01, 6.7676E+00
"B2                                                                                                                    "
  12715.320, -59284.670,-5.4932E-01, 3.6047E+00,-3.2715E-01, 2.5488E+00,-3.7231E-01, 4.8608E+00, 2.2461E-01, 6.7407E+00
"P                                                                                                                     "
  12742.650, -59257.340,-4.2358E-01, 3.7207E+00,-3.3203E-01, 2.5488E+00,-3.7109E-01, 4.8608E+00, 2.1240E-01, 6.7407E+00
"B                                                                                                                     "
  12747.150, -59252.840,-5.2734E-01, 3.6133E+00,-3.2959E-01, 2.5488E+00,-3.7354E-01, 4.8608E+00, 3.5156E-01, 6.8762E+00
"C                                                                                                                     "
  12749.940, -59250.050,-5.2490E-01, 3.6243E+00,-3.2959E-01, 2.5500E+00,-3.6621E-01, 4.8608E+00, 3.9795E-01, 6.8994E+00
"B                                                                                                                     "
  12754.470, -59245.520,-4.8218E-01, 3.6548E+00,-3.2959E-01, 2.5488E+00,-3.6255E-01, 4.8608E+00, 4.5044E-01, 6.9519E+00
"D                                                                                                                     "
  12767.160, -59232.830,-5.5176E-01, 3.5889E+00,-3.2715E-01, 2.5488E+00,-3.6743E-01, 4.8608E+00, 5.1025E-01, 7.0105E+00
"C                                                                                                                     "
  12768.630, -59231.360,-5.5054E-01, 3.5974E+00,-3.2959E-01, 2.5488E+00,-3.7109E-01, 4.8608E+00, 4.8828E-01, 7.0239E+00
"D                                                                                                                     "
  12818.700, -59181.290,-4.4678E-01, 3.6975E+00,-3.3081E-01, 2.5488E+00,-3.7476E-01, 4.8621E+00, 6.3843E-01, 7.1448E+00
"G                                                                                                                     "
  12973.380, -59026.610,-4.7241E-01, 3.6731E+00,-3.3203E-01, 2.5476E+00,-3.6987E-01, 4.8608E+00,-2.5635E-01, 6.3257E+00
"Z                                                                                                                     "
  34953.600, -37046.390,-5.8838E-01, 3.5608E+00, 9.6436E-01, 3.8098E+00,-4.9683E-01, 4.7375E+00, 8.5449E-02, 6.5259E+00
"P                                                                                                                     "
  34995.000, -37004.990,-5.8960E-01, 3.5608E+00, 8.4839E-01, 3.7085E+00,-4.9805E-01, 4.7363E+00,-2.6611E-01, 6.2585E+00
"B2                                                                                                                    "
  34999.260, -37000.730,-5.9326E-01, 3.5498E+00, 8.8379E-01, 3.7158E+00,-4.9438E-01, 4.7363E+00,-2.6245E-01, 6.2561E+00
"P                                                                                                                     "
  35059.920, -36940.070,-5.8960E-01, 3.5608E+00, 9.0210E-01, 3.7537E+00,-4.9805E-01, 4.7363E+00,-3.4180E-01, 6.1609E+00
"Z                                                                                                                     "
  35085.810, -36914.180,-5.8716E-01, 3.5632E+00, 8.9722E-01, 3.7451E+00,-4.5776E-01, 4.7778E+00,-6.3477E-02, 6.4905E+00
"P                                                                                                                     "
  35124.450, -36875.540,-5.2368E-01, 3.6243E+00, 8.2397E-01, 3.6560E+00,-4.7729E-01, 4.7571E+00,-5.2612E-01, 6.0034E+00
"B2                                                                                                                    "
  35126.820, -36873.170,-5.2246E-01, 3.6279E+00, 8.7036E-01, 3.7109E+00,-4.7363E-01, 4.7583E+00,-5.0781E-01, 5.9912E+00
"P                                                                                                                     "
  35136.090, -36863.900,-5.1758E-01, 3.6267E+00, 8.6670E-01, 3.7109E+00,-4.8584E-01, 4.7437E+00,-3.6011E-01, 6.1145E+00
"C                                                                                                                     "
  35140.890, -36859.100,-5.0903E-01, 3.6267E+00, 7.7759E-01, 3.6243E+00,-4.9194E-01, 4.7388E+00,-2.7466E-01, 6.2366E+00
"D                                                                                                                     "
  35143.860, -36856.130,-5.0903E-01, 3.6328E+00, 7.8613E-01, 3.6047E+00,-4.9072E-01, 4.7363E+00,-2.3315E-01, 6.2817E+00
"B                                                                                                                     "
  35145.990, -36854.000,-5.0781E-01, 3.6279E+00, 7.6904E-01, 3.6145E+00,-4.9316E-01, 4.7375E+00,-2.4902E-01, 6.2573E+00
"C                                                                                                                     "
  35148.720, -36851.270,-5.0903E-01, 3.6243E+00, 7.8979E-01, 3.6597E+00,-4.8950E-01, 4.7375E+00,-2.1240E-01, 6.3013E+00
"D                                                                                                                     "
  35151.780, -36848.210,-5.2002E-01, 3.6243E+00, 8.4229E-01, 3.6938E+00,-4.9683E-01, 4.7375E+00,-2.5391E-01, 6.2854E+00
"B                                                                                                                     "
  35156.940, -36843.050,-5.2246E-01, 3.6243E+00, 7.5806E-01, 3.6157E+00,-4.9316E-01, 4.7449E+00,-3.1128E-01, 6.1682E+00
"C                                                                                                                     "
  35160.150, -36839.840,-5.0903E-01, 3.6279E+00, 7.5562E-01, 3.5986E+00,-4.9194E-01, 4.7375E+00,-1.5259E-01, 6.3586E+00
"D                                                                                                                     "
  35180.310, -36819.680,-5.7251E-01, 3.5657E+00, 8.1909E-01, 3.6658E+00,-4.9561E-01, 4.7388E+00,-1.4160E-01, 6.3806E+00
"F2                                                                                                                    "
  35182.560, -36817.430,-5.8472E-01, 3.5657E+00, 7.3730E-01, 3.5999E+00,-4.9805E-01, 4.7388E+00,-2.4414E-02, 6.6479E+00
"B                                                                                                                     "
  35194.320, -36805.670,-5.8716E-01, 3.5657E+00, 7.3730E-01, 3.5962E+00,-4.9805E-01, 4.7388E+00,-2.0508E-01, 6.3184E+00
"P                                                                                                                     "
  35214.660, -36785.330,-5.8594E-01, 3.5657E+00, 7.0801E-01, 3.5657E+00,-4.9683E-01, 4.7400E+00, 4.2725E-02, 6.5601E+00
"C                                                                                                                     "
  35220.240, -36779.750,-6.6040E-01, 3.5059E+00, 7.9956E-01, 3.6438E+00,-4.9316E-01, 4.7388E+00,-1.9531E-02, 6.4917E+00
"B                                                                                                                     "
  35224.290, -36775.700,-5.6519E-01, 3.5730E+00, 6.1890E-01, 3.4912E+00,-4.9438E-01, 4.7388E+00,-9.0332E-02, 6.4368E+00
"F2                                                                                                                    "
  35226.930, -36773.060,-5.7617E-01, 3.5693E+00, 6.8726E-01, 3.5437E+00,-4.9438E-01, 4.7388E+00,-1.2451E-01, 6.4026E+00
"C                                                                                                                     "
  35232.150, -36767.840,-5.8105E-01, 3.5706E+00, 6.9458E-01, 3.5437E+00,-4.9683E-01, 4.7388E+00, 1.4526E-01, 6.6589E+00
"D                                                                                                                     "
  35265.990, -36734.000,-5.6519E-01, 3.5718E+00, 7.7393E-01, 3.6218E+00,-4.8828E-01, 4.7400E+00, 2.7100E-01, 6.7725E+00
"F2                                                                                                                    "
  35267.550, -36732.440,-5.6152E-01, 3.5730E+00, 6.9580E-01, 3.5498E+00,-4.8706E-01, 4.7412E+00, 2.0996E-01, 6.7139E+00
"FB                                                                                                                    "
  35273.730, -36726.260,-5.6274E-01, 3.5730E+00, 6.7871E-01, 3.5315E+00,-4.9072E-01, 4.7412E+00, 3.0151E-01, 6.7944E+00
"C                                                                                                                     "
  35275.650, -36724.340,-5.6030E-01, 3.5718E+00, 7.1411E-01, 3.5535E+00,-4.8706E-01, 4.7400E+00, 3.0762E-01, 6.8127E+00
"D                                                                                                                     "
  35323.410, -36676.580,-5.6274E-01, 3.5754E+00, 7.5073E-01, 3.5974E+00,-4.9194E-01, 4.7412E+00, 3.6621E-01, 6.8994E+00
"F2                                                                                                                    "
  35326.320, -36673.670,-5.6519E-01, 3.5742E+00, 7.3486E-01, 3.5864E+00,-4.8706E-01, 4.7412E+00, 3.6011E-01, 7.0789E+00
"FB                                                                                                                    "
  35328.870, -36671.120,-5.7373E-01, 3.5767E+00, 7.2266E-01, 3.5779E+00,-4.9072E-01, 4.7412E+00, 4.6875E-01, 6.9824E+00
"C                                                                                                                     "
  35329.890, -36670.100,-5.6030E-01, 3.5742E+00, 7.3730E-01, 3.5828E+00,-4.8950E-01, 4.7412E+00, 5.0415E-01, 7.0337E+00
"D                                                                                                                     "
  35364.870, -36635.120,-5.7007E-01, 3.5767E+00, 8.7158E-01, 3.7207E+00,-4.8828E-01, 4.7424E+00, 3.8208E-01, 6.9165E+00
"F2                                                                                                                    "
  35368.650, -36631.340,-5.6885E-01, 3.5754E+00, 8.1787E-01, 3.6597E+00,-4.9072E-01, 4.7424E+00, 6.7871E-01, 7.1375E+00
"B                                                                                                                     "
  35371.050, -36628.940,-5.7129E-01, 3.5742E+00, 8.1909E-01, 3.6536E+00,-4.8950E-01, 4.7412E+00, 5.7007E-01, 7.0740E+00
"C                                                                                                                     "
  35372.280, -36627.710,-5.7373E-01, 3.5754E+00, 7.7637E-01, 3.6279E+00,-4.9438E-01, 4.7412E+00, 4.5898E-01, 6.9861E+00
"D                                                                                                                     "
  35411.280, -36588.710,-5.6152E-01, 3.5779E+00, 7.6050E-01, 3.6096E+00,-4.8950E-01, 4.7412E+00, 6.7749E-01, 7.1875E+00
"F2                                                                                                                    "
  35416.470, -36583.520,-5.5664E-01, 3.5791E+00, 5.9204E-01, 3.4326E+00,-4.8828E-01, 4.7412E+00, 6.5674E-01, 7.1313E+00
"FB                                                                                                                    "
  35418.930, -36581.060,-5.7251E-01, 3.5791E+00, 8.8013E-01, 3.7036E+00,-4.8950E-01, 4.7424E+00, 5.4321E-01, 7.0313E+00
"C                                                                                                                     "
  35420.700, -36579.290,-5.5908E-01, 3.5791E+00, 8.8013E-01, 3.6853E+00,-4.8340E-01, 4.7412E+00, 6.9824E-01, 7.1912E+00
"D                                                                                                                     "
  35469.060, -36530.930,-5.5908E-01, 3.5791E+00, 5.9326E-01, 3.4753E+00,-4.9072E-01, 4.7412E+00, 8.2764E-01, 7.3364E+00
"F2                                                                                                                    "
  35474.370, -36525.620,-5.6030E-01, 3.5791E+00, 7.0190E-01, 3.5498E+00,-4.8828E-01, 4.7424E+00, 6.2500E-01, 7.2034E+00
"B                                                                                                                     "
  35478.030, -36521.960,-5.6396E-01, 3.5791E+00, 6.2988E-01, 3.5144E+00,-4.8828E-01, 4.7412E+00, 6.7871E-01, 7.1838E+00
"C                                                                                                                     "
  35478.930, -36521.060,-5.6152E-01, 3.5803E+00, 6.8359E-01, 3.5352E+00,-4.9316E-01, 4.7412E+00, 7.4463E-01, 7.2498E+00
"D                                                                                                                     "
  35547.510, -36452.480,-5.6519E-01, 3.5779E+00, 6.7749E-01, 3.5315E+00,-4.9194E-01, 4.7412E+00, 9.1797E-01, 7.4768E+00
"F1                                                                                                                    "
  35547.540, -36452.450,-5.7007E-01, 3.5767E+00, 6.6895E-01, 3.5266E+00,-4.9072E-01, 4.7412E+00, 8.4106E-01, 7.3914E+00
"F2                                                                                                                    "
  35550.570, -36449.420,-5.5542E-01, 3.5779E+00, 7.5684E-01, 3.5779E+00,-4.9194E-01, 4.7412E+00, 9.4482E-01, 7.4463E+00
"F3                                                                                                                    "
  35557.380, -36442.610,-5.6274E-01, 3.5803E+00, 6.9702E-01, 3.5925E+00,-4.9316E-01, 4.7412E+00, 9.2773E-01, 7.4390E+00
"F4                                                                                                                    "
  35562.210, -36437.780,-5.7129E-01, 3.5779E+00, 7.1045E-01, 3.5681E+00,-4.8950E-01, 4.7412E+00, 8.6304E-01, 7.4194E+00
"B                                                                                                                     "
  35571.180, -36428.810,-5.6396E-01, 3.5828E+00, 6.8726E-01, 3.5376E+00,-4.9683E-01, 4.7412E+00, 6.4331E-01, 7.1521E+00
"C                                                                                                                     "
  35571.840, -36428.150,-5.5664E-01, 3.5828E+00, 6.9824E-01, 3.5437E+00,-4.8828E-01, 4.7400E+00, 8.0322E-01, 7.3132E+00
"B                                                                                                                     "
  35574.960, -36425.030,-6.3843E-01, 3.5242E+00, 6.7749E-01, 3.5388E+00,-4.8706E-01, 4.7412E+00, 8.8501E-01, 7.3608E+00
"C                                                                                                                     "
  35575.710, -36424.280,-6.3599E-01, 3.4937E+00, 7.0801E-01, 3.5596E+00,-4.8828E-01, 4.7400E+00, 9.2651E-01, 7.4304E+00
"D                                                                                                                     "
  35671.620, -36328.370,-3.4790E-01, 3.8757E+00, 8.3008E-01, 3.6768E+00,-4.9316E-01, 4.7388E+00, 9.7046E-01, 7.5757E+00
"F2                                                                                                                    "
  35674.980, -36325.010, 3.1787E+00, 7.9028E+00, 7.8979E-01, 3.6389E+00,-4.9438E-01, 4.7388E+00, 9.1797E-01, 7.4133E+00
"FB                                                                                                                    "
  35676.090, -36323.900,-1.0254E-01, 4.1284E+00, 8.9844E-01, 3.7500E+00,-4.9561E-01, 4.7388E+00, 1.0522E+00, 7.5854E+00
"C                                                                                                                     "
  35677.140, -36322.850, 6.2842E+00, 9.9988E+00, 9.1309E-01, 3.7598E+00,-4.9561E-01, 4.7400E+00, 9.5093E-01, 7.4548E+00
"D                                                                                                                     "
  35710.740, -36289.250,-4.0405E-01, 3.7195E+00, 8.1543E-01, 3.6646E+00,-4.9072E-01, 4.7388E+00, 9.9121E-01, 7.5000E+00
"B                                                                                                                     "
  35714.730, -36285.260,-2.7588E-01, 3.8452E+00, 8.5815E-01, 3.7134E+00,-4.9072E-01, 4.7375E+00, 1.0461E+00, 7.5305E+00
"D                                                                                                                     "
  35754.510, -36245.480,-5.6396E-01, 3.5779E+00, 7.7148E-01, 3.6206E+00,-4.9438E-01, 4.7388E+00, 9.7168E-01, 7.4817E+00
"F2                                                                                                                    "
  35756.910, -36243.080,-4.1626E-01, 3.7329E+00, 7.8979E-01, 3.6401E+00,-4.9316E-01, 4.7375E+00, 1.1914E+00, 7.6599E+00
"B                                                                                                                     "
  35760.870, -36239.120,-4.3945E-01, 3.7122E+00, 7.7026E-01, 3.6243E+00,-4.9805E-01, 4.7375E+00, 1.2061E+00, 7.6819E+00
"C                                                                                                                     "
  35761.650, -36238.340,-4.2358E-01, 3.7085E+00, 7.8125E-01, 3.6267E+00,-4.9072E-01, 4.7375E+00, 1.0681E+00, 7.5879E+00
"D                                                                                                                     "
  35833.500, -36166.490,-5.9937E-01, 3.5498E+00, 7.6660E-01, 3.6206E+00,-4.9683E-01, 4.7375E+00, 9.6802E-01, 7.4719E+00
"F1                                                                                                                    "
  35835.360, -36164.630,-6.0181E-01, 3.5486E+00, 8.4473E-01, 3.6658E+00,-4.9561E-01, 4.7375E+00, 9.5703E-01, 7.4658E+00
"B                                                                                                                     "
  35837.730, -36162.260,-5.9570E-01, 3.5510E+00, 6.5430E-01, 3.5388E+00,-4.9561E-01, 4.7375E+00, 1.0950E+00, 7.5818E+00
"F2                                                                                                                    "
  35838.660, -36161.330,-5.9448E-01, 3.5522E+00, 7.6904E-01, 3.6230E+00,-4.9683E-01, 4.7375E+00, 1.0303E+00, 7.5342E+00
"F1                                                                                                                    "
  35840.040, -36159.950,-5.9692E-01, 3.5498E+00, 7.6538E-01, 3.6145E+00,-4.9072E-01, 4.7375E+00, 9.9365E-01, 7.4951E+00
"B                                                                                                                     "
  35842.110, -36157.880,-5.7251E-01, 3.5815E+00, 7.7148E-01, 3.6194E+00,-4.8950E-01, 4.7375E+00, 1.0327E+00, 7.5342E+00
"DG                                                                                                                    "
  35911.740, -36088.250,-6.0547E-01, 3.5486E+00, 7.7393E-01, 3.6450E+00,-4.9927E-01, 4.7375E+00, 1.2012E+00, 7.7051E+00
"G                                                                                                                     "
  36000.030, -35999.960,-1.8677E+00, 2.2961E+00, 7.3120E-01, 3.6121E+00,-4.8828E-01, 4.7400E+00, 8.9478E-01, 7.3962E+00
