"NP                                                                                                                    "
    607.620, -71392.370,-5.6274E-01, 3.5742E+00, 3.3691E+00, 6.1670E+00,-4.9316E-01, 4.7375E+00, 1.4099E+00, 7.4524E+00
"P                                                                                                                     "
    617.460, -71382.530,-5.7251E-01, 3.5742E+00, 4.2078E+00, 7.0325E+00,-4.9683E-01, 4.7363E+00,-2.1729E-01, 6.3879E+00
"Z                                                                                                                     "
    620.310, -71379.680,-5.6274E-01, 3.5754E+00, 3.5938E+00, 6.5527E+00,-4.9561E-01, 4.7388E+00, 6.4575E-01, 6.7505E+00
"P                                                                                                                     "
    628.980, -71371.010,-5.6519E-01, 3.5767E+00, 4.0344E+00, 6.8359E+00,-4.9683E-01, 4.7375E+00, 6.3599E-01, 7.1399E+00
"C                                                                                                                     "
    631.590, -71368.400,-5.7129E-01, 3.5730E+00, 3.9722E+00, 6.7798E+00,-4.9438E-01, 4.7375E+00, 6.9946E-01, 7.2375E+00
"B                                                                                                                     "
    633.420, -71366.570,-5.6885E-01, 3.5754E+00, 3.9441E+00, 6.6968E+00,-4.9561E-01, 4.7375E+00, 7.7271E-01, 7.2388E+00
"C                                                                                                                     "
    635.010, -71364.980,-5.6641E-01, 3.5754E+00, 4.0210E+00, 6.7786E+00,-4.9683E-01, 4.7375E+00, 7.5806E-01, 7.2705E+00
"B                                                                                                                     "
    635.790, -71364.200,-5.7251E-01, 3.5742E+00, 3.6938E+00, 6.5222E+00,-4.9805E-01, 4.7375E+00, 7.9956E-01, 7.3120E+00
"C                                                                                                                     "
    649.080, -71350.910,-5.6274E-01, 3.5754E+00, 3.4998E+00, 6.3184E+00,-4.9438E-01, 4.7375E+00, 7.8491E-01, 7.2888E+00
"D                                                                                                                     "
    659.670, -71340.320,-5.7251E-01, 3.5754E+00, 3.4436E+00, 6.2659E+00,-4.9316E-01, 4.7424E+00, 8.5693E-01, 7.3621E+00
"F2                                                                                                                    "
    663.540, -71336.450,-5.6641E-01, 3.5767E+00, 3.3850E+00, 6.1975E+00,-4.8340E-01, 4.7510E+00, 1.0168E+00, 7.4988E+00
"B                                                                                                                     "
    667.740, -71332.250,-5.6274E-01, 3.5754E+00, 3.5522E+00, 6.3501E+00,-4.8828E-01, 4.7449E+00, 9.1675E-01, 7.4109E+00
"C                                                                                                                     "
    672.630, -71327.360,-5.6763E-01, 3.5767E+00, 3.3777E+00, 6.2122E+00,-4.9194E-01, 4.7375E+00, 9.2041E-01, 7.4182E+00
"F2                                                                                                                    "
    675.180, -71324.810,-5.7373E-01, 3.5767E+00, 3.9502E+00, 6.7664E+00,-4.9683E-01, 4.7375E+00, 1.0876E+00, 7.6343E+00
"B                                                                                                                     "
    677.550, -71322.440,-5.6152E-01, 3.5767E+00, 4.1345E+00, 6.9250E+00,-4.9438E-01, 4.7388E+00, 1.0632E+00, 7.5574E+00
"C                                                                                                                     "
    678.720, -71321.270,-5.6274E-01, 3.5779E+00, 3.4180E+00, 6.2390E+00,-4.9316E-01, 4.7388E+00, 1.0901E+00, 7.5879E+00
"D                                                                                                                     "
    721.560, -71278.430,-5.6152E-01, 3.5803E+00, 3.3167E+00, 6.1450E+00,-4.9438E-01, 4.7412E+00, 1.2183E+00, 7.7197E+00
"F2                                                                                                                    "
    724.140, -71275.850,-5.6396E-01, 3.5791E+00, 3.4912E+00, 6.3733E+00,-4.9316E-01, 4.7412E+00, 1.3391E+00, 7.9065E+00
"B                                                                                                                     "
    732.990, -71267.000,-5.5908E-01, 3.5791E+00, 3.3374E+00, 6.1365E+00,-4.8828E-01, 4.7412E+00, 1.1597E+00, 7.6685E+00
"C                                                                                                                     "
    733.740, -71266.250,-5.5664E-01, 3.5803E+00, 3.8208E+00, 6.6199E+00,-4.9194E-01, 4.7412E+00, 1.1890E+00, 7.6880E+00
"B                                                                                                                     "
    735.390, -71264.600,-5.6396E-01, 3.5803E+00, 3.3911E+00, 6.3525E+00,-4.9194E-01, 4.7412E+00, 1.2390E+00, 7.7380E+00
"C                                                                                                                     "
    738.660, -71261.330,-5.6396E-01, 3.5791E+00, 4.1772E+00, 6.9958E+00,-4.9072E-01, 4.7412E+00, 1.1328E+00, 7.6318E+00
"B                                                                                                                     "
    739.650, -71260.340,-5.5786E-01, 3.5791E+00, 4.2615E+00, 7.0544E+00,-4.9072E-01, 4.7412E+00, 1.3269E+00, 7.7612E+00
"D                                                                                                                     "
    740.310, -71259.680,-5.6396E-01, 3.5803E+00, 3.4131E+00, 6.2317E+00,-4.9316E-01, 4.7412E+00, 1.2097E+00, 7.7087E+00
"B                                                                                                                     "
    741.510, -71258.480,-5.6763E-01, 3.5791E+00, 3.8245E+00, 6.6333E+00,-4.9194E-01, 4.7400E+00, 1.2805E+00, 7.7844E+00
"D                                                                                                                     "
    742.710, -71257.280,-5.6641E-01, 3.5803E+00, 3.7915E+00, 6.6064E+00,-4.8950E-01, 4.7400E+00, 1.1182E+00, 7.6721E+00
"C                                                                                                                     "
    745.920, -71254.070,-5.6396E-01, 3.5803E+00, 3.3533E+00, 6.1731E+00,-4.9072E-01, 4.7412E+00, 1.3696E+00, 7.8674E+00
"DG                                                                                                                    "
    822.840, -71177.150,-5.4932E-01, 3.5889E+00, 3.7866E+00, 6.5906E+00,-4.8828E-01, 4.7424E+00, 1.4807E+00, 7.9773E+00
"F2                                                                                                                    "
    826.800, -71173.190,-5.4932E-01, 3.5876E+00, 3.7427E+00, 6.5540E+00,-4.8950E-01, 4.7424E+00, 1.4294E+00, 7.9211E+00
"F3                                                                                                                    "
    830.670, -71169.320,-5.6030E-01, 3.5876E+00, 3.3203E+00, 6.1401E+00,-4.9194E-01, 4.7424E+00, 1.2939E+00, 7.8467E+00
"F4                                                                                                                    "
    832.560, -71167.430,-5.5664E-01, 3.5889E+00, 3.3032E+00, 6.1401E+00,-4.9194E-01, 4.7424E+00, 1.2720E+00, 7.7722E+00
"B                                                                                                                     "
    835.050, -71164.940,-5.5298E-01, 3.5901E+00, 3.7231E+00, 6.5320E+00,-4.9072E-01, 4.7424E+00, 1.4880E+00, 7.9260E+00
"DG                                                                                                                    "
   1264.260, -70735.730,-5.7861E-01, 3.5657E+00, 3.2678E+00, 6.0901E+00,-4.9194E-01, 4.7375E+00, 1.5820E+00, 8.0774E+00
"G                                                                                                                     "
   1686.600, -70313.390,-5.7129E-01, 3.5742E+00, 3.2471E+00, 6.0608E+00,-4.7241E-01, 4.7607E+00, 1.5894E+00, 8.0884E+00
"C                                                                                                                     "
   1699.530, -70300.460,-5.6763E-01, 3.5718E+00, 3.0298E+00, 5.7056E+00,-4.8950E-01, 4.7412E+00, 1.6809E+00, 8.1738E+00
"G                                                                                                                     "
   2166.450, -69833.540,-5.7495E-01, 3.5718E+00,-2.8687E-01, 2.5964E+00,-4.9072E-01, 4.7412E+00, 1.6565E+00, 8.1567E+00
"P                                                                                                                     "
   2168.550, -69831.440,-5.7251E-01, 3.5706E+00,-2.8198E-01, 2.5964E+00,-4.8828E-01, 4.7412E+00,-1.6235E-01, 6.5674E+00
"Z                                                                                                                     "
   8505.480, -63494.510,-5.7983E-01, 3.5645E+00,-3.2471E-01, 2.5586E+00,-4.9683E-01, 4.7400E+00, 1.3745E+00, 7.6526E+00
"P                                                                                                                     "
   8526.240, -63473.750,-5.7617E-01, 3.5645E+00,-3.1738E-01, 2.5586E+00,-4.9194E-01, 4.7412E+00, 1.0168E+00, 7.4182E+00
"C                                                                                                                     "
   8534.790, -63465.200,-5.7617E-01, 3.5645E+00,-3.1738E-01, 2.5586E+00,-4.8950E-01, 4.7400E+00, 8.8989E-01, 7.3938E+00
"D                                                                                                                     "
   8545.110, -63454.880,-5.7739E-01, 3.5645E+00,-3.2104E-01, 2.5586E+00,-4.9194E-01, 4.7400E+00, 1.0620E+00, 7.5671E+00
"C                                                                                                                     "
   8550.690, -63449.300,-5.8228E-01, 3.5645E+00,-3.1738E-01, 2.5586E+00,-4.9194E-01, 4.7400E+00, 1.2097E+00, 7.7100E+00
"D                                                                                                                     "
   8569.860, -63430.130,-5.7739E-01, 3.5645E+00,-3.1494E-01, 2.5586E+00,-4.8950E-01, 4.7412E+00, 1.1829E+00, 7.6929E+00
"F2                                                                                                                    "
   8573.370, -63426.620,-5.7739E-01, 3.5645E+00,-3.1860E-01, 2.5586E+00,-4.8950E-01, 4.7412E+00, 1.3818E+00, 7.8625E+00
"B                                                                                                                     "
   8579.250, -63420.740,-5.7617E-01, 3.5645E+00,-3.1616E-01, 2.5598E+00,-4.8950E-01, 4.7412E+00, 1.4795E+00, 7.9211E+00
"C                                                                                                                     "
   8580.780, -63419.210,-5.7373E-01, 3.5657E+00,-3.1616E-01, 2.5598E+00,-4.9072E-01, 4.7412E+00, 1.4722E+00, 7.9102E+00
"D                                                                                                                     "
   8616.000, -63383.990,-5.8105E-01, 3.5645E+00,-3.2104E-01, 2.5586E+00,-4.9072E-01, 4.7412E+00, 1.2317E+00, 7.7271E+00
"C                                                                                                                     "
   8616.810, -63383.180,-5.7373E-01, 3.5645E+00,-3.1738E-01, 2.5586E+00,-4.9194E-01, 4.7388E+00, 1.3940E+00, 7.8760E+00
"D                                                                                                                     "
   8625.990, -63374.000,-5.7983E-01, 3.5645E+00,-3.1982E-01, 2.5586E+00,-4.9072E-01, 4.7400E+00, 1.1548E+00, 7.6672E+00
"C                                                                                                                     "
   8628.060, -63371.930,-5.7983E-01, 3.5645E+00,-3.2227E-01, 2.5586E+00,-4.9194E-01, 4.7400E+00, 1.3330E+00, 7.8223E+00
"F1                                                                                                                    "
   8672.700, -63327.290,-5.4199E-01, 3.6047E+00,-3.2349E-01, 2.5586E+00,-4.9438E-01, 4.7400E+00, 1.3245E+00, 7.9028E+00
"F2                                                                                                                    "
   8673.570, -63326.420,-5.3467E-01, 3.6060E+00,-3.1860E-01, 2.5586E+00,-4.9194E-01, 4.7400E+00, 1.5039E+00, 7.9443E+00
"F1                                                                                                                    "
   8674.110, -63325.880,-5.3345E-01, 3.6084E+00,-3.1860E-01, 2.5598E+00,-4.9072E-01, 4.7412E+00, 1.3745E+00, 7.8967E+00
"F2                                                                                                                    "
   8675.340, -63324.650,-5.2734E-01, 3.6108E+00,-3.1738E-01, 2.5586E+00,-4.9194E-01, 4.7412E+00, 1.5076E+00, 7.9285E+00
"F4                                                                                                                    "
   8682.870, -63317.120,-5.5786E-01, 3.5876E+00,-3.2349E-01, 2.5537E+00,-4.9194E-01, 4.7412E+00, 1.3623E+00, 7.8809E+00
"FB                                                                                                                    "
   8698.020, -63301.970,-5.7739E-01, 3.5657E+00,-3.1738E-01, 2.5598E+00,-4.8950E-01, 4.7400E+00, 1.3403E+00, 7.8088E+00
"C                                                                                                                     "
   8698.680, -63301.310,-5.8105E-01, 3.5657E+00,-3.2227E-01, 2.5586E+00,-4.9072E-01, 4.7412E+00, 1.4050E+00, 7.7930E+00
"D                                                                                                                     "
   8802.090, -63197.900,-5.7739E-01, 3.5657E+00,-3.2227E-01, 2.5598E+00,-4.9072E-01, 4.7412E+00, 1.4429E+00, 8.0164E+00
"F2                                                                                                                    "
   8805.030, -63194.960,-5.7861E-01, 3.5657E+00,-3.1494E-01, 2.5598E+00,-4.8706E-01, 4.7412E+00, 1.5857E+00, 7.9822E+00
"B                                                                                                                     "
   8810.610, -63189.380,-5.8105E-01, 3.5669E+00,-3.2349E-01, 2.5586E+00,-4.8828E-01, 4.7412E+00, 1.1621E+00, 7.6123E+00
"C                                                                                                                     "
   8811.210, -63188.780,-5.7373E-01, 3.5657E+00,-3.1372E-01, 2.5586E+00,-4.8950E-01, 4.7424E+00, 1.3708E+00, 7.8650E+00
"B                                                                                                                     "
   8813.250, -63186.740,-5.7251E-01, 3.5669E+00,-3.1738E-01, 2.5586E+00,-4.8828E-01, 4.7424E+00, 1.3049E+00, 7.7966E+00
"C                                                                                                                     "
   8813.970, -63186.020,-5.7739E-01, 3.5657E+00,-3.1982E-01, 2.5598E+00,-4.9072E-01, 4.7412E+00, 1.6687E+00, 8.0981E+00
"D                                                                                                                     "
   8818.560, -63181.430,-5.8105E-01, 3.5657E+00,-3.2227E-01, 2.5586E+00,-4.9072E-01, 4.7412E+00, 1.4893E+00, 8.0884E+00
"b                                                                                                                     "
   8820.780, -63179.210,-5.7861E-01, 3.5657E+00,-3.2104E-01, 2.5586E+00,-4.9438E-01, 4.7412E+00, 1.2988E+00, 7.7979E+00
"c                                                                                                                     "
   8822.280, -63177.710,-5.7495E-01, 3.5669E+00,-3.1494E-01, 2.5586E+00,-4.8950E-01, 4.7412E+00, 1.3855E+00, 7.9236E+00
"d                                                                                                                     "
   8968.770, -63031.220,-5.7495E-01, 3.5669E+00,-3.1738E-01, 2.5598E+00,-4.8950E-01, 4.7424E+00, 1.4124E+00, 7.9285E+00
"f1                                                                                                                    "
   8970.540, -63029.450,-5.7251E-01, 3.5669E+00,-3.1250E-01, 2.5598E+00,-4.8950E-01, 4.7424E+00, 1.3196E+00, 7.8320E+00
"f2                                                                                                                    "
   8971.140, -63028.850,-5.8105E-01, 3.5669E+00,-3.1982E-01, 2.5598E+00,-4.9072E-01, 4.7424E+00, 1.3464E+00, 7.8699E+00
"d                                                                                                                     "
   8971.620, -63028.370,-5.7129E-01, 3.5669E+00,-3.1616E-01, 2.5598E+00,-4.8706E-01, 4.7437E+00, 1.4282E+00, 8.0164E+00
"f2                                                                                                                    "
   8972.490, -63027.500,-5.8105E-01, 3.5657E+00,-3.2227E-01, 2.5586E+00,-4.9072E-01, 4.7424E+00, 1.6699E+00, 8.1299E+00
"d                                                                                                                     "
   8972.850, -63027.140,-5.7373E-01, 3.5669E+00,-3.1860E-01, 2.5586E+00,-4.8950E-01, 4.7424E+00, 1.6541E+00, 8.1921E+00
"f2                                                                                                                    "
   8976.480, -63023.510,-5.7495E-01, 3.5669E+00,-3.1860E-01, 2.5598E+00,-4.8950E-01, 4.7412E+00, 1.7261E+00, 8.1982E+00
"f4                                                                                                                    "
   8983.860, -63016.130,-5.7373E-01, 3.5669E+00,-3.1738E-01, 2.5586E+00,-4.8828E-01, 4.7437E+00, 1.6687E+00, 8.1702E+00
"b                                                                                                                     "
   8985.690, -63014.300,-5.8105E-01, 3.5657E+00,-3.2227E-01, 2.5586E+00,-4.9072E-01, 4.7424E+00, 1.3892E+00, 7.8845E+00
"f2                                                                                                                    "
   8990.460, -63009.530,-5.7861E-01, 3.5669E+00,-3.2227E-01, 2.5586E+00,-4.9194E-01, 4.7424E+00, 1.3684E+00, 7.8857E+00
"b                                                                                                                     "
   8992.860, -63007.130,-5.7495E-01, 3.5657E+00,-3.1982E-01, 2.5586E+00,-4.8828E-01, 4.7424E+00, 1.3232E+00, 7.8186E+00
"c                                                                                                                     "
   8993.610, -63006.380,-5.7617E-01, 3.5669E+00,-3.1860E-01, 2.5586E+00,-4.9072E-01, 4.7424E+00, 1.3257E+00, 7.8406E+00
"b                                                                                                                     "
   8994.870, -63005.120,-5.7861E-01, 3.5669E+00,-3.1982E-01, 2.5598E+00,-4.9072E-01, 4.7424E+00, 1.4014E+00, 7.9077E+00
"d                                                                                                                     "
   9008.130, -62991.860,-5.8350E-01, 3.5669E+00,-3.2227E-01, 2.5598E+00,-4.8828E-01, 4.7424E+00, 1.5540E+00, 8.1946E+00
"c                                                                                                                     "
   9009.180, -62990.810,-5.7373E-01, 3.5669E+00,-3.1616E-01, 2.5586E+00,-4.8828E-01, 4.7424E+00, 1.4868E+00, 7.9810E+00
"d                                                                                                                     "
   9206.700, -62793.290,-5.7617E-01, 3.5669E+00,-3.1616E-01, 2.5610E+00,-4.8584E-01, 4.7437E+00, 1.7798E+00, 8.3350E+00
"f2                                                                                                                    "
   9210.090, -62789.900,-5.7617E-01, 3.5669E+00,-3.1128E-01, 2.5671E+00,-4.8828E-01, 4.7437E+00, 1.6797E+00, 8.1494E+00
"b                                                                                                                     "
   9214.320, -62785.670,-5.7373E-01, 3.5669E+00,-3.1738E-01, 2.5598E+00,-4.8584E-01, 4.7437E+00, 1.8005E+00, 8.1665E+00
"d                                                                                                                     "
   9215.010, -62784.980,-5.7617E-01, 3.5681E+00,-3.1738E-01, 2.5586E+00,-4.8950E-01, 4.7437E+00, 2.0215E+00, 8.2483E+00
"b                                                                                                                     "
   9215.400, -62784.590,-5.7617E-01, 3.5669E+00,-3.1860E-01, 2.5586E+00,-4.9194E-01, 4.7424E+00, 1.6077E+00, 8.0811E+00
"d                                                                                                                     "
   9996.420, -62003.570,-5.5298E-01, 3.5864E+00,-3.1616E-01, 2.5598E+00,-4.8218E-01, 4.7461E+00, 1.6357E+00, 8.1335E+00
"f2                                                                                                                    "
   9999.420, -62000.570,-5.5786E-01, 3.5864E+00,-3.2104E-01, 2.5598E+00,-4.8706E-01, 4.7461E+00, 1.7542E+00, 8.2312E+00
"b                                                                                                                     "
  10002.540, -61997.450,-5.5420E-01, 3.5864E+00,-3.1494E-01, 2.5586E+00,-4.8462E-01, 4.7461E+00, 1.5039E+00, 7.9871E+00
"c                                                                                                                     "
  10003.680, -61996.310,-5.5664E-01, 3.5864E+00,-3.1860E-01, 2.5586E+00,-4.8462E-01, 4.7473E+00, 1.6931E+00, 8.1775E+00
"d                                                                                                                     "
  10901.640, -61098.350,-5.5420E-01, 3.5876E+00,-3.1738E-01, 2.5586E+00,-4.8706E-01, 4.7461E+00, 1.7944E+00, 8.3032E+00
"f2                                                                                                                    "
  10904.460, -61095.530,-5.4932E-01, 3.5889E+00,-3.1494E-01, 2.5586E+00,-4.8706E-01, 4.7461E+00, 1.6455E+00, 8.1519E+00
"b                                                                                                                     "
  10906.620, -61093.370,-5.5420E-01, 3.5889E+00,-3.2104E-01, 2.5586E+00,-4.8462E-01, 4.7461E+00, 1.5625E+00, 8.0542E+00
"c                                                                                                                     "
  10907.130, -61092.860,-5.5786E-01, 3.5876E+00,-3.1982E-01, 2.5586E+00,-4.8462E-01, 4.7461E+00, 1.8066E+00, 8.4082E+00
"d                                                                                                                     "
  11563.170, -60436.820, 1.8469E+00, 5.9448E+00,-3.1128E-01, 2.5586E+00,-4.8584E-01, 4.7473E+00, 1.7676E+00, 8.2898E+00
"F2                                                                                                                    "
  11566.200, -60433.790, 1.6577E+00, 5.6323E+00,-3.1738E-01, 2.5586E+00,-4.8340E-01, 4.7473E+00, 1.5833E+00, 8.0823E+00
"B                                                                                                                     "
  11572.050, -60427.940, 1.4966E+00, 5.6836E+00,-3.1616E-01, 2.5586E+00,-4.7974E-01, 4.7473E+00, 1.4160E+00, 7.9089E+00
"C                                                                                                                     "
  11572.680, -60427.310, 1.8042E+00, 5.9338E+00,-3.1494E-01, 2.5586E+00,-4.8462E-01, 4.7473E+00, 1.5515E+00, 8.0579E+00
"D                                                                                                                     "
  11573.760, -60426.230, 1.5369E+00, 5.5408E+00,-3.2227E-01, 2.5586E+00,-4.8462E-01, 4.7473E+00, 1.5271E+00, 8.0212E+00
"C                                                                                                                     "
  11574.990, -60425.000, 1.8542E+00, 5.9460E+00,-3.2104E-01, 2.5586E+00,-4.8706E-01, 4.7473E+00, 1.6125E+00, 8.1116E+00
"D                                                                                                                     "
  12431.100, -59568.890, 1.5405E+00, 5.6750E+00,-3.1494E-01, 2.5574E+00,-4.8828E-01, 4.7437E+00, 1.8579E+00, 8.3411E+00
"F2                                                                                                                    "
  12433.440, -59566.550, 1.6736E+00, 5.7861E+00,-3.1982E-01, 2.5574E+00,-4.8828E-01, 4.7437E+00, 1.4294E+00, 7.9382E+00
"B                                                                                                                     "
  12439.800, -59560.190, 1.7322E+00, 5.8289E+00,-3.1616E-01, 2.5574E+00,-4.9194E-01, 4.7424E+00, 1.8384E+00, 8.2141E+00
"C                                                                                                                     "
  12440.910, -59559.080, 1.7395E+00, 5.8472E+00,-3.2227E-01, 2.5574E+00,-4.9072E-01, 4.7424E+00, 1.7004E+00, 8.1970E+00
"D                                                                                                                     "
  12899.520, -59100.470, 1.8066E+00, 5.9021E+00,-3.1860E-01, 2.5549E+00,-4.8950E-01, 4.7400E+00, 1.5088E+00, 8.0066E+00
"F2                                                                                                                    "
  12901.680, -59098.310, 1.7786E+00, 5.8960E+00,-3.1982E-01, 2.5549E+00,-4.9316E-01, 4.7412E+00, 1.4661E+00, 7.9431E+00
"B                                                                                                                     "
  12907.980, -59092.010, 1.8250E+00, 5.9180E+00,-3.1860E-01, 2.5549E+00,-4.9194E-01, 4.7400E+00, 1.5503E+00, 8.0286E+00
"C                                                                                                                     "
  12909.030, -59090.960, 1.8079E+00, 5.9143E+00,-3.2227E-01, 2.5562E+00,-4.9194E-01, 4.7412E+00, 1.7139E+00, 8.2190E+00
"D                                                                                                                     "
  13117.110, -58882.880, 1.8677E+00, 5.9656E+00,-3.2104E-01, 2.5549E+00,-4.9072E-01, 4.7400E+00, 1.5576E+00, 8.1641E+00
"F2                                                                                                                    "
  13118.640, -58881.350, 1.8677E+00, 5.9668E+00,-3.1982E-01, 2.5549E+00,-4.9072E-01, 4.7412E+00, 1.5356E+00, 8.0212E+00
"B                                                                                                                     "
  13121.430, -58878.560, 1.7542E+00, 5.8032E+00,-3.1982E-01, 2.5549E+00,-4.9316E-01, 4.7400E+00, 1.4636E+00, 7.9614E+00
"C                                                                                                                     "
  13122.060, -58877.930, 1.8835E+00, 5.9753E+00,-3.2227E-01, 2.5562E+00,-4.9194E-01, 4.7412E+00, 1.5588E+00, 8.0737E+00
"B                                                                                                                     "
  13123.650, -58876.340, 1.8018E+00, 5.9131E+00,-3.2104E-01, 2.5549E+00,-4.9316E-01, 4.7400E+00, 1.5906E+00, 8.1177E+00
"C                                                                                                                     "
  13124.310, -58875.680, 1.7419E+00, 5.8118E+00,-3.2104E-01, 2.5549E+00,-4.9194E-01, 4.7400E+00, 1.6931E+00, 8.1897E+00
"D                                                                                                                     "
  13357.830, -58642.160, 1.8591E+00, 5.9729E+00,-3.2227E-01, 2.5562E+00,-4.9194E-01, 4.7412E+00, 1.5466E+00, 8.0493E+00
"C                                                                                                                     "
  13358.340, -58641.650, 1.9043E+00, 6.0083E+00,-3.2104E-01, 2.5549E+00,-4.9194E-01, 4.7412E+00, 1.4758E+00, 7.9773E+00
"F2                                                                                                                    "
  13359.510, -58640.480, 1.9006E+00, 6.0120E+00,-3.2104E-01, 2.5549E+00,-4.8584E-01, 4.7412E+00, 1.4355E+00, 7.9468E+00
"B                                                                                                                     "
  13362.090, -58637.900, 1.7188E+00, 5.8630E+00,-3.1982E-01, 2.5549E+00,-4.9194E-01, 4.7412E+00, 1.5039E+00, 7.9871E+00
"C                                                                                                                     "
  13362.630, -58637.360, 1.8555E+00, 5.9644E+00,-3.1860E-01, 2.5549E+00,-4.8950E-01, 4.7412E+00, 1.6138E+00, 8.1433E+00
"D                                                                                                                     "
  13576.290, -58423.700, 1.9604E+00, 6.0608E+00,-3.2349E-01, 2.5549E+00,-4.8950E-01, 4.7412E+00, 1.5735E+00, 8.1091E+00
"F2                                                                                                                    "
  13577.850, -58422.140, 1.9360E+00, 5.8789E+00,-3.1982E-01, 2.5549E+00,-4.9316E-01, 4.7400E+00, 1.5369E+00, 8.0444E+00
"B                                                                                                                     "
  13581.390, -58418.600, 1.9739E+00, 5.9729E+00,-3.1738E-01, 2.5549E+00,-4.8828E-01, 4.7424E+00, 1.4917E+00, 7.9834E+00
"C                                                                                                                     "
  13581.960, -58418.030, 1.7053E+00, 5.8130E+00,-3.1860E-01, 2.5549E+00,-4.8950E-01, 4.7412E+00, 1.6687E+00, 8.2727E+00
"D                                                                                                                     "
  13848.630, -58151.360, 1.9177E+00, 6.0095E+00,-3.2227E-01, 2.5549E+00,-4.8950E-01, 4.7424E+00, 1.6724E+00, 8.2568E+00
"F2                                                                                                                    "
  13850.550, -58149.440, 1.8506E+00, 5.9583E+00,-3.1616E-01, 2.5549E+00,-4.8950E-01, 4.7424E+00, 1.5955E+00, 8.0994E+00
"B                                                                                                                     "
  13855.440, -58144.550, 1.9116E+00, 6.0010E+00,-3.1860E-01, 2.5549E+00,-4.8950E-01, 4.7424E+00, 1.6931E+00, 8.1079E+00
"C                                                                                                                     "
  13856.700, -58143.290, 1.9153E+00, 6.0205E+00,-3.1982E-01, 2.5549E+00,-4.8706E-01, 4.7424E+00, 1.5833E+00, 8.1055E+00
"D                                                                                                                     "
  14144.280, -57855.710, 1.9067E+00, 6.0059E+00,-3.1738E-01, 2.5549E+00,-4.8706E-01, 4.7424E+00, 1.4734E+00, 7.9761E+00
"F2                                                                                                                    "
  14145.390, -57854.600, 1.9177E+00, 6.0120E+00,-3.2104E-01, 2.5549E+00,-4.8828E-01, 4.7424E+00, 1.5405E+00, 8.0786E+00
"B                                                                                                                     "
  14148.420, -57851.570, 1.8970E+00, 6.0010E+00,-3.2471E-01, 2.5549E+00,-4.8950E-01, 4.7424E+00, 1.8555E+00, 8.2703E+00
"D                                                                                                                     "
  14150.280, -57849.710, 1.6821E+00, 5.8545E+00,-3.1982E-01, 2.5562E+00,-4.9072E-01, 4.7424E+00, 1.4380E+00, 7.9309E+00
"C                                                                                                                     "
  14151.180, -57848.810, 1.8982E+00, 6.0046E+00,-3.2227E-01, 2.5549E+00,-4.8828E-01, 4.7424E+00, 1.7273E+00, 8.1201E+00
"D                                                                                                                     "
  14158.140, -57841.850, 1.8445E+00, 5.9631E+00,-3.1982E-01, 2.5549E+00,-4.9072E-01, 4.7424E+00, 1.4111E+00, 7.9297E+00
"C                                                                                                                     "
  14158.920, -57841.070, 1.8848E+00, 5.9961E+00,-3.1982E-01, 2.5549E+00,-4.8950E-01, 4.7424E+00, 1.5674E+00, 8.0750E+00
"D                                                                                                                     "
  14162.130, -57837.860, 1.8799E+00, 5.9912E+00,-3.2349E-01, 2.5549E+00,-4.9072E-01, 4.7424E+00, 1.5637E+00, 8.0566E+00
"C                                                                                                                     "
  14163.330, -57836.660, 1.9080E+00, 6.0046E+00,-3.2104E-01, 2.5549E+00,-4.8950E-01, 4.7437E+00, 1.9409E+00, 8.3557E+00
"D                                                                                                                     "
  14453.070, -57546.920, 1.9006E+00, 6.0254E+00,-3.1860E-01, 2.5549E+00,-4.8950E-01, 4.7412E+00, 1.4819E+00, 8.0334E+00
"F2                                                                                                                    "
  14455.110, -57544.880, 1.9482E+00, 6.0449E+00,-3.2593E-01, 2.5549E+00,-4.9072E-01, 4.7424E+00, 1.5759E+00, 8.0493E+00
"B                                                                                                                     "
  14458.380, -57541.610, 1.8323E+00, 5.9485E+00,-3.2227E-01, 2.5549E+00,-4.9194E-01, 4.7424E+00, 1.4478E+00, 7.9456E+00
"C                                                                                                                     "
  14459.130, -57540.860, 1.8213E+00, 5.9070E+00,-3.1738E-01, 2.5549E+00,-4.8950E-01, 4.7424E+00, 1.6870E+00, 8.0920E+00
"D                                                                                                                     "
  14461.410, -57538.580, 1.8652E+00, 5.9583E+00,-3.2104E-01, 2.5549E+00,-4.9194E-01, 4.7412E+00, 1.4355E+00, 7.9407E+00
"C                                                                                                                     "
  14462.910, -57537.080, 1.7773E+00, 5.8777E+00,-3.2227E-01, 2.5537E+00,-4.8828E-01, 4.7412E+00, 1.4807E+00, 7.9846E+00
"D                                                                                                                     "
  14463.810, -57536.180, 1.3611E+00, 5.6555E+00,-3.2104E-01, 2.5537E+00,-4.8950E-01, 4.7412E+00, 1.4502E+00, 7.9468E+00
"B                                                                                                                     "
  14465.160, -57534.830, 1.8433E+00, 5.9412E+00,-3.2227E-01, 2.5549E+00,-4.8706E-01, 4.7412E+00, 1.6272E+00, 8.0591E+00
"C                                                                                                                     "
  14733.630, -57266.360, 1.8945E+00, 5.9912E+00,-3.2349E-01, 2.5549E+00,-4.9072E-01, 4.7424E+00, 1.8896E+00, 8.2861E+00
"B                                                                                                                     "
  14734.920, -57265.070, 1.7957E+00, 5.9229E+00,-3.2471E-01, 2.5549E+00,-4.9194E-01, 4.7424E+00, 1.9910E+00, 8.3533E+00
"C                                                                                                                     "
  14735.520, -57264.470, 1.7993E+00, 5.7642E+00,-3.1616E-01, 2.5549E+00,-4.8950E-01, 4.7412E+00, 1.9580E+00, 8.3398E+00
"D                                                                                                                     "
  14930.940, -57069.050, 1.8774E+00, 5.7629E+00,-3.1982E-01, 2.5549E+00,-4.8828E-01, 4.7424E+00, 1.2756E+00, 7.7576E+00
"F1                                                                                                                    "
  14932.530, -57067.460, 1.8726E+00, 5.9741E+00,-3.1616E-01, 2.5549E+00,-4.8828E-01, 4.7437E+00, 1.5015E+00, 8.0176E+00
"F2                                                                                                                    "
  14934.660, -57065.330, 1.8274E+00, 5.9387E+00,-3.1860E-01, 2.5549E+00,-4.8950E-01, 4.7424E+00, 1.7737E+00, 8.2117E+00
"F4                                                                                                                    "
  14943.330, -57056.660, 1.7554E+00, 5.7642E+00,-3.2227E-01, 2.5549E+00,-4.9072E-01, 4.7424E+00, 1.6443E+00, 8.2715E+00
"B                                                                                                                     "
  14955.060, -57044.930, 1.5112E+00, 5.6177E+00,-3.1860E-01, 2.5537E+00,-4.8706E-01, 4.7437E+00, 1.4978E+00, 7.9846E+00
"C                                                                                                                     "
  14955.990, -57044.000, 1.5076E+00, 5.7239E+00,-3.2104E-01, 2.5549E+00,-4.8828E-01, 4.7424E+00, 1.5588E+00, 8.0530E+00
"D                                                                                                                     "
  15288.900, -56711.090, 1.9067E+00, 6.0132E+00,-3.1982E-01, 2.5549E+00,-4.8828E-01, 4.7424E+00, 1.4685E+00, 7.9761E+00
"B                                                                                                                     "
  15289.230, -56710.760, 1.9348E+00, 6.0352E+00,-3.1494E-01, 2.5549E+00,-4.8828E-01, 4.7437E+00, 1.4355E+00, 7.9297E+00
"F2                                                                                                                    "
  15290.730, -56709.260, 1.9409E+00, 6.0413E+00,-3.2471E-01, 2.5549E+00,-4.9072E-01, 4.7424E+00, 1.4636E+00, 7.9480E+00
"B                                                                                                                     "
  15295.800, -56704.190, 1.9324E+00, 6.0315E+00,-3.2104E-01, 2.5537E+00,-4.9316E-01, 4.7424E+00, 1.4294E+00, 7.9309E+00
"C                                                                                                                     "
  15297.420, -56702.570, 1.9116E+00, 6.0217E+00,-3.2349E-01, 2.5549E+00,-4.9072E-01, 4.7424E+00, 1.4832E+00, 7.9883E+00
"D                                                                                                                     "
  15546.600, -56453.390, 1.8115E+00, 5.7068E+00,-3.1616E-01, 2.5537E+00,-4.8950E-01, 4.7424E+00, 1.4795E+00, 7.9846E+00
"B                                                                                                                     "
  15547.590, -56452.400, 1.9922E+00, 6.0059E+00,-3.2471E-01, 2.5537E+00,-4.9072E-01, 4.7424E+00, 1.4966E+00, 7.9993E+00
"F2                                                                                                                    "
  15548.700, -56451.290, 1.9177E+00, 6.0291E+00,-3.1982E-01, 2.5537E+00,-4.9194E-01, 4.7424E+00, 1.5149E+00, 8.0432E+00
"B                                                                                                                     "
  15553.080, -56446.910, 1.8567E+00, 5.9778E+00,-3.2227E-01, 2.5537E+00,-4.8950E-01, 4.7424E+00, 1.5356E+00, 7.9980E+00
"D                                                                                                                     "
  15556.530, -56443.460, 1.3806E+00, 5.6531E+00,-3.1860E-01, 2.5549E+00,-4.8828E-01, 4.7424E+00, 1.4294E+00, 7.9382E+00
"B                                                                                                                     "
  15557.520, -56442.470, 1.5271E+00, 5.5347E+00,-3.2227E-01, 2.5537E+00,-4.9194E-01, 4.7424E+00, 1.4661E+00, 7.9639E+00
"C                                                                                                                     "
  15558.450, -56441.540, 1.7859E+00, 5.9326E+00,-3.2104E-01, 2.5537E+00,-4.8828E-01, 4.7437E+00, 1.5283E+00, 8.0188E+00
"D                                                                                                                     "
  15875.460, -56124.530, 1.9714E+00, 6.0706E+00,-3.2104E-01, 2.5537E+00,-4.8584E-01, 4.7437E+00, 1.5149E+00, 8.0212E+00
"F2                                                                                                                    "
  15877.140, -56122.850, 2.0300E+00, 5.9949E+00,-3.1860E-01, 2.5537E+00,-4.8706E-01, 4.7437E+00, 1.4990E+00, 8.0603E+00
"B                                                                                                                     "
  15882.300, -56117.690, 1.8860E+00, 5.9973E+00,-3.2104E-01, 2.5549E+00,-4.8950E-01, 4.7424E+00, 1.6431E+00, 8.0823E+00
"C                                                                                                                     "
  15883.470, -56116.520, 1.9897E+00, 6.0791E+00,-3.2227E-01, 2.5537E+00,-4.8950E-01, 4.7437E+00, 1.5710E+00, 8.0347E+00
"D                                                                                                                     "
  16105.140, -55894.850, 1.8933E+00, 6.0034E+00,-3.2227E-01, 2.5537E+00,-4.9316E-01, 4.7424E+00, 1.5076E+00, 8.0200E+00
"B                                                                                                                     "
  16109.790, -55890.200, 1.9031E+00, 6.0156E+00,-3.1860E-01, 2.5537E+00,-4.9072E-01, 4.7424E+00, 1.5063E+00, 8.0139E+00
"D                                                                                                                     "
  16111.560, -55888.430, 1.7493E+00, 5.8997E+00,-3.1738E-01, 2.5537E+00,-4.8950E-01, 4.7424E+00, 1.5381E+00, 8.0408E+00
"B                                                                                                                     "
  16113.750, -55886.240, 1.9165E+00, 6.0095E+00,-3.1860E-01, 2.5537E+00,-4.8584E-01, 4.7437E+00, 1.6492E+00, 8.0737E+00
"C                                                                                                                     "
  16114.530, -55885.460, 1.6479E+00, 5.8386E+00,-3.1738E-01, 2.5537E+00,-4.8950E-01, 4.7437E+00, 1.6235E+00, 8.1335E+00
"D                                                                                                                     "
  16115.430, -55884.560, 1.8762E+00, 5.9827E+00,-3.1982E-01, 2.5537E+00,-4.8584E-01, 4.7437E+00, 1.5698E+00, 8.0627E+00
"P                                                                                                                     "
  16133.370, -55866.620, 1.8420E+00, 5.9619E+00,-3.2227E-01, 2.5537E+00,-4.9316E-01, 4.7412E+00,-2.2095E-01, 6.4355E+00
"Z                                                                                                                     "
  16352.220, -55647.770, 1.8945E+00, 5.9912E+00,-3.1860E-01, 2.5537E+00,-4.8828E-01, 4.7424E+00, 8.4961E-01, 7.2583E+00
"P                                                                                                                     "
  16363.500, -55636.490, 1.8469E+00, 5.9583E+00,-3.1738E-01, 2.5537E+00,-4.9072E-01, 4.7424E+00, 8.3984E-01, 7.2803E+00
"G                                                                                                                     "
  16466.880, -55533.110, 1.3135E+00, 5.6299E+00,-3.2349E-01, 2.5537E+00,-4.8706E-01, 4.7424E+00,-1.9043E-01, 6.4941E+00
"Z                                                                                                                     "
  17195.610, -54804.380, 1.9702E+00, 6.0742E+00,-3.2227E-01, 2.5513E+00,-4.8828E-01, 4.7412E+00, 2.3804E-01, 6.3477E+00
"P                                                                                                                     "
  17245.980, -54754.010, 1.9922E+00, 6.0779E+00,-3.2593E-01, 2.5525E+00,-4.9438E-01, 4.7412E+00, 1.0779E+00, 7.5903E+00
"B2                                                                                                                    "
  17249.160, -54750.830, 1.9910E+00, 6.0876E+00,-3.2104E-01, 2.5525E+00,-4.8950E-01, 4.7412E+00, 1.0754E+00, 7.5696E+00
"G                                                                                                                     "
  17289.090, -54710.900, 1.5356E+00, 5.8057E+00,-3.2349E-01, 2.5513E+00,-4.9072E-01, 4.7412E+00, 1.0754E+00, 7.5793E+00
"P                                                                                                                     "
  17291.730, -54708.260, 1.9299E+00, 6.0388E+00,-3.2227E-01, 2.5513E+00,-4.8950E-01, 4.7400E+00, 1.0938E+00, 7.6062E+00
"G                                                                                                                     "
  20237.130, -51762.860, 1.7834E+00, 5.8948E+00,-3.2349E-01, 2.5500E+00,-4.9194E-01, 4.7388E+00,-2.8931E-01, 6.2354E+00
"Z                                                                                                                     "
  36000.060, -35999.930, 1.5259E+00, 5.6445E+00, 1.5002E+00, 4.3506E+00,-5.0537E-01, 4.7278E+00,-3.1372E-01, 6.2036E+00
