"NP                                                                                                                    "
    174.960, -71825.030, 4.1528E+00, 8.2568E+00, 2.2534E+00, 5.0977E+00,-5.2124E-01, 4.7192E+00,-2.1729E-01, 6.3025E+00
"P                                                                                                                     "
    219.120, -71780.870, 4.5288E+00, 8.6023E+00,-3.2715E-01, 2.5598E+00, 3.6182E+00, 8.8184E+00,-2.4292E-01, 6.2830E+00
"B2                                                                                                                    "
    223.860, -71776.130, 4.4141E+00, 8.4827E+00,-3.3081E-01, 2.5537E+00, 3.5315E+00, 8.7097E+00,-2.9785E-01, 6.2231E+00
"P                                                                                                                     "
    270.750, -71729.240, 4.1321E+00, 8.1995E+00, 2.4805E+00, 5.3137E+00, 2.9199E+00, 8.1311E+00,-2.6733E-01, 6.2537E+00
"B2                                                                                                                    "
    275.160, -71724.830, 4.0979E+00, 8.1689E+00, 2.1875E+00, 5.0146E+00, 2.9614E+00, 8.1519E+00, 3.5291E+00, 9.9878E+00
"P                                                                                                                     "
    300.870, -71699.120, 5.0586E+00, 9.1089E+00, 2.3669E+00, 5.1965E+00,-3.9307E-01, 4.9927E+00, 3.5632E+00, 9.9927E+00
"Z                                                                                                                     "
    422.940, -71577.050, 4.1345E+00, 8.2141E+00, 2.9553E+00, 5.7861E+00, 3.9514E+00, 7.9517E+00, 3.7378E+00, 9.9988E+00
"P                                                                                                                     "
    433.380, -71566.610, 4.1345E+00, 8.2068E+00, 2.7161E+00, 5.5493E+00, 3.1885E+00, 8.4021E+00, 3.0615E+00, 9.5203E+00
"C                                                                                                                     "
    434.790, -71565.200, 4.3665E+00, 8.4387E+00, 2.4402E+00, 5.2612E+00, 3.1177E+00, 8.3386E+00, 3.6475E+00, 9.8132E+00
"D                                                                                                                     "
    435.870, -71564.120, 4.1235E+00, 8.1946E+00, 2.4500E+00, 5.3467E+00, 3.2410E+00, 8.4546E+00, 3.0530E+00, 9.5166E+00
"B                                                                                                                     "
    436.980, -71563.010, 4.1101E+00, 8.1958E+00, 2.8259E+00, 5.7043E+00, 3.1665E+00, 8.3911E+00, 2.9456E+00, 9.4348E+00
"D                                                                                                                     "
    474.960, -71525.030, 4.1077E+00, 8.1836E+00, 2.3157E+00, 5.1599E+00, 3.4436E+00, 8.7024E+00, 3.4167E+00, 9.8889E+00
"F2                                                                                                                    "
    475.860, -71524.130, 4.4775E+00, 8.5522E+00, 2.2852E+00, 5.1306E+00, 3.6218E+00, 8.8025E+00, 3.0579E+00, 9.5227E+00
"B                                                                                                                     "
    476.640, -71523.350, 4.4885E+00, 8.5632E+00, 2.2949E+00, 5.1147E+00, 3.6987E+00, 8.9233E+00, 3.3704E+00, 9.8206E+00
"F2                                                                                                                    "
    478.350, -71521.640, 5.1367E+00, 9.3066E+00, 3.5681E+00, 6.4307E+00, 3.6292E+00, 8.8159E+00, 3.3130E+00, 9.7864E+00
"B                                                                                                                     "
    490.080, -71509.910, 4.7131E+00, 8.7939E+00, 3.0286E+00, 5.8594E+00, 3.3032E+00, 8.5217E+00, 2.7991E+00, 9.3237E+00
"C                                                                                                                     "
    494.340, -71505.650, 4.0991E+00, 8.1592E+00, 2.3657E+00, 5.2087E+00, 3.6731E+00, 8.9014E+00, 2.9346E+00, 9.4067E+00
"D                                                                                                                     "
    504.240, -71495.750, 4.5166E+00, 8.5364E+00, 3.2605E+00, 5.8057E+00, 3.5791E+00, 8.7830E+00, 2.9675E+00, 9.4373E+00
"C                                                                                                                     "
    505.920, -71494.070, 4.1858E+00, 8.2532E+00, 3.0432E+00, 5.8936E+00, 3.7219E+00, 8.9136E+00, 2.9675E+00, 9.4385E+00
"D                                                                                                                     "
    586.410, -71413.580, 3.2080E+00, 7.1497E+00, 2.7417E+00, 5.6262E+00, 3.7451E+00, 8.9453E+00, 3.2727E+00, 9.7546E+00
"B                                                                                                                     "
    588.810, -71411.180, 2.9846E+00, 7.0813E+00, 2.8845E+00, 5.7178E+00, 3.8464E+00, 9.0356E+00, 2.7600E+00, 9.2590E+00
"C                                                                                                                     "
    603.750, -71396.240, 3.6438E+00, 7.7307E+00, 2.9370E+00, 5.7751E+00, 3.9526E+00, 9.1589E+00, 2.9114E+00, 9.3848E+00
"D                                                                                                                     "
    664.260, -71335.730, 4.2505E+00, 8.3142E+00, 2.9504E+00, 5.7690E+00, 3.7256E+00, 8.9099E+00, 2.9590E+00, 9.4446E+00
"B                                                                                                                     "
    665.820, -71334.170,-1.8188E-01, 4.6362E+00, 2.9492E+00, 5.7678E+00, 3.6987E+00, 8.8892E+00, 2.8235E+00, 9.3054E+00
"C                                                                                                                     "
    671.970, -71328.020,-5.5298E-01, 3.6096E+00, 2.9578E+00, 5.7678E+00, 3.8232E+00, 9.0210E+00, 2.8296E+00, 9.3152E+00
"D                                                                                                                     "
    702.060, -71297.930,-5.5298E-01, 3.5925E+00, 2.9492E+00, 5.7715E+00, 3.6658E+00, 8.8696E+00, 2.7820E+00, 9.2700E+00
"B                                                                                                                     "
    706.110, -71293.880,-5.1880E-01, 3.6255E+00, 2.9675E+00, 5.7751E+00, 3.8306E+00, 9.0088E+00, 2.7893E+00, 9.2749E+00
"C                                                                                                                     "
    708.630, -71291.360, 2.7832E-01, 4.3896E+00, 2.9700E+00, 5.8008E+00, 3.8452E+00, 9.0540E+00, 3.1738E+00, 9.6448E+00
"D                                                                                                                     "
    713.910, -71286.080,-5.1392E-01, 3.6365E+00, 2.5684E+00, 5.4675E+00, 3.9185E+00, 9.1174E+00, 2.7905E+00, 9.2749E+00
"DG                                                                                                                    "
   1005.390, -70994.600, 3.3154E+00, 7.3840E+00, 2.9468E+00, 5.8191E+00, 3.8196E+00, 9.0295E+00, 2.5415E+00, 9.0332E+00
"F2                                                                                                                    "
   1007.310, -70992.680, 3.3191E+00, 7.3804E+00, 2.9553E+00, 5.7947E+00, 3.8867E+00, 9.0930E+00, 2.5049E+00, 8.9917E+00
"G                                                                                                                     "
   1210.830, -70789.160, 3.6890E+00, 7.7490E+00, 3.1287E+00, 5.9583E+00, 1.7114E+00, 8.0750E+00, 2.4023E+00, 8.8989E+00
"Z                                                                                                                     "
  15698.850, -56301.140, 1.4380E+00, 5.5359E+00,-3.4302E-01, 2.5342E+00, 1.7139E+00, 6.4722E+00,-3.1738E-01, 6.2012E+00
"P                                                                                                                     "
  15729.420, -56270.570,-5.7617E-01, 3.5645E+00,-3.4302E-01, 2.5342E+00, 2.2485E+00, 7.4658E+00,-3.1494E-01, 6.2024E+00
"B2                                                                                                                    "
  15733.410, -56266.580,-5.8716E-01, 3.5632E+00,-3.4546E-01, 2.5330E+00, 2.1338E+00, 7.3535E+00,-3.1738E-01, 6.2024E+00
"P                                                                                                                     "
  15737.850, -56262.140,-5.8594E-01, 3.5645E+00,-3.4424E-01, 2.5330E+00, 1.5381E+00, 7.1338E+00,-3.2227E-01, 6.2024E+00
"Z                                                                                                                     "
  15745.440, -56254.550,-5.8105E-01, 3.5620E+00,-3.3936E-01, 2.5330E+00, 1.9165E+00, 6.3184E+00,-3.1738E-01, 6.2036E+00
"P                                                                                                                     "
  15784.710, -56215.280,-5.7861E-01, 3.5608E+00,-3.4424E-01, 2.5330E+00, 2.1960E+00, 7.3950E+00,-3.1494E-01, 6.2048E+00
"B2                                                                                                                    "
  15789.030, -56210.960,-5.7983E-01, 3.5620E+00,-3.4424E-01, 2.5330E+00, 2.0618E+00, 7.2632E+00,-3.1616E-01, 6.2024E+00
"P                                                                                                                     "
  15792.000, -56207.990,-5.8350E-01, 3.5632E+00,-3.4302E-01, 2.5330E+00, 2.0154E+00, 7.2205E+00,-3.0884E-01, 6.2085E+00
"G                                                                                                                     "
  15793.890, -56206.100,-5.9082E-01, 3.5608E+00,-3.4424E-01, 2.5342E+00, 1.6882E+00, 6.9080E+00,-3.1128E-01, 6.2097E+00
"P                                                                                                                     "
  15838.950, -56161.040,-5.8838E-01, 3.5620E+00,-3.4668E-01, 2.5342E+00, 1.8079E+00, 7.4207E+00,-3.1250E-01, 6.2085E+00
"Z                                                                                                                     "
  16973.550, -55026.440,-5.5786E-01, 3.5828E+00,-3.3813E-01, 2.5354E+00, 1.1707E+00, 5.1062E+00,-3.1128E-01, 6.2073E+00
"P                                                                                                                     "
  16996.170, -55003.820,-5.6885E-01, 3.5828E+00,-3.4302E-01, 2.5354E+00, 2.6624E+00, 7.9773E+00,-3.1128E-01, 6.2073E+00
"G                                                                                                                     "
  17002.590, -54997.400,-5.7007E-01, 3.5815E+00,-3.4424E-01, 2.5354E+00, 2.8516E+00, 8.0750E+00,-3.1494E-01, 6.2061E+00
"P                                                                                                                     "
  17005.350, -54994.640,-5.6519E-01, 3.5828E+00,-3.4424E-01, 2.5354E+00, 2.9187E+00, 8.1360E+00,-3.1128E-01, 6.2061E+00
"B2                                                                                                                    "
  17009.910, -54990.080,-5.5420E-01, 3.5828E+00,-3.4058E-01, 2.5366E+00, 2.9004E+00, 8.0884E+00,-3.1128E-01, 6.2061E+00
"P                                                                                                                     "
  17013.330, -54986.660,-5.7007E-01, 3.5815E+00,-3.4180E-01, 2.5366E+00, 2.8076E+00, 8.0457E+00,-3.1250E-01, 6.2061E+00
"B2                                                                                                                    "
  17014.740, -54985.250,-5.5664E-01, 3.5828E+00,-3.4180E-01, 2.5354E+00, 2.9626E+00, 8.1531E+00,-3.1372E-01, 6.2061E+00
"P                                                                                                                     "
  17026.470, -54973.520,-5.5786E-01, 3.5840E+00,-3.4058E-01, 2.5366E+00, 2.7209E+00, 7.9065E+00,-3.1006E-01, 6.2061E+00
"G                                                                                                                     "
  17032.710, -54967.280,-5.5420E-01, 3.5840E+00,-3.4058E-01, 2.5366E+00, 2.6074E+00, 7.8125E+00,-3.0762E-01, 6.2109E+00
"P                                                                                                                     "
  17049.210, -54950.780,-5.6274E-01, 3.5828E+00,-3.4058E-01, 2.5366E+00, 5.3833E-01, 6.7896E+00,-2.7222E-01, 6.2476E+00
"Z                                                                                                                     "
  17172.780, -54827.210,-5.5786E-01, 3.5864E+00,-3.4180E-01, 2.5391E+00, 3.3582E+00, 7.6404E+00,-3.1128E-01, 6.2085E+00
"P                                                                                                                     "
  17208.240, -54791.750,-5.6030E-01, 3.5864E+00,-3.4180E-01, 2.5391E+00, 2.4646E+00, 7.6904E+00,-3.1006E-01, 6.2097E+00
"B2                                                                                                                    "
  17211.990, -54788.000,-5.5298E-01, 3.5864E+00,-3.3569E-01, 2.5391E+00, 2.5488E+00, 7.7063E+00,-3.1128E-01, 6.2097E+00
"Z                                                                                                                     "
  17266.950, -54733.040,-5.6641E-01, 3.5864E+00,-3.3813E-01, 2.5391E+00, 2.9077E+00, 7.9407E+00,-3.0518E-01, 6.2146E+00
"P                                                                                                                     "
  17307.330, -54692.660,-5.6396E-01, 3.5876E+00,-3.3813E-01, 2.5403E+00, 2.4622E+00, 7.6978E+00,-3.0884E-01, 6.2134E+00
"C                                                                                                                     "
  17321.550, -54678.440,-5.5542E-01, 3.5864E+00,-3.3691E-01, 2.5391E+00, 2.8088E+00, 8.0310E+00,-3.0396E-01, 6.2134E+00
"B                                                                                                                     "
  17323.290, -54676.700,-5.5908E-01, 3.5876E+00,-3.3691E-01, 2.5403E+00, 2.7637E+00, 7.9907E+00,-3.0762E-01, 6.2134E+00
"F2                                                                                                                    "
  17325.690, -54674.300,-5.6152E-01, 3.5864E+00,-3.3813E-01, 2.5391E+00, 2.6868E+00, 7.9224E+00,-3.0762E-01, 6.2134E+00
"B                                                                                                                     "
  17329.920, -54670.070,-5.6274E-01, 3.5864E+00,-3.3936E-01, 2.5403E+00, 2.9016E+00, 8.1079E+00,-3.1006E-01, 6.2134E+00
"C                                                                                                                     "
  17331.600, -54668.390,-5.4932E-01, 3.5876E+00,-3.3569E-01, 2.5391E+00, 2.9431E+00, 8.1702E+00,-3.0518E-01, 6.2134E+00
"C                                                                                                                     "
  17332.080, -54667.910,-5.6152E-01, 3.5864E+00,-3.3813E-01, 2.5403E+00, 2.8308E+00, 8.0408E+00,-3.0640E-01, 6.2122E+00
"C                                                                                                                     "
  17332.650, -54667.340,-5.6152E-01, 3.5876E+00,-3.3813E-01, 2.5403E+00, 2.8418E+00, 8.0981E+00,-3.0518E-01, 6.2134E+00
"D                                                                                                                     "
  17333.730, -54666.260,-5.5176E-01, 3.5938E+00,-3.3691E-01, 2.5403E+00, 2.8503E+00, 8.0164E+00,-3.0518E-01, 6.2122E+00
"C                                                                                                                     "
  17334.750, -54665.240,-5.5664E-01, 3.5889E+00,-3.3569E-01, 2.5403E+00, 2.8186E+00, 8.1238E+00,-3.0396E-01, 6.2134E+00
"D                                                                                                                     "
  17344.290, -54655.700,-5.4199E-01, 3.5889E+00,-3.3447E-01, 2.5403E+00, 2.8564E+00, 8.0530E+00,-3.0640E-01, 6.2122E+00
"C                                                                                                                     "
  17348.310, -54651.680,-5.5542E-01, 3.5901E+00,-3.3691E-01, 2.5391E+00, 2.7637E+00, 7.9858E+00,-3.0396E-01, 6.2134E+00
"D                                                                                                                     "
  17356.380, -54643.610,-5.6274E-01, 3.5889E+00,-3.3691E-01, 2.5403E+00, 3.4070E+00, 8.6560E+00,-3.0762E-01, 6.2134E+00
"F1                                                                                                                    "
  17357.190, -54642.800,-5.6274E-01, 3.5889E+00,-3.3936E-01, 2.5391E+00, 2.6160E+00, 7.8723E+00,-3.0884E-01, 6.2134E+00
"F2                                                                                                                    "
  17359.140, -54640.850,-5.5542E-01, 3.5864E+00,-3.3691E-01, 2.5403E+00, 2.7454E+00, 7.9626E+00,-3.0762E-01, 6.2122E+00
"B                                                                                                                     "
  17362.140, -54637.850,-5.4932E-01, 3.5889E+00,-3.3569E-01, 2.5403E+00, 2.7307E+00, 7.9382E+00,-3.0640E-01, 6.2122E+00
"C                                                                                                                     "
  17362.830, -54637.160,-5.5664E-01, 3.5876E+00,-3.3569E-01, 2.5391E+00, 2.6355E+00, 7.8528E+00,-3.0396E-01, 6.2122E+00
"B                                                                                                                     "
  17366.640, -54633.350,-5.5176E-01, 3.5864E+00,-3.3691E-01, 2.5391E+00, 2.7429E+00, 7.9431E+00,-3.0762E-01, 6.2122E+00
"C                                                                                                                     "
  17374.800, -54625.190,-5.6519E-01, 3.5876E+00,-3.3691E-01, 2.5403E+00, 2.9614E+00, 8.1714E+00,-3.0884E-01, 6.2122E+00
"D                                                                                                                     "
  17381.910, -54618.080,-5.5664E-01, 3.5876E+00,-3.3691E-01, 2.5391E+00, 2.8479E+00, 8.0432E+00,-3.0884E-01, 6.2122E+00
"F2                                                                                                                    "
  17384.040, -54615.950,-5.4810E-01, 3.5876E+00,-3.3691E-01, 2.5403E+00, 2.7759E+00, 8.0103E+00,-3.0762E-01, 6.2122E+00
"B                                                                                                                     "
  17385.930, -54614.060,-5.5176E-01, 3.5864E+00,-3.3936E-01, 2.5391E+00, 2.6294E+00, 7.8186E+00,-3.0396E-01, 6.2122E+00
"C                                                                                                                     "
  17386.980, -54613.010,-5.6274E-01, 3.5876E+00,-3.3813E-01, 2.5391E+00, 2.7454E+00, 7.9480E+00,-3.0884E-01, 6.2109E+00
"D                                                                                                                     "
  17393.220, -54606.770,-5.6274E-01, 3.5876E+00,-3.4058E-01, 2.5403E+00, 2.6318E+00, 7.8918E+00,-3.0884E-01, 6.2109E+00
"F2                                                                                                                    "
  17396.010, -54603.980,-5.5786E-01, 3.5876E+00,-3.3813E-01, 2.5391E+00, 2.7942E+00, 8.0249E+00,-3.0640E-01, 6.2109E+00
"B                                                                                                                     "
  17399.070, -54600.920,-5.6030E-01, 3.5864E+00,-3.3936E-01, 2.5391E+00, 2.6794E+00, 7.9089E+00,-3.0884E-01, 6.2109E+00
"C                                                                                                                     "
  17399.760, -54600.230,-5.5786E-01, 3.5864E+00,-3.3447E-01, 2.5391E+00, 2.7698E+00, 8.0054E+00,-3.1006E-01, 6.2109E+00
"D                                                                                                                     "
  17401.290, -54598.700,-5.6519E-01, 3.5876E+00,-3.3813E-01, 2.5403E+00, 2.7368E+00, 7.9504E+00,-3.0762E-01, 6.2109E+00
"C                                                                                                                     "
  17402.670, -54597.320,-5.5908E-01, 3.5876E+00,-3.3691E-01, 2.5403E+00, 2.8162E+00, 8.0164E+00,-3.0884E-01, 6.2109E+00
"B                                                                                                                     "
  17404.140, -54595.850,-5.6152E-01, 3.5876E+00,-3.3813E-01, 2.5391E+00, 2.6526E+00, 7.8760E+00,-3.0762E-01, 6.2109E+00
"C                                                                                                                     "
  17405.160, -54594.830,-5.5298E-01, 3.5876E+00,-3.3813E-01, 2.5403E+00, 2.7539E+00, 7.9834E+00,-3.0518E-01, 6.2109E+00
"D                                                                                                                     "
  17407.590, -54592.400,-5.6152E-01, 3.5864E+00,-3.3936E-01, 2.5391E+00, 2.5049E+00, 7.7539E+00,-3.1128E-01, 6.2109E+00
"F2                                                                                                                    "
  17410.710, -54589.280,-5.5298E-01, 3.5876E+00,-3.3447E-01, 2.5391E+00, 2.7576E+00, 7.9736E+00,-3.0762E-01, 6.2109E+00
"B                                                                                                                     "
  17417.310, -54582.680,-5.6519E-01, 3.5876E+00,-3.3569E-01, 2.5391E+00, 2.6086E+00, 7.8149E+00,-3.0884E-01, 6.2109E+00
"C                                                                                                                     "
  17419.890, -54580.100,-5.6763E-01, 3.5852E+00,-3.3569E-01, 2.5391E+00, 2.6196E+00, 7.8394E+00,-3.1006E-01, 6.2109E+00
"D                                                                                                                     "
  17420.670, -54579.320,-5.6152E-01, 3.5864E+00,-3.3447E-01, 2.5391E+00, 2.6587E+00, 7.9053E+00,-3.0640E-01, 6.2109E+00
"B                                                                                                                     "
  17421.630, -54578.360,-5.4932E-01, 3.5876E+00,-3.3447E-01, 2.5403E+00, 2.7234E+00, 7.9333E+00,-3.0884E-01, 6.2109E+00
"C                                                                                                                     "
  17426.460, -54573.530,-5.6152E-01, 3.5864E+00,-3.3691E-01, 2.5403E+00, 2.7344E+00, 7.9492E+00,-3.0762E-01, 6.2097E+00
"B                                                                                                                     "
  17428.140, -54571.850,-5.6763E-01, 3.5864E+00,-3.3691E-01, 2.5403E+00, 2.5586E+00, 7.7783E+00,-3.1128E-01, 6.2097E+00
"C                                                                                                                     "
  17431.080, -54568.910,-5.5298E-01, 3.5864E+00,-3.3569E-01, 2.5391E+00, 2.7454E+00, 7.9712E+00,-3.0884E-01, 6.2097E+00
"D                                                                                                                     "
  17436.030, -54563.960,-5.6030E-01, 3.5864E+00,-3.3936E-01, 2.5391E+00, 2.7051E+00, 7.9211E+00,-3.0884E-01, 6.2085E+00
"C                                                                                                                     "
  17438.550, -54561.440,-5.6152E-01, 3.5864E+00,-3.3813E-01, 2.5391E+00, 2.6794E+00, 7.9639E+00,-3.1006E-01, 6.2109E+00
"D                                                                                                                     "
  17470.320, -54529.670,-5.5298E-01, 3.5852E+00,-3.3447E-01, 2.5391E+00, 2.9431E+00, 8.1348E+00,-3.0884E-01, 6.2085E+00
"C                                                                                                                     "
  17473.560, -54526.430,-5.6152E-01, 3.5852E+00,-3.3813E-01, 2.5391E+00, 2.6367E+00, 7.8821E+00,-3.1250E-01, 6.2097E+00
"F2                                                                                                                    "
  17475.300, -54524.690,-5.4932E-01, 3.5852E+00,-3.3569E-01, 2.5391E+00, 2.6147E+00, 7.8052E+00,-3.1128E-01, 6.2085E+00
"B                                                                                                                     "
  17486.340, -54513.650,-5.6641E-01, 3.5852E+00,-3.3813E-01, 2.5391E+00, 2.6355E+00, 7.8516E+00,-3.1372E-01, 6.2085E+00
"C                                                                                                                     "
  17488.200, -54511.790,-5.5176E-01, 3.5840E+00,-3.3691E-01, 2.5391E+00, 2.8467E+00, 8.0676E+00,-3.0884E-01, 6.2085E+00
"B                                                                                                                     "
  17489.910, -54510.080,-5.5664E-01, 3.5852E+00,-3.3691E-01, 2.5391E+00, 2.6880E+00, 7.9041E+00,-3.1250E-01, 6.2073E+00
"C                                                                                                                     "
  17491.530, -54508.460,-5.5542E-01, 3.5840E+00,-3.3813E-01, 2.5378E+00, 2.9041E+00, 8.1531E+00,-3.1006E-01, 6.2073E+00
"D                                                                                                                     "
  17492.220, -54507.770,-5.5542E-01, 3.5840E+00,-3.3813E-01, 2.5378E+00, 2.8528E+00, 8.0383E+00,-3.1006E-01, 6.2073E+00
"C                                                                                                                     "
  17494.650, -54505.340,-5.6519E-01, 3.5840E+00,-3.4058E-01, 2.5391E+00, 2.8430E+00, 8.0408E+00,-3.1128E-01, 6.2085E+00
"D                                                                                                                     "
  17500.170, -54499.820,-5.6274E-01, 3.5840E+00,-3.3813E-01, 2.5391E+00, 2.8235E+00, 8.0225E+00,-3.1250E-01, 6.2085E+00
"B                                                                                                                     "
  17500.890, -54499.100,-5.6641E-01, 3.5828E+00,-3.3691E-01, 2.5391E+00, 2.7209E+00, 8.0444E+00,-3.1250E-01, 6.2073E+00
"F2                                                                                                                    "
  17502.450, -54497.540,-5.6519E-01, 3.5852E+00,-3.3936E-01, 2.5391E+00, 2.7490E+00, 7.9529E+00,-3.1128E-01, 6.2085E+00
"C                                                                                                                     "
  17504.070, -54495.920,-5.6396E-01, 3.5828E+00,-3.3936E-01, 2.5391E+00, 2.9883E+00, 8.1873E+00,-3.1128E-01, 6.2073E+00
"D                                                                                                                     "
  17622.870, -54377.120,-5.6519E-01, 3.5815E+00,-3.3813E-01, 2.5378E+00, 3.3105E+00, 8.5193E+00,-2.9785E-01, 6.2183E+00
"C                                                                                                                     "
  17624.190, -54375.800,-5.6763E-01, 3.5815E+00,-3.4302E-01, 2.5378E+00, 3.0469E+00, 8.2605E+00,-2.6245E-01, 6.2537E+00
"D                                                                                                                     "
  17682.510, -54317.480,-5.5542E-01, 3.5815E+00,-3.3936E-01, 2.5378E+00, 3.3850E+00, 8.5767E+00,-3.1250E-01, 6.2048E+00
"C                                                                                                                     "
  17686.200, -54313.790,-5.6152E-01, 3.5815E+00,-3.3813E-01, 2.5378E+00, 3.5547E+00, 8.7549E+00,-3.1616E-01, 6.2048E+00
"D                                                                                                                     "
  17763.210, -54236.780,-5.6274E-01, 3.5815E+00,-3.3813E-01, 2.5366E+00, 3.3557E+00, 8.5425E+00,-3.1494E-01, 6.2048E+00
"C                                                                                                                     "
  17767.770, -54232.220,-5.5786E-01, 3.5815E+00,-3.4058E-01, 2.5366E+00, 3.4204E+00, 8.6157E+00,-3.1616E-01, 6.2048E+00
"D                                                                                                                     "
  17837.250, -54162.740,-5.6763E-01, 3.5840E+00,-3.4058E-01, 2.5366E+00, 3.4558E+00, 8.6499E+00,-3.1616E-01, 6.2061E+00
"C                                                                                                                     "
  17841.210, -54158.780,-5.6641E-01, 3.5828E+00,-3.3936E-01, 2.5378E+00, 3.5535E+00, 8.7512E+00,-3.1372E-01, 6.2048E+00
"D                                                                                                                     "
  17971.710, -54028.280,-5.5298E-01, 3.5889E+00,-3.3691E-01, 2.5391E+00, 3.4033E+00, 8.6450E+00,-3.1372E-01, 6.2073E+00
"F1                                                                                                                    "
  17972.910, -54027.080,-5.6885E-01, 3.5864E+00,-3.4180E-01, 2.5391E+00, 3.0286E+00, 8.2556E+00,-3.1372E-01, 6.2073E+00
"F2                                                                                                                    "
  17977.650, -54022.340,-5.6030E-01, 3.5889E+00,-3.3936E-01, 2.5391E+00, 3.7695E+00, 9.0344E+00,-3.1128E-01, 6.2073E+00
"F3                                                                                                                    "
  17984.820, -54015.170,-5.5542E-01, 3.5901E+00,-3.3936E-01, 2.5391E+00, 3.2922E+00, 8.5376E+00,-3.1250E-01, 6.2073E+00
"F4                                                                                                                    "
  17989.500, -54010.490,-5.6030E-01, 3.5889E+00,-3.3936E-01, 2.5391E+00, 3.0701E+00, 8.2849E+00,-3.1250E-01, 6.2073E+00
"B                                                                                                                     "
  17997.360, -54002.630,-5.4810E-01, 3.5889E+00,-3.3813E-01, 2.5391E+00, 3.2922E+00, 8.4851E+00,-3.1128E-01, 6.2073E+00
"C                                                                                                                     "
  17998.350, -54001.640,-5.5420E-01, 3.5889E+00,-3.3569E-01, 2.5391E+00, 3.3655E+00, 8.5779E+00,-3.1128E-01, 6.2073E+00
"D                                                                                                                     "
  18005.730, -53994.260,-5.6030E-01, 3.5889E+00,-3.3813E-01, 2.5391E+00, 3.5120E+00, 8.7695E+00,-3.1372E-01, 6.2073E+00
"C                                                                                                                     "
  18009.720, -53990.270,-5.4810E-01, 3.5901E+00,-3.3691E-01, 2.5391E+00, 3.6633E+00, 8.8660E+00,-3.1006E-01, 6.2073E+00
"D                                                                                                                     "
  18042.480, -53957.510,-5.5664E-01, 3.5889E+00,-3.3691E-01, 2.5403E+00, 3.5950E+00, 8.8330E+00,-3.1372E-01, 6.2085E+00
"B                                                                                                                     "
  18042.990, -53957.000, 4.1113E+00,-6.0669E-01, 6.1340E+00,-4.5349E+00, 3.2446E+00, 8.4827E+00, 2.9785E+00, 6.1780E+00
"C                                                                                                                     "
  18044.490, -53955.500,-5.4688E-01, 3.5901E+00,-3.3569E-01, 2.5403E+00, 3.5315E+00, 8.7195E+00,-3.1006E-01, 6.2085E+00
"D                                                                                                                     "
  18046.410, -53953.580,-5.5908E-01, 3.5889E+00,-3.3813E-01, 2.5403E+00, 3.6536E+00, 8.8574E+00,-3.1250E-01, 6.2085E+00
"C                                                                                                                     "
  18047.670, -53952.320,-5.5786E-01, 3.5901E+00,-3.3691E-01, 2.5403E+00, 4.2017E+00, 9.4141E+00,-3.1128E-01, 6.2085E+00
"D                                                                                                                     "
  18233.790, -53766.200,-5.5542E-01, 3.5889E+00,-3.3569E-01, 2.5403E+00, 3.5876E+00, 8.8086E+00,-3.0884E-01, 6.2097E+00
"F2                                                                                                                    "
  18235.140, -53764.850,-5.5054E-01, 3.5901E+00,-3.3447E-01, 2.5403E+00, 3.3899E+00, 8.6084E+00,-3.0884E-01, 6.2097E+00
"B                                                                                                                     "
  18237.150, -53762.840,-5.5176E-01, 3.5876E+00,-3.3813E-01, 2.5403E+00, 3.4985E+00, 8.7036E+00,-3.0762E-01, 6.2097E+00
"C                                                                                                                     "
  18239.700, -53760.290,-5.4932E-01, 3.5901E+00,-3.3569E-01, 2.5403E+00, 3.5901E+00, 8.7720E+00,-3.0884E-01, 6.2097E+00
"D                                                                                                                     "
  18282.510, -53717.480,-5.4565E-01, 3.5889E+00,-3.3447E-01, 2.5403E+00, 3.3228E+00, 8.5535E+00,-3.1006E-01, 6.2097E+00
"P                                                                                                                     "
  18289.590, -53710.400,-5.5786E-01, 3.5876E+00,-3.3691E-01, 2.5403E+00, 3.3740E+00, 8.5535E+00,-3.0273E-01, 6.2134E+00
"Z                                                                                                                     "
  31903.830, -40096.160, 4.1113E+00,-6.0669E-01, 6.1340E+00,-4.5349E+00, 3.2446E+00, 8.4827E+00, 2.9785E+00, 6.1780E+00
"P                                                                                                                     "
  31915.980, -40084.010, 2.2046E+00, 6.3062E+00,-3.4668E-01, 2.5269E+00, 2.4304E+00, 7.6501E+00,-3.0884E-01, 6.2109E+00
"C                                                                                                                     "
  31921.500, -40078.490, 2.2070E+00, 6.3025E+00,-3.4668E-01, 2.5269E+00, 2.7368E+00, 8.0115E+00,-3.0884E-01, 6.2109E+00
"B                                                                                                                     "
  31923.960, -40076.030, 2.2217E+00, 6.3147E+00,-3.4546E-01, 2.5269E+00, 3.0579E+00, 8.0957E+00,-3.0396E-01, 6.2109E+00
"D                                                                                                                     "
  31929.570, -40070.420, 2.2168E+00, 6.3098E+00,-3.4424E-01, 2.5269E+00, 2.9871E+00, 8.1860E+00,-3.0762E-01, 6.2122E+00
"B                                                                                                                     "
  31932.450, -40067.540, 2.2034E+00, 6.3062E+00,-3.4668E-01, 2.5269E+00, 3.1775E+00, 8.3899E+00,-3.0762E-01, 6.2134E+00
"D                                                                                                                     "
  31933.110, -40066.880, 2.2131E+00, 6.3013E+00,-3.4546E-01, 2.5269E+00, 3.3923E+00, 8.6096E+00,-3.0396E-01, 6.2134E+00
"B                                                                                                                     "
  31936.140, -40063.850, 2.1069E+00, 6.2024E+00,-3.4302E-01, 2.5269E+00, 3.2678E+00, 8.4937E+00,-3.0273E-01, 6.2134E+00
"D                                                                                                                     "
  31940.280, -40059.710, 2.1301E+00, 6.2329E+00,-3.4546E-01, 2.5269E+00, 3.3850E+00, 8.5742E+00,-3.0518E-01, 6.2146E+00
"B                                                                                                                     "
  31941.780, -40058.210, 1.9824E+00, 6.1414E+00,-3.4546E-01, 2.5269E+00, 3.2385E+00, 8.4656E+00,-3.0396E-01, 6.2146E+00
"C                                                                                                                     "
  31946.400, -40053.590, 2.2339E+00, 6.3257E+00,-3.4546E-01, 2.5269E+00, 3.5547E+00, 8.8623E+00,-3.0273E-01, 6.2146E+00
"B                                                                                                                     "
  31947.330, -40052.660, 2.2314E+00, 6.3269E+00,-3.4058E-01, 2.5269E+00, 3.1519E+00, 8.3411E+00,-3.0151E-01, 6.2158E+00
"C                                                                                                                     "
  31968.870, -40031.120, 2.2144E+00, 6.3232E+00,-3.4546E-01, 2.5269E+00, 3.3521E+00, 8.5901E+00,-3.0273E-01, 6.2170E+00
"D                                                                                                                     "
  31979.520, -40020.470, 2.2437E+00, 6.3440E+00,-3.4302E-01, 2.5269E+00, 3.4509E+00, 8.6731E+00,-2.9785E-01, 6.2183E+00
"F2                                                                                                                    "
  31983.660, -40016.330, 2.2229E+00, 6.3281E+00,-3.4668E-01, 2.5269E+00, 3.1885E+00, 8.4045E+00,-3.0273E-01, 6.2183E+00
"B                                                                                                                     "
  31985.640, -40014.350, 2.2253E+00, 6.3269E+00,-3.4424E-01, 2.5269E+00, 3.2019E+00, 8.4106E+00,-3.0273E-01, 6.2183E+00
"C                                                                                                                     "
  32015.760, -39984.230, 2.2339E+00, 6.3379E+00,-3.4546E-01, 2.5269E+00, 3.1848E+00, 8.3875E+00,-2.9785E-01, 6.2183E+00
"D                                                                                                                     "
  32019.780, -39980.210, 2.3621E+00, 6.4636E+00,-3.4668E-01, 2.5269E+00, 3.1116E+00, 8.3301E+00,-3.0273E-01, 6.2195E+00
"F1                                                                                                                    "
  32021.910, -39978.080, 2.3425E+00, 6.4490E+00,-3.4668E-01, 2.5269E+00, 3.1018E+00, 8.3252E+00,-3.0029E-01, 6.2183E+00
"F2                                                                                                                    "
  32024.790, -39975.200, 2.2327E+00, 6.3220E+00,-3.4302E-01, 2.5281E+00, 3.0322E+00, 8.2336E+00,-2.9907E-01, 6.2195E+00
"B                                                                                                                     "
  32027.040, -39972.950, 2.3596E+00, 6.4453E+00,-3.4302E-01, 2.5269E+00, 2.8931E+00, 8.0884E+00,-2.9907E-01, 6.2183E+00
"C                                                                                                                     "
  32031.780, -39968.210, 2.2400E+00, 6.3416E+00,-3.4546E-01, 2.5281E+00, 2.8650E+00, 8.0530E+00,-3.0151E-01, 6.2195E+00
"B                                                                                                                     "
  32034.240, -39965.750, 2.2461E+00, 6.3367E+00,-3.4424E-01, 2.5269E+00, 2.8052E+00, 7.9956E+00,-2.9907E-01, 6.2195E+00
"C                                                                                                                     "
  32042.670, -39957.320, 2.2363E+00, 6.3403E+00,-3.4668E-01, 2.5269E+00, 3.0676E+00, 8.2703E+00,-3.0151E-01, 6.2195E+00
"D                                                                                                                     "
  32085.630, -39914.360, 2.6611E+00, 6.7371E+00,-3.4058E-01, 2.5269E+00, 3.2397E+00, 8.4399E+00,-2.9785E-01, 6.2195E+00
"C                                                                                                                     "
  32087.280, -39912.710, 2.2925E+00, 6.3940E+00,-3.4546E-01, 2.5269E+00, 3.0322E+00, 8.2581E+00,-2.9907E-01, 6.2195E+00
"F2                                                                                                                    "
  32090.130, -39909.860, 2.3376E+00, 6.4380E+00,-3.4546E-01, 2.5269E+00, 2.9431E+00, 8.1714E+00,-3.0151E-01, 6.2195E+00
"B                                                                                                                     "
  32094.630, -39905.360, 2.5854E+00, 6.6956E+00,-3.4180E-01, 2.5269E+00, 2.9114E+00, 8.1213E+00,-2.9907E-01, 6.2195E+00
"D                                                                                                                     "
  32095.380, -39904.610, 2.1997E+00, 6.3013E+00,-3.4546E-01, 2.5269E+00, 2.9077E+00, 8.1421E+00,-2.9663E-01, 6.2195E+00
"C                                                                                                                     "
  32098.200, -39901.790, 2.2253E+00, 6.3184E+00,-3.4302E-01, 2.5269E+00, 2.9883E+00, 8.1848E+00,-2.9907E-01, 6.2195E+00
"B                                                                                                                     "
  32100.960, -39899.030, 2.2034E+00, 6.3074E+00,-3.4424E-01, 2.5269E+00, 2.8479E+00, 8.0688E+00,-3.0029E-01, 6.2195E+00
"C                                                                                                                     "
  32101.860, -39898.130, 2.2217E+00, 6.3123E+00,-3.4546E-01, 2.5269E+00, 3.6694E+00, 8.6340E+00,-2.9541E-01, 6.2195E+00
"D                                                                                                                     "
  32292.390, -39707.600, 2.6001E+00, 6.6931E+00,-3.4790E-01, 2.5269E+00, 3.1287E+00, 8.3313E+00,-3.0762E-01, 6.2134E+00
"B                                                                                                                     "
  32294.640, -39705.350, 2.1924E+00, 6.2878E+00,-3.4668E-01, 2.5269E+00, 3.1726E+00, 8.3630E+00,-3.0396E-01, 6.2134E+00
"D                                                                                                                     "
  32315.460, -39684.530, 2.2229E+00, 6.3232E+00,-3.4668E-01, 2.5256E+00, 3.0457E+00, 8.2800E+00,-3.0518E-01, 6.2134E+00
"F1                                                                                                                    "
  32317.110, -39682.880, 2.2070E+00, 6.3013E+00,-3.4912E-01, 2.5269E+00, 3.1433E+00, 8.3398E+00,-3.1006E-01, 6.2122E+00
"F2                                                                                                                    "
  32318.400, -39681.590, 2.2192E+00, 6.3098E+00,-3.4546E-01, 2.5269E+00, 3.1714E+00, 8.4131E+00,-3.0518E-01, 6.2134E+00
"B                                                                                                                     "
  32320.710, -39679.280, 2.1619E+00, 6.2598E+00,-3.4790E-01, 2.5256E+00, 3.0566E+00, 8.2556E+00,-3.0884E-01, 6.2134E+00
"C                                                                                                                     "
  32321.910, -39678.080, 2.2034E+00, 6.3013E+00,-3.4424E-01, 2.5256E+00, 3.1616E+00, 8.3606E+00,-3.0396E-01, 6.2122E+00
"D                                                                                                                     "
  32460.510, -39539.480, 2.1399E+00, 6.2109E+00,-3.4546E-01, 2.5256E+00, 3.2568E+00, 8.4448E+00,-3.0884E-01, 6.2097E+00
"F1                                                                                                                    "
  32468.310, -39531.680, 2.6392E+00, 6.7212E+00,-3.4546E-01, 2.5256E+00, 3.1848E+00, 8.3826E+00,-3.0640E-01, 6.2097E+00
"F2                                                                                                                    "
  32470.560, -39529.430, 2.2229E+00, 6.3147E+00,-3.4546E-01, 2.5256E+00, 3.1360E+00, 8.3496E+00,-3.1250E-01, 6.2097E+00
"B                                                                                                                     "
  32472.240, -39527.750, 2.1826E+00, 6.2817E+00,-3.4912E-01, 2.5256E+00, 3.0774E+00, 8.2922E+00,-3.1128E-01, 6.2097E+00
"C                                                                                                                     "
  32474.100, -39525.890, 2.0142E+00, 6.1084E+00,-3.4668E-01, 2.5256E+00, 3.1482E+00, 8.3789E+00,-3.1128E-01, 6.2097E+00
"D                                                                                                                     "
  32503.560, -39496.430, 2.1338E+00, 6.2280E+00,-3.4546E-01, 2.5256E+00, 3.3020E+00, 8.5022E+00,-3.0884E-01, 6.2097E+00
"C                                                                                                                     "
  32509.710, -39490.280, 2.4963E+00, 6.5613E+00,-3.4424E-01, 2.5256E+00, 3.2129E+00, 8.4045E+00,-3.1006E-01, 6.2097E+00
"DG                                                                                                                    "
  32552.430, -39447.560, 2.5183E+00, 6.6089E+00,-3.4790E-01, 2.5269E+00, 3.2129E+00, 8.4229E+00,-3.1006E-01, 6.2097E+00
"G                                                                                                                     "
  33847.260, -38152.730, 2.0032E+00, 6.1060E+00,-3.4668E-01, 2.5256E+00, 3.2617E+00, 8.4570E+00,-3.0640E-01, 6.2097E+00
"DG                                                                                                                    "
  34427.490, -37572.500, 1.5210E+00, 5.6445E+00,-3.4668E-01, 2.5256E+00, 3.5242E+00, 8.7402E+00,-3.1372E-01, 6.2036E+00
"G                                                                                                                     "
  34708.680, -37291.310, 1.4563E+00, 5.5481E+00,-3.4302E-01, 2.5256E+00, 3.5107E+00, 8.7183E+00,-3.1494E-01, 6.2048E+00
"CG                                                                                                                    "
  34730.460, -37269.530, 1.5723E+00, 5.6775E+00,-3.4424E-01, 2.5256E+00, 3.3594E+00, 8.5645E+00,-3.1494E-01, 6.2048E+00
"F2                                                                                                                    "
  34732.440, -37267.550, 1.5869E+00, 5.6970E+00,-3.4668E-01, 2.5256E+00, 3.4680E+00, 8.6853E+00,-3.1494E-01, 6.2048E+00
"G                                                                                                                     "
  35556.300, -36443.690, 1.5637E+00, 5.6628E+00,-3.4790E-01, 2.5256E+00, 3.5632E+00, 8.7634E+00,-3.2227E-01, 6.2000E+00
"DG                                                                                                                    "
  35578.620, -36421.370, 1.5234E+00, 5.6311E+00,-3.4546E-01, 2.5244E+00, 3.2605E+00, 8.4839E+00,-3.1738E-01, 6.2012E+00
"F2                                                                                                                    "
  35580.570, -36419.420, 1.5161E+00, 5.6543E+00,-3.4546E-01, 2.5256E+00, 3.3728E+00, 8.5852E+00,-3.1738E-01, 6.2000E+00
"DG                                                                                                                    "
  35623.140, -36376.850, 1.6040E+00, 5.6982E+00,-3.4668E-01, 2.5256E+00, 3.1763E+00, 8.3643E+00,-3.1738E-01, 6.2024E+00
"F2                                                                                                                    "
  35625.150, -36374.840, 1.6479E+00, 5.7593E+00,-3.4790E-01, 2.5256E+00, 3.1970E+00, 8.4363E+00,-3.1738E-01, 6.2024E+00
"DG                                                                                                                    "
  35667.510, -36332.480, 1.5820E+00, 5.6958E+00,-3.4546E-01, 2.5256E+00, 3.2800E+00, 8.5083E+00,-3.1860E-01, 6.2036E+00
"F2                                                                                                                    "
  35669.280, -36330.710, 1.5808E+00, 5.6653E+00,-3.4302E-01, 2.5256E+00, 3.4399E+00, 8.6670E+00,-3.1372E-01, 6.2036E+00
"G                                                                                                                     "
  36000.090, -35999.900, 1.6821E+00, 5.7800E+00,-3.4302E-01, 2.5256E+00, 3.5303E+00, 8.7427E+00,-3.1494E-01, 6.2024E+00
