"z                                                                                                                     "
       .000, -71999.990, 2.9663E-01, 4.4214E+00,-3.5278E-01, 2.5366E+00,-2.1484E-01, 5.0098E+00,-3.6621E-01, 6.1462E+00
"np                                                                                                                    "
  21433.600, -50566.390, 8.6670E-01, 4.9731E+00,-2.2461E-01, 2.6465E+00,-2.1118E-01, 5.0122E+00, 1.0376E-01, 6.6052E+00
"a                                                                                                                     "
  21435.520, -50564.470, 8.5205E-01, 4.9646E+00,-2.2583E-01, 2.6477E+00,-2.1118E-01, 5.0122E+00, 2.1436E+00, 8.5291E+00
"b1                                                                                                                    "
  21448.320, -50551.670, 8.4839E-01, 4.9622E+00,-2.2949E-01, 2.6453E+00,-2.0996E-01, 5.0122E+00, 1.8811E+00, 8.3875E+00
"np                                                                                                                    "
  21563.520, -50436.470, 7.6294E-01, 4.8743E+00,-2.4292E-01, 2.6318E+00,-2.0996E-01, 5.0110E+00,-2.7344E-01, 6.2354E+00
"a                                                                                                                     "
  21564.800, -50435.190, 7.6538E-01, 4.8804E+00,-2.4048E-01, 2.6355E+00,-2.0874E-01, 5.0122E+00, 1.7725E+00, 8.2654E+00
"b1                                                                                                                    "
  21585.280, -50414.710, 7.9712E-01, 4.9048E+00,-2.4048E-01, 2.6318E+00,-2.0996E-01, 5.0110E+00, 2.2803E+00, 8.7598E+00
"b2                                                                                                                    "
  21587.840, -50412.150, 8.2642E-01, 4.9402E+00,-2.3926E-01, 2.6343E+00,-2.1240E-01, 5.0110E+00, 2.2534E+00, 8.7378E+00
"b1                                                                                                                    "
  21656.320, -50343.670, 1.5222E+00, 5.6262E+00,-2.4414E-01, 2.6306E+00,-2.1240E-01, 5.0122E+00, 1.2329E-01, 7.0959E+00
"np                                                                                                                    "
  21698.560, -50301.430, 7.8735E-01, 4.8999E+00,-2.4048E-01, 2.6343E+00,-2.1118E-01, 5.0122E+00,-2.9175E-01, 6.2183E+00
"a                                                                                                                     "
  21699.200, -50300.790, 7.8979E-01, 4.8987E+00,-2.4048E-01, 2.6343E+00,-2.0874E-01, 5.0122E+00, 2.0886E+00, 8.6194E+00
"b1                                                                                                                    "
  21704.320, -50295.670, 7.9224E-01, 4.8975E+00,-2.4658E-01, 2.6306E+00,-2.1118E-01, 5.0122E+00, 9.0332E-02, 6.9324E+00
"np                                                                                                                    "
  21734.400, -50265.590, 7.5073E-01, 4.8621E+00,-2.4658E-01, 2.6294E+00,-2.1118E-01, 5.0122E+00,-3.2715E-01, 6.1816E+00
"a                                                                                                                     "
  21735.040, -50264.950, 7.5073E-01, 4.8633E+00,-2.4170E-01, 2.6306E+00,-2.0996E-01, 5.0122E+00, 2.2864E+00, 8.7891E+00
"b1                                                                                                                    "
  21744.000, -50255.990, 8.0200E-01, 4.9133E+00,-2.4292E-01, 2.6294E+00,-2.0874E-01, 5.0122E+00,-2.7954E-01, 6.2317E+00
"np                                                                                                                    "
  21749.120, -50250.870, 7.3730E-01, 4.8535E+00,-2.4048E-01, 2.6331E+00,-2.0996E-01, 5.0122E+00, 1.9678E+00, 8.4705E+00
"a                                                                                                                     "
  21750.400, -50249.590, 7.5562E-01, 4.8657E+00,-2.4292E-01, 2.6318E+00,-2.0996E-01, 5.0122E+00, 1.8652E+00, 8.4070E+00
"b1                                                                                                                    "
  21769.600, -50230.390, 7.3730E-01, 4.8547E+00,-2.3315E-01, 2.6428E+00,-2.0996E-01, 5.0110E+00,-2.8809E-01, 6.2170E+00
"np                                                                                                                    "
  21848.040, -50151.950, 7.2876E-01, 4.8376E+00,-2.3315E-01, 2.6428E+00,-2.0996E-01, 5.0122E+00,-3.0396E-01, 6.2085E+00
"a                                                                                                                     "
  21848.680, -50151.310, 7.3486E-01, 4.8474E+00,-2.2949E-01, 2.6440E+00,-2.1118E-01, 5.0122E+00, 1.7383E+00, 8.2141E+00
"b1                                                                                                                    "
  21860.200, -50139.790, 7.6050E-01, 4.8755E+00,-2.2949E-01, 2.6440E+00,-2.0996E-01, 5.0122E+00, 1.7371E+00, 8.2263E+00
"b2                                                                                                                    "
  21864.040, -50135.950, 7.6172E-01, 4.8730E+00,-2.3315E-01, 2.6416E+00,-2.0996E-01, 5.0122E+00, 1.7322E+00, 8.2190E+00
"b1                                                                                                                    "
  21885.800, -50114.190, 7.7759E-01, 4.8889E+00,-2.3071E-01, 2.6453E+00,-2.0874E-01, 5.0122E+00, 1.7432E+00, 8.2349E+00
"b2                                                                                                                    "
  21890.280, -50109.710, 7.4707E-01, 4.8596E+00,-2.3315E-01, 2.6416E+00,-2.0874E-01, 5.0122E+00, 1.7871E+00, 8.2642E+00
"b1                                                                                                                    "
  21897.960, -50102.030, 7.5562E-01, 4.8621E+00,-2.3193E-01, 2.6440E+00,-2.1118E-01, 5.0122E+00, 1.7615E+00, 8.2507E+00
"c1                                                                                                                    "
  21899.880, -50100.110, 7.5562E-01, 4.8657E+00,-2.2949E-01, 2.6440E+00,-2.0996E-01, 5.0122E+00, 2.3376E+00, 8.8342E+00
"c2                                                                                                                    "
  21939.560, -50060.430, 7.2388E-01, 4.8376E+00,-2.2461E-01, 2.6489E+00,-2.0874E-01, 5.0122E+00, 2.1082E+00, 8.5913E+00
"c1                                                                                                                    "
  21940.840, -50059.150, 7.2876E-01, 4.8425E+00,-2.2949E-01, 2.6465E+00,-2.0874E-01, 5.0122E+00, 2.4316E+00, 8.9197E+00
"f2                                                                                                                    "
  21945.960, -50054.030, 1.5918E+00, 5.6934E+00,-2.2339E-01, 2.6538E+00,-2.0996E-01, 5.0122E+00, 2.1667E+00, 8.6389E+00
"b1s                                                                                                                   "
  21949.160, -50050.830, 7.2754E-01, 4.8450E+00,-2.2705E-01, 2.6501E+00,-2.0996E-01, 5.0122E+00, 2.0081E+00, 8.5083E+00
"c1                                                                                                                    "
  21951.080, -50048.910, 7.3975E-01, 4.8523E+00,-2.2339E-01, 2.6501E+00,-2.0874E-01, 5.0122E+00, 2.6074E+00, 9.0808E+00
"c2                                                                                                                    "
  21993.960, -50006.030, 7.4829E-01, 4.8560E+00,-2.2461E-01, 2.6501E+00,-2.0996E-01, 5.0122E+00, 2.6807E+00, 9.1589E+00
"c1                                                                                                                    "
  21994.600, -50005.390, 7.4585E-01, 4.8560E+00,-2.2705E-01, 2.6477E+00,-2.0752E-01, 5.0122E+00, 2.3096E+00, 8.7939E+00
"f2                                                                                                                    "
  21999.080, -50000.910, 7.1167E-01, 4.8267E+00,-2.2705E-01, 2.6477E+00,-2.0996E-01, 5.0122E+00, 2.3950E+00, 8.9038E+00
"c1                                                                                                                    "
  22001.000, -49998.990, 7.1167E-01, 4.8254E+00,-2.3193E-01, 2.6440E+00,-2.0874E-01, 5.0122E+00, 2.4072E+00, 8.9136E+00
"c2                                                                                                                    "
  22094.370, -49901.070, 7.8857E-01, 4.8962E+00,-2.1362E-01, 2.6587E+00,-2.0874E-01, 5.0122E+00, 2.7966E+00, 9.2957E+00
"f1                                                                                                                    "
  22098.540, -49899.790, 7.8369E-01, 4.8938E+00,-2.0996E-01, 2.6624E+00,-2.0996E-01, 5.0122E+00, 2.8406E+00, 9.3164E+00
"f2                                                                                                                    "
  22099.980, -49899.790, 7.8369E-01, 4.8938E+00,-2.0996E-01, 2.6624E+00,-2.0996E-01, 5.0122E+00, 2.8406E+00, 9.3164E+00
"f3                                                                                                                    "
  22105.960, -49894.030, 7.5928E-01, 4.8706E+00,-2.1851E-01, 2.6563E+00,-2.0874E-01, 5.0122E+00, 2.5208E+00, 9.0076E+00
"f4                                                                                                                  "
  22109.160, -49890.830, 7.6904E-01, 4.8865E+00,-2.1729E-01, 2.6550E+00,-2.0752E-01, 5.0122E+00, 2.5708E+00, 9.0515E+00
"b                                                                                                                   "
  22116.200, -49883.790, 7.9346E-01, 4.9072E+00,-2.0996E-01, 2.6636E+00,-2.0874E-01, 5.0122E+00, 2.5195E+00, 8.9905E+00
"c1                                                                                                                    "
  22119.400, -49880.590, 7.7759E-01, 4.8877E+00,-2.0874E-01, 2.6660E+00,-2.0874E-01, 5.0134E+00, 2.5623E+00, 9.0417E+00
"b                                                                                                                   "
  22121.320, -49878.670, 7.9224E-01, 4.8987E+00,-2.0996E-01, 2.6636E+00,-2.0874E-01, 5.0134E+00, 2.6379E+00, 9.1003E+00
"c1                                                                                                                    "
  22123.880, -49876.110, 7.9102E-01, 4.9011E+00,-2.0630E-01, 2.6660E+00,-2.0874E-01, 5.0122E+00, 2.6929E+00, 9.1748E+00
"c2                                                                                                                    "
  22141.160, -49858.830, 7.6538E-01, 4.8779E+00,-2.5024E-01, 2.6233E+00,-2.0874E-01, 5.0134E+00, 2.7063E+00, 9.1785E+00
"c1                                                                                                                    "
  22141.800, -49858.190, 7.7393E-01, 4.8901E+00,-2.5879E-01, 2.6196E+00,-2.0996E-01, 5.0122E+00, 2.6746E+00, 9.1809E+00
"f2                                                                                                                  "
  22143.720, -49856.270, 8.0688E-01, 4.9182E+00,-2.4658E-01, 2.6294E+00,-2.0996E-01, 5.0122E+00, 2.5830E+00, 9.0710E+00
"b                                                                                                                   "
  22154.600, -49845.390, 8.0200E-01, 4.9109E+00,-2.3193E-01, 2.6392E+00,-2.0752E-01, 5.0122E+00, 2.7563E+00, 9.2383E+00
"fb                                                                                                                   "
  22166.010, -49845.390, 8.0200E-01, 4.9109E+00,-2.3193E-01, 2.6392E+00,-2.0752E-01, 5.0122E+00, 2.7563E+00, 9.2383E+00
"c1                                                                                                                    "
  22166.580, -49829.390, 7.7148E-01, 4.8865E+00,-2.4902E-01, 2.6233E+00,-2.0996E-01, 5.0134E+00, 2.6416E+00, 9.1199E+00
"fb                                                                                                                   "
  22170.630, -49845.390, 8.0200E-01, 4.9109E+00,-2.3193E-01, 2.6392E+00,-2.0752E-01, 5.0122E+00, 2.7563E+00, 9.2383E+00
"c2                                                                                                                    "
  22340.200, -49659.790, 7.3364E-01, 4.8425E+00,-2.0508E-01, 2.6672E+00,-2.0752E-01, 5.0122E+00, 3.2520E+00, 9.7107E+00
"c1                                                                                                                    "
  22341.480, -49658.510, 7.3486E-01, 4.8462E+00,-2.0264E-01, 2.6685E+00,-2.0996E-01, 5.0122E+00, 3.1042E+00, 9.5532E+00
"f2                                                                                                                  "
  22345.110, -49656.590, 7.4097E-01, 4.8547E+00,-2.0874E-01, 2.6648E+00,-2.0996E-01, 5.0122E+00, 3.0469E+00, 9.5044E+00
"b1s                                                                                                                   "
  22348.520, -49651.470, 7.5684E-01, 4.8645E+00,-2.0752E-01, 2.6672E+00,-2.1118E-01, 5.0122E+00, 3.2874E+00, 9.6741E+00
"c1                                                                                                                    "
  22351.720, -49648.270, 7.0313E-01, 4.8145E+00,-2.0630E-01, 2.6672E+00,-2.1118E-01, 5.0122E+00, 3.1531E+00, 9.6106E+00
"c2                                                                                                                    "
  22819.560, -49180.430, 7.0923E-01, 4.8206E+00,-2.0142E-01, 2.6721E+00,-2.1118E-01, 5.0122E+00, 3.4314E+00, 9.8608E+00
"f2                                                                                                                  "
  22824.630, -49173.390, 7.0557E-01, 4.8218E+00,-2.0020E-01, 2.6746E+00,-2.1118E-01, 5.0122E+00, 3.3740E+00, 9.8071E+00
"b1s                                                                                                                   "
  22827.240, -49172.750, 7.1167E-01, 4.8242E+00,-2.0020E-01, 2.6758E+00,-2.0996E-01, 5.0122E+00, 3.4326E+00, 9.8828E+00
"c1                                                                                                                    "
  22827.880, -49172.110, 7.1167E-01, 4.8267E+00,-1.9653E-01, 2.6758E+00,-2.0874E-01, 5.0134E+00, 3.8220E+00, 9.9988E+00
"c2                                                                                                                    "
  23202.920, -48797.070, 1.4233E+00, 5.5237E+00,-1.8555E-01, 2.6892E+00,-2.0996E-01, 5.0134E+00, 3.5999E+00, 9.9988E+00
"c1                                                                                                                    "
  23203.560, -48796.430, 1.4233E+00, 5.5261E+00,-1.8311E-01, 2.6880E+00,-2.0874E-01, 5.0134E+00, 3.4424E+00, 9.8718E+00
"f2                                                                                                                  "
  23207.400, -48792.590, 1.4319E+00, 5.5347E+00,-1.8677E-01, 2.6843E+00,-2.0508E-01, 5.0122E+00, 3.3606E+00, 9.7864E+00
"b1s                                                                                                                   "
  23213.800, -48786.190, 7.1655E-01, 4.8303E+00,-1.8555E-01, 2.6892E+00,-2.0752E-01, 5.0134E+00, 3.2056E+00, 9.6545E+00
"c1                                                                                                                    "
  23217.640, -48782.350, 7.5684E-01, 4.8645E+00,-1.9043E-01, 2.6843E+00,-2.0874E-01, 5.0134E+00, 3.5657E+00, 9.9707E+00
"c2                                                                                                                    "
  23673.320, -48326.670, 2.2644E+00, 6.3647E+00,-1.9775E-01, 2.6782E+00,-2.0996E-01, 5.0122E+00, 3.5754E+00, 9.9854E+00
"c1                                                                                                                    "
  23673.960, -48326.030, 2.2729E+00, 6.3757E+00,-1.9287E-01, 2.6794E+00,-2.1118E-01, 5.0122E+00, 3.2910E+00, 9.7363E+00
"f2                                                                                                                  "
  23680.360, -48319.630, 2.2815E+00, 6.3684E+00,-1.9531E-01, 2.6782E+00,-2.1118E-01, 5.0122E+00, 3.3167E+00, 9.7217E+00
"b1s                                                                                                                   "
  23681.000, -48318.990, 2.3230E+00, 6.4148E+00,-1.9043E-01, 2.6819E+00,-2.1118E-01, 5.0122E+00, 3.3289E+00, 9.7754E+00
"f1                                                                                                                    "
  23682.280, -48317.710, 2.3462E+00, 6.4368E+00,-1.9653E-01, 2.6782E+00,-2.1118E-01, 5.0122E+00, 3.6279E+00, 9.9988E+00
"c2                                                                                                                    "
  24384.360, -47615.630, 6.4087E-01, 4.7498E+00,-3.4058E-01, 2.5366E+00,-2.0874E-01, 5.0122E+00, 3.7207E+00, 9.9988E+00
"c1                                                                                                                    "
  24385.000, -47614.990, 6.3843E-01, 4.7510E+00,-3.4180E-01, 2.5366E+00,-2.1240E-01, 5.0122E+00, 3.4229E+00, 9.8438E+00
"f2                                                                                                                    "
  24388.840, -47611.150, 6.2988E-01, 4.7412E+00,-3.3936E-01, 2.5366E+00,-2.1118E-01, 5.0122E+00, 3.4143E+00, 9.8340E+00
"fb                                                                                                                    "
  24390.120, -47609.870, 6.3232E-01, 4.7449E+00,-3.4058E-01, 2.5366E+00,-2.1118E-01, 5.0122E+00, 3.3325E+00, 9.7461E+00
"c1                                                                                                                    "
  24391.400, -47608.590, 6.1890E-01, 4.7351E+00,-3.4180E-01, 2.5366E+00,-2.1240E-01, 5.0122E+00, 3.7317E+00, 9.9988E+00
"c2                                                                                                                    "
  25573.480, -46426.510, 7.6294E-01, 4.8779E+00,-2.7100E-01, 2.6038E+00,-2.0874E-01, 5.0134E+00, 3.5449E+00, 9.9561E+00
"c1                                                                                                                    "
  25574.120, -46425.870, 7.7881E-01, 4.8865E+00,-2.7222E-01, 2.6038E+00,-2.1118E-01, 5.0122E+00, 3.2239E+00, 9.6655E+00
"f2                                                                                                                    "
  25577.700, -46420.750, 7.8735E-01, 4.8975E+00,-2.6733E-01, 2.6086E+00,-2.0874E-01, 5.0134E+00, 3.2544E+00, 9.6973E+00
"fb                                                                                                                    "
  25579.800, -46420.750, 7.8735E-01, 4.8975E+00,-2.6733E-01, 2.6086E+00,-2.0874E-01, 5.0134E+00, 3.2544E+00, 9.6973E+00
"c1                                                                                                                    "
  25581.160, -46418.830, 7.5439E-01, 4.8730E+00,-2.6733E-01, 2.6086E+00,-2.1118E-01, 5.0134E+00, 3.3350E+00, 9.7705E+00
"c2                                                                                                                    "
  26423.400, -45576.590, 8.7280E-01, 4.9817E+00,-2.9419E-01, 2.5818E+00,-2.1240E-01, 5.0122E+00, 3.1787E+00, 9.6326E+00
"f2                                                                                                                    "
  26426.760, -45574.030, 7.9102E-01, 4.8999E+00,-2.9297E-01, 2.5854E+00,-2.0996E-01, 5.0122E+00, 3.1653E+00, 9.6143E+00
"b1s                                                                                                                   "
  26429.800, -45570.190, 7.9956E-01, 4.9133E+00,-2.9541E-01, 2.5806E+00,-2.0874E-01, 5.0122E+00, 3.2654E+00, 9.6838E+00
"c1                                                                                                                    "
  26431.080, -45568.910, 1.6138E+00, 5.7141E+00,-2.9785E-01, 2.5769E+00,-2.1118E-01, 5.0122E+00, 3.8562E+00, 9.9988E+00
"c2                                                                                                                    "
  27275.880, -44724.110, 1.8542E+00, 5.9509E+00,-3.2837E-01, 2.5525E+00,-2.0996E-01, 5.0122E+00, 3.3826E+00, 9.8254E+00
"c1                                                                                                                    "
  27276.520, -44723.470, 1.8665E+00, 5.9583E+00,-3.2715E-01, 2.5513E+00,-2.0874E-01, 5.0122E+00, 3.2397E+00, 9.6948E+00
"f2                                                                                                                "
  27281.610, -44717.070, 6.5063E-01, 4.7656E+00,-3.2715E-01, 2.5500E+00,-2.0996E-01, 5.0122E+00, 3.3594E+00, 9.7485E+00
"fb                                                                                                                "
  27282.900, -44717.070, 6.5063E-01, 4.7656E+00,-3.2715E-01, 2.5500E+00,-2.0996E-01, 5.0122E+00, 3.3594E+00, 9.7485E+00
"c1                                                                                                                    "
  27284.200, -44715.790, 6.6650E-01, 4.7852E+00,-3.2959E-01, 2.5513E+00,-2.1240E-01, 5.0122E+00, 3.4033E+00, 9.9158E+00
"c2                                                                                                                    "
  28025.960, -43974.030, 7.7393E-01, 4.8840E+00,-3.3569E-01, 2.5415E+00,-2.1118E-01, 5.0122E+00, 3.3484E+00, 9.8145E+00
"c1                                                                                                                    "
  28026.600, -43973.390, 7.7759E-01, 4.8840E+00,-3.3447E-01, 2.5403E+00,-2.0996E-01, 5.0122E+00, 3.3911E+00, 9.8389E+00
"b1s                                                                                                                   "
  28028.520, -43971.470, 7.6294E-01, 4.8767E+00,-3.3813E-01, 2.5403E+00,-2.0874E-01, 5.0122E+00, 2.8381E+00, 9.3176E+00
"f2                                                                                                                  "
  28033.640, -43966.350, 7.8125E-01, 4.8962E+00,-3.3447E-01, 2.5403E+00,-2.0996E-01, 5.0122E+00, 3.1274E+00, 9.5776E+00
"b1s                                                                                                                   "
  28034.920, -43965.070, 7.8857E-01, 4.8987E+00,-3.3569E-01, 2.5403E+00,-2.1118E-01, 5.0122E+00, 3.8037E+00, 9.9988E+00
"c1                                                                                                                    "
  28037.480, -43962.510, 8.5449E-01, 4.9622E+00,-3.3691E-01, 2.5403E+00,-2.0874E-01, 5.0122E+00, 3.7903E+00, 9.9988E+00
"c2                                                                                                                    "
  28836.840, -43163.150, 8.4961E-01, 4.9683E+00,-3.4058E-01, 2.5403E+00,-2.0996E-01, 5.0122E+00, 3.5205E+00, 9.9341E+00
"c1                                                                                                                    "
  28837.480, -43162.510, 8.4839E-01, 4.9597E+00,-3.4058E-01, 2.5403E+00,-2.0996E-01, 5.0122E+00, 3.0884E+00, 9.5557E+00
"f2                                                                                                                    "
  28842.600, -43157.390, 8.3130E-01, 4.9390E+00,-3.4058E-01, 2.5403E+00,-2.0996E-01, 5.0122E+00, 3.2959E+00, 9.7290E+00
"b1s                                                                                                                   "
  28859.940, -43142.670, 7.8369E-01, 4.8901E+00,-3.3936E-01, 2.5391E+00,-2.0752E-01, 5.0122E+00, 3.1921E+00, 9.6326E+00
"c1                                                                                                                    "
  28860.960, -43138.190, 7.9834E-01, 4.9121E+00,-3.3691E-01, 2.5403E+00,-2.1240E-01, 5.0122E+00, 3.4290E+00, 9.8169E+00
"c2                                                                                                                    "
  29469.800, -42530.190, 4.1626E-01, 4.5300E+00,-3.3203E-01, 2.5452E+00,-2.0630E-01, 5.0134E+00, 3.3142E+00, 9.7583E+00
"f2                                                                                                                    "
  29473.860, -42525.710, 4.1016E-01, 4.5276E+00,-3.3569E-01, 2.5427E+00,-2.0874E-01, 5.0134E+00, 3.1165E+00, 9.5593E+00
"b1s                                                                                                                   "
  29476.140, -42524.430, 4.2114E-01, 4.5300E+00,-3.3325E-01, 2.5439E+00,-2.0752E-01, 5.0134E+00, 3.1775E+00, 9.6265E+00
"c1                                                                                                                    "
  29478.120, -42521.870, 4.2236E-01, 4.5374E+00,-3.3325E-01, 2.5427E+00,-2.0630E-01, 5.0134E+00, 3.5498E+00, 9.9463E+00
"c2                                                                                                                    "
  30270.440, -41729.550, 6.6895E-01, 4.7852E+00,-3.3569E-01, 2.5427E+00,-2.0630E-01, 5.0134E+00, 2.9736E+00, 9.4397E+00
"f2                                                                                                                    "
  30274.280, -41725.710, 6.8726E-01, 4.7986E+00,-3.3447E-01, 2.5439E+00,-2.0996E-01, 5.0134E+00, 3.1091E+00, 9.5605E+00
"b1s                                                                                                                   "
  30279.180, -41721.230, 6.8970E-01, 4.7986E+00,-3.3203E-01, 2.5427E+00,-2.0874E-01, 5.0134E+00, 3.1616E+00, 9.5801E+00
"c1                                                                                                                    "
  30281.320, -41718.670, 6.8970E-01, 4.7998E+00,-3.3325E-01, 2.5439E+00,-2.0874E-01, 5.0134E+00, 3.2898E+00, 9.6777E+00
"c2                                                                                                                    "
  31092.200, -40907.790, 8.0200E-01, 4.9060E+00,-2.6489E-01, 2.6111E+00,-2.0264E-01, 5.0134E+00, 3.4106E+00, 9.8328E+00
"c1                                                                                                                    "
  31092.840, -40907.150, 7.9956E-01, 4.9072E+00,-2.6733E-01, 2.6086E+00,-2.0752E-01, 5.0134E+00, 3.4534E+00, 9.8645E+00
"f2                                                                                                                    "
  31097.960, -40902.030, 8.5083E-01, 4.9646E+00,-2.6245E-01, 2.6147E+00,-2.0874E-01, 5.0134E+00, 3.1421E+00, 9.5752E+00
"fb                                                                                                                    "
  31098.180, -40902.030, 8.5083E-01, 4.9646E+00,-2.6245E-01, 2.6147E+00,-2.0874E-01, 5.0134E+00, 3.1421E+00, 9.5752E+00
"c1                                                                                                                    "
  31101.160, -40898.830, 7.9834E-01, 4.9036E+00,-2.6367E-01, 2.6123E+00,-2.1240E-01, 5.0134E+00, 3.1812E+00, 9.6155E+00
"c2                                                                                                                    "
  32217.320, -39782.670, 7.5562E-01, 4.8718E+00,-3.3081E-01, 2.5476E+00,-2.1362E-01, 5.0122E+00, 3.1152E+00, 9.6033E+00
"c1                                                                                                                    "
  32217.960, -39782.030, 7.5562E-01, 4.8718E+00,-3.3203E-01, 2.5464E+00,-2.0630E-01, 5.0122E+00, 2.9089E+00, 9.3823E+00
"f2                                                                                                                    "
  32222.440, -39777.550, 7.7393E-01, 4.8889E+00,-3.3203E-01, 2.5476E+00,-2.0874E-01, 5.0122E+00, 3.0566E+00, 9.5251E+00
"f2                                                                                                                    "
  31097.960, -40902.030, 8.5083E-01, 4.9646E+00,-2.6245E-01, 2.6147E+00,-2.0874E-01, 5.0134E+00, 3.1421E+00, 9.5752E+00
"fb                                                                                                                    "
  32228.550, -40902.030, 8.5083E-01, 4.9646E+00,-2.6245E-01, 2.6147E+00,-2.0874E-01, 5.0134E+00, 3.1421E+00, 9.5752E+00
"c1                                                                                                                    "
  32229.630, -39770.510, 7.5073E-01, 4.8608E+00,-3.3203E-01, 2.5464E+00,-2.1118E-01, 5.0122E+00, 2.9980E+00, 9.4580E+00
"c2                                                                                                                    "
  33560.040, -38439.950, 2.5354E+00, 6.6260E+00,-3.2349E-01, 2.5549E+00,-2.0874E-01, 5.0146E+00, 3.1116E+00, 9.5996E+00
"f2                                                                                                                 "
  33565.160, -38434.830, 2.5183E+00, 6.6077E+00,-3.2227E-01, 2.5549E+00,-2.0996E-01, 5.0146E+00, 2.9297E+00, 9.4312E+00
"b1s                                                                                                                   "
  33571.710, -38432.270, 2.5037E+00, 6.5930E+00,-3.2593E-01, 2.5537E+00,-2.0630E-01, 5.0146E+00, 3.3789E+00, 9.7693E+00
"c1                                                                                                                    "
  33572.840, -38427.150, 2.4512E+00, 6.5393E+00,-3.2471E-01, 2.5549E+00,-2.0996E-01, 5.0146E+00, 3.4363E+00, 9.8511E+00
"c2                                                                                                                    "
  34840.680, -37159.310, 8.5938E-01, 4.9683E+00,-3.2715E-01, 2.5513E+00,-2.0996E-01, 5.0122E+00, 3.2092E+00, 9.6521E+00
"f2                                                                                                                    "
  34846.740, -37153.550, 1.4722E+00, 5.5725E+00,-3.2715E-01, 2.5513E+00,-2.0874E-01, 5.0134E+00, 2.9797E+00, 9.4653E+00
"b1s                                                                                                                   "
  34852.140, -37149.070, 8.4839E-01, 4.9585E+00,-3.2471E-01, 2.5525E+00,-2.0630E-01, 5.0134E+00, 3.0017E+00, 9.5203E+00
"c1                                                                                                                    "
  34856.040, -37143.950, 8.5693E-01, 4.9609E+00,-3.2593E-01, 2.5513E+00,-2.0508E-01, 5.0134E+00, 3.4680E+00, 9.8950E+00
"c2                                                                                                                    "
  35442.280, -36557.710, 8.5205E-01, 4.9646E+00,-3.3203E-01, 2.5488E+00,-2.0752E-01, 5.0134E+00, 3.2935E+00, 9.6704E+00
"c1                                                                                                                    "
  35440.650, -36557.070, 8.5815E-01, 4.9731E+00,-3.3081E-01, 2.5488E+00,-2.0752E-01, 5.0134E+00, 2.8101E+00, 9.3018E+00
"f2                                                                                                                    "
  35447.610, -36551.950, 8.3618E-01, 4.9500E+00,-3.2959E-01, 2.5488E+00,-2.0996E-01, 5.0122E+00, 2.9614E+00, 9.4226E+00
"b1s                                                                                                                   "
  35451.450, -36548.750, 8.4961E-01, 4.9597E+00,-3.3691E-01, 2.5476E+00,-2.0752E-01, 5.0134E+00, 2.9517E+00, 9.4348E+00
"c1                                                                                                                    "
  35460.390, -36539.150, 8.5938E-01, 4.9695E+00,-3.3081E-01, 2.5488E+00,-2.0996E-01, 5.0122E+00, 3.5400E+00, 9.9475E+00
"c2                                                                                                                    "
  35886.150, -36114.190, 8.0811E-01, 4.9219E+00,-3.2471E-01, 2.5537E+00,-2.0752E-01, 5.0146E+00, 3.5486E+00, 9.9609E+00
"f2                                                                                                                    "
  35897.550, -36164.190, 8.0861E-01, 4.9219E+00,-3.2461E-01, 2.5537E+00,-2.0752E-01, 5.0146E+00, 3.5486E+00, 9.9609E+00
"b                                                                                                                     "
  35897.550, -36164.190, 8.0861E-01, 4.9219E+00,-3.2461E-01, 2.5537E+00,-2.0752E-01, 5.0146E+00, 3.5486E+00, 9.9609E+00
"c1                                                                                                                    "
  35899.650, -36164.190, 8.0861E-01, 4.9219E+00,-3.2461E-01, 2.5537E+00,-2.0752E-01, 5.0146E+00, 3.5486E+00, 9.9609E+00
"fb                                                                                                                    "
  35900.700, -36164.190, 8.0861E-01, 4.9219E+00,-3.2461E-01, 2.5537E+00,-2.0752E-01, 5.0146E+00, 3.5486E+00, 9.9609E+00
"c1                                                                                                                    "
  35904.390, -36164.190, 8.0861E-01, 4.9219E+00,-3.2461E-01, 2.5537E+00,-2.0752E-01, 5.0146E+00, 3.5486E+00, 9.9609E+00
"c2                                                                                                                    "
  36861.390, -36144.190, 8.08t1E-01, 4.9219E+00,-3.24t1E-01, 2.5537E+00,-2.0752E-01, 5.0146E+00, 3.5486E+00, 9.9609E+00




