"np                                                                                                                    "
  10698.500, -61301.490,-6.4697E-01, 3.4949E+00,-3.8452E-01, 2.5098E+00,-1.7944E-01, 5.0537E+00,-7.6904E-02, 6.4514E+00
"a                                                                                                                     "
  10699.780, -61300.210,-6.4697E-01, 3.4949E+00,-3.6621E-01, 2.5232E+00,-5.0659E-01, 4.7205E+00,-3.0518E-02, 6.4856E+00
"b1                                                                                                                    "
  10722.180, -61277.810,-6.4575E-01, 3.4949E+00,-3.5522E-01, 2.5378E+00,-3.2349E-01, 4.8999E+00,-1.5381E-01, 6.3989E+00
"np                                                                                                                    "
  21573.700, -50426.290,-6.5308E-01, 3.4912E+00,-4.4678E-01, 2.4365E+00,-5.3955E-01, 4.6863E+00,-2.2461E-01, 6.2195E+00
"b1                                                                                                                    "
  21596.740, -50403.250,-6.5063E-01, 3.4912E+00,-4.3335E-01, 2.4500E+00,-6.0181E-01, 4.6313E+00,-1.4893E-01, 6.3635E+00
"np                                                                                                                    "
  30621.500, -41378.490,-6.5918E-01, 3.4851E+00,-4.5288E-01, 2.4280E+00,-5.6396E-01, 4.6667E+00,-3.3936E-01, 6.1780E+00
"a                                                                                                                     "
  30623.420, -41376.570,-6.5674E-01, 3.4839E+00,-4.7852E-01, 2.4170E+00,-1.6602E+00, 3.5852E+00,-3.3569E-01, 6.1792E+00
"b1                                                                                                                    "
  30657.340, -41342.650,-6.5796E-01, 3.4839E+00,-4.6143E-01, 2.4182E+00,-1.3806E+00, 3.8586E+00,-3.3447E-01, 6.1780E+00
"b2                                                                                                                    "
  30661.180, -41338.810,-6.5552E-01, 3.4839E+00,-4.3701E-01, 2.4438E+00,-1.3440E+00, 3.8916E+00,-3.3569E-01, 6.1780E+00
"b1                                                                                                                    "
  30684.220, -41315.770,-6.6162E-01, 3.4839E+00,-4.6631E-01, 2.4170E+00,-1.3843E+00, 3.8550E+00,-3.3569E-01, 6.1780E+00
"b2                                                                                                                    "
  30689.980, -41310.010,-6.6040E-01, 3.4827E+00,-4.3091E-01, 2.4292E+00,-1.3867E+00, 3.8501E+00,-3.3691E-01, 6.1780E+00
"b1                                                                                                                    "
  30716.220, -41283.770,-6.5918E-01, 3.4839E+00,-4.3335E-01, 2.4487E+00,-9.5825E-01, 4.1345E+00,-3.3691E-01, 6.1780E+00
"np                                                                                                                    "
  30728.380, -41271.610,-6.5918E-01, 3.4839E+00,-4.5776E-01, 2.4207E+00,-8.3862E-01, 4.5105E+00,-3.3691E-01, 6.1780E+00
"a                                                                                                                     "
  30730.300, -41269.690,-6.5674E-01, 3.4839E+00,-5.1514E-01, 2.3816E+00,-1.6858E+00, 3.5559E+00,-3.3813E-01, 6.1780E+00
"b1                                                                                                                    "
  30773.820, -41226.170,-6.5918E-01, 3.4827E+00,-4.5166E-01, 2.4316E+00,-1.2878E+00, 3.9514E+00,-3.3936E-01, 6.1768E+00
"b2                                                                                                                    "
  30777.020, -41222.970,-6.6284E-01, 3.4827E+00,-4.5776E-01, 2.4231E+00,-1.2598E+00, 3.9832E+00,-3.3691E-01, 6.1768E+00
"b1                                                                                                                    "
  30779.580, -41220.410,-6.5674E-01, 3.4827E+00,-4.3701E-01, 2.4402E+00,-5.5542E-01, 4.6692E+00,-3.3447E-01, 6.1768E+00
"np                                                                                                                    "
  30843.580, -41156.410,-6.5430E-01, 3.4827E+00,-4.2236E-01, 2.4377E+00,-5.3833E-01, 4.6899E+00,-3.3936E-01, 6.1755E+00
"a                                                                                                                     "
  30845.500, -41154.490,-6.5796E-01, 3.4827E+00,-4.8096E-01, 2.4280E+00,-1.9324E+00, 3.3105E+00,-3.3813E-01, 6.1755E+00
"b1                                                                                                                    "
  30862.260, -41043.130,-6.5918E-01, 3.4827E+00,-4.1382E-01, 2.4683E+00,-1.3147E+00, 3.9172E+00,-3.3936E-01, 6.1755E+00
"g                                                                                                                    "
  30924.570, -41043.130,-6.5918E-01, 3.4827E+00,-4.1382E-01, 2.4683E+00,-1.3147E+00, 3.9172E+00,-3.3936E-01, 6.1755E+00
"np                                                                                                                    "
  30938.220, -41043.130,-6.5918E-01, 3.4827E+00,-4.1382E-01, 2.4683E+00,-1.3147E+00, 3.9172E+00,-3.3936E-01, 6.1755E+00
"b1                                                                                                                    "
  30957.600, -41043.130,-6.5918E-01, 3.4827E+00,-4.1382E-01, 2.4683E+00,-1.3147E+00, 3.9172E+00,-3.3936E-01, 6.1755E+00
"c1                                                                                                                   "
  30960.060, -41039.930,-6.5796E-01, 3.4827E+00,-3.6499E-01, 2.5183E+00,-1.2061E+00, 4.0198E+00,-3.3813E-01, 6.1768E+00
"c2                                                                                                                    "
  30987.580, -41012.410,-6.6162E-01, 3.4827E+00,-3.7964E-01, 2.5049E+00,-1.2012E+00, 4.0381E+00,-3.3813E-01, 6.1755E+00
"f2                                                                                                                    "
  30993.340, -41006.650,-6.6284E-01, 3.4827E+00,-4.0405E-01, 2.4780E+00,-1.2695E+00, 3.9844E+00,-3.3813E-01, 6.1755E+00
"b1s                                                                                                                   "
  30995.820, -41004.730,-6.5918E-01, 3.4814E+00,-4.1748E-01, 2.4609E+00,-1.2207E+00, 4.0088E+00,-3.4058E-01, 6.1755E+00
"c1                                                                                                                    "
  31002.000, -41000.890,-6.6162E-01, 3.4827E+00,-4.3945E-01, 2.4573E+00,-1.0962E+00, 4.1443E+00,-3.4180E-01, 6.1755E+00
"c2                                                                                                                    "
  31066.300, -40933.690,-6.5796E-01, 3.4827E+00,-4.1626E-01, 2.4768E+00,-1.0474E+00, 4.2383E+00,-3.3813E-01, 6.1755E+00
"f2                                                                                                                    "
  31068.860, -40931.130,-6.5918E-01, 3.4827E+00,-4.2847E-01, 2.4695E+00,-1.1755E+00, 4.1418E+00,-3.4058E-01, 6.1768E+00
"b1s                                                                                                                   "
  31070.780, -40929.210,-6.6040E-01, 3.4827E+00,-4.1138E-01, 2.4719E+00,-1.0022E+00, 4.2346E+00,-3.3936E-01, 6.1755E+00
"c1                                                                                                                    "
  31072.700, -40927.290,-6.6040E-01, 3.4827E+00,-3.8696E-01, 2.5012E+00,-1.1023E+00, 4.1211E+00,-3.3813E-01, 6.1768E+00
"c2                                                                                                                    "
  31162.230, -40841.530,-6.5918E-01, 3.4827E+00,-4.1748E-01, 2.4622E+00,-9.2407E-01, 4.3066E+00,-3.3936E-01, 6.1768E+00
"f2                                                                                                                    "
  31162.300, -40837.690,-6.6040E-01, 3.4839E+00,-4.1992E-01, 2.4585E+00,-1.1536E+00, 4.1150E+00,-3.3691E-01, 6.1768E+00
"b1s                                                                                                                   "
  31166.140, -40833.850,-6.5796E-01, 3.4827E+00,-4.3823E-01, 2.4341E+00,-2.7588E-01, 4.9500E+00,-3.3813E-01, 6.1768E+00
"c1                                                                                                                    "
  31171.530, -40831.290,-6.5918E-01, 3.4839E+00,-4.2480E-01, 2.4634E+00,-4.9561E-01, 4.7168E+00,-3.3936E-01, 6.1768E+00
"c2                                                                                                                    "
  31260.120, -40680.890,-6.5308E-01, 3.4851E+00,-4.2358E-01, 2.4561E+00,-8.4351E-01, 4.4043E+00,-3.3691E-01, 6.1780E+00
"D                                                                                                                     "
  31261.560, -40738.430,-6.6162E-01, 3.4839E+00,-4.1504E-01, 2.4646E+00,-9.4727E-01, 4.2834E+00,-3.3447E-01, 6.1780E+00
"C                                                                                                                     "
  31261.560, -40738.430,-6.6162E-01, 3.4839E+00,-4.1504E-01, 2.4646E+00,-9.4727E-01, 4.2834E+00,-3.3447E-01, 6.1780E+00
"D                                                                                                                     "
  31290.330, -40709.660,-6.5308E-01, 3.4839E+00,-3.8452E-01, 2.5061E+00,-7.9712E-01, 4.3616E+00,-3.3447E-01, 6.1780E+00
"C                                                                                                                     "
  31293.480, -40706.510,-6.5796E-01, 3.4851E+00,-3.8940E-01, 2.4939E+00,-8.2520E-01, 4.3164E+00,-3.3813E-01, 6.1780E+00
"D                                                                                                                     "
  31319.280, -40680.710,-6.5674E-01, 3.4851E+00,-4.5654E-01, 2.4207E+00,-9.8145E-01, 4.2529E+00,-3.3813E-01, 6.1780E+00
"F2                                                                                                                    "
  31324.050, -40675.940,-6.6040E-01, 3.4839E+00,-4.0039E-01, 2.4866E+00,-1.0852E+00, 4.1455E+00,-3.3813E-01, 6.1780E+00
"B                                                                                                                     "
  31326.840, -40673.150,-6.5552E-01, 3.4851E+00,-3.9673E-01, 2.4817E+00,-9.7656E-01, 4.2517E+00,-3.3569E-01, 6.1780E+00
"C                                                                                                                     "
  31332.270, -40667.720,-6.6162E-01, 3.4851E+00,-4.2847E-01, 2.4548E+00,-8.4839E-01, 4.4800E+00,-3.3569E-01, 6.1780E+00
"D                                                                                                                     "
  31338.990, -40661.000,-6.6284E-01, 3.4851E+00,-4.0283E-01, 2.4792E+00,-1.0181E+00, 4.2041E+00,-3.3691E-01, 6.1780E+00
"B                                                                                                                     "
  31340.370, -40659.620,-6.5918E-01, 3.4851E+00,-4.1504E-01, 2.4731E+00,-6.3965E-01, 4.4910E+00,-3.3691E-01, 6.1780E+00
"D                                                                                                                     "
  31478.490, -40521.500,-6.5918E-01, 3.4839E+00,-5.1636E-01, 2.3804E+00,-9.2407E-01, 4.4092E+00,-3.3325E-01, 6.1780E+00
"F2                                                                                                                    "
  31481.670, -40518.320,-6.5918E-01, 3.4839E+00,-5.0415E-01, 2.3779E+00,-1.1536E+00, 4.1052E+00,-3.3447E-01, 6.1792E+00
"B                                                                                                                     "
  31484.040, -40515.950,-6.5796E-01, 3.4839E+00,-5.1514E-01, 2.3840E+00,-8.4961E-01, 4.3835E+00,-3.3447E-01, 6.1792E+00
"C                                                                                                                     "
  31485.750, -40514.240,-6.5918E-01, 3.4839E+00,-4.9316E-01, 2.3889E+00,-7.4951E-01, 4.3713E+00,-3.3569E-01, 6.1792E+00
"D                                                                                                                     "
  31522.230, -40477.760,-6.6162E-01, 3.4839E+00,-4.4800E-01, 2.4304E+00,-9.2773E-01, 4.2920E+00,-3.3569E-01, 6.1792E+00
"C                                                                                                                     "
  31524.540, -40475.450,-6.5674E-01, 3.4839E+00,-4.3091E-01, 2.4463E+00,-8.6548E-01, 4.3042E+00,-3.3325E-01, 6.1792E+00
"D                                                                                                                     "
  31713.720, -40286.270,-6.6162E-01, 3.4814E+00,-3.3813E-01, 2.5281E+00,-1.0876E+00, 4.2139E+00,-3.3813E-01, 6.1780E+00
"F2                                                                                                                    "
  31717.230, -40282.760,-6.5796E-01, 3.4827E+00,-3.8086E-01, 2.5000E+00,-1.1353E+00, 4.1089E+00,-3.3691E-01, 6.1780E+00
"B                                                                                                                     "
  31722.570, -40277.420,-6.5552E-01, 3.4827E+00,-4.2358E-01, 2.4512E+00,-9.4116E-01, 4.2822E+00,-3.3691E-01, 6.1768E+00
"C                                                                                                                     "
  31725.180, -40274.810,-6.5918E-01, 3.4827E+00,-3.4912E-01, 2.5293E+00,-9.7900E-01, 4.3591E+00,-3.3691E-01, 6.1768E+00
"D                                                                                                                     "
  31740.270, -40259.720,-6.5674E-01, 3.4827E+00,-2.8198E-01, 2.6233E+00,-9.9976E-01, 4.2261E+00,-3.3691E-01, 6.1768E+00
"C                                                                                                                     "
  31742.430, -40257.560,-6.5918E-01, 3.4814E+00,-3.4790E-01, 2.5281E+00,-1.0400E+00, 4.1846E+00,-3.3813E-01, 6.1768E+00
"D                                                                                                                     "
  32321.070, -39678.920,-6.5552E-01, 3.4839E+00,-4.1992E-01, 2.4573E+00,-1.0229E+00, 4.2529E+00,-3.3447E-01, 6.1792E+00
"F2                                                                                                                    "
  32324.100, -39675.890,-6.5796E-01, 3.4839E+00,-4.5532E-01, 2.4438E+00,-1.0645E+00, 4.1858E+00,-3.3691E-01, 6.1780E+00
"B                                                                                                                     "
  32328.990, -39671.000,-6.5796E-01, 3.4839E+00,-3.7598E-01, 2.5061E+00,-9.5215E-01, 4.2798E+00,-3.3447E-01, 6.1792E+00
"C                                                                                                                     "
  32331.240, -39668.750,-6.6040E-01, 3.4839E+00,-4.3579E-01, 2.4512E+00,-7.3242E-01, 4.5215E+00,-3.3569E-01, 6.1792E+00
"D                                                                                                                     "
  32336.370, -39663.620,-6.5308E-01, 3.4839E+00,-4.2969E-01, 2.4548E+00,-9.7900E-01, 4.2737E+00,-3.3569E-01, 6.1792E+00
"C                                                                                                                     "
  32339.370, -39660.620,-6.6162E-01, 3.4802E+00,-3.7964E-01, 2.4927E+00,-9.0698E-01, 4.4006E+00,-3.3447E-01, 6.1792E+00
"D                                                                                                                     "
  32363.010, -39636.980,-6.6040E-01, 3.4839E+00,-4.7974E-01, 2.4060E+00,-9.2773E-01, 4.3225E+00,-3.3813E-01, 6.1792E+00
"C                                                                                                                     "
  32365.920, -39634.070,-6.5918E-01, 3.4839E+00,-4.6265E-01, 2.4194E+00,-7.6294E-01, 4.4739E+00,-3.3447E-01, 6.1792E+00
"D                                                                                                                     "
  33238.830, -38761.160,-6.5674E-01, 3.4814E+00,-3.9307E-01, 2.4829E+00,-1.0217E+00, 4.2358E+00,-3.4058E-01, 6.1731E+00
"C                                                                                                                     "
  33239.760, -38760.230,-6.6284E-01, 3.4814E+00,-3.9551E-01, 2.4915E+00,-1.1829E+00, 4.0796E+00,-3.4790E-01, 6.1707E+00
"F2                                                                                                                    "
  33241.980, -38758.010,-6.6040E-01, 3.4814E+00,-3.8208E-01, 2.5037E+00,-9.3384E-01, 4.2249E+00,-3.4058E-01, 6.1731E+00
"B                                                                                                                     "
  33248.280, -38751.710,-6.5918E-01, 3.4814E+00,-3.8574E-01, 2.4854E+00,-1.1316E+00, 4.0918E+00,-3.5034E-01, 6.1633E+00
"C                                                                                                                     "
  33249.480, -38750.510,-6.6528E-01, 3.4802E+00,-4.0161E-01, 2.4829E+00,-6.1157E-01, 4.6069E+00,-3.5034E-01, 6.1670E+00
"D                                                                                                                     "
  33877.200, -38122.790,-6.5918E-01, 3.4814E+00,-4.1992E-01, 2.4585E+00,-1.2354E+00, 4.0088E+00,-3.3569E-01, 6.1780E+00
"F2                                                                                                                    "
  33880.020, -38119.970,-6.5796E-01, 3.4839E+00,-4.0039E-01, 2.4683E+00,-1.1328E+00, 4.0857E+00,-3.3447E-01, 6.1792E+00
"B                                                                                                                     "
  33887.370, -38112.620,-6.5674E-01, 3.4827E+00,-3.7354E-01, 2.5110E+00,-1.1804E+00, 4.0430E+00,-3.3691E-01, 6.1780E+00
"C                                                                                                                     "
  33888.720, -38111.270,-6.5796E-01, 3.4814E+00,-3.7231E-01, 2.5024E+00,-7.2876E-01, 4.4531E+00,-3.3569E-01, 6.1792E+00
"D                                                                                                                     "
  33901.200, -38098.790,-6.5796E-01, 3.4827E+00,-4.0771E-01, 2.4695E+00,-1.0840E+00, 4.1614E+00,-3.3203E-01, 6.1792E+00
"C                                                                                                                     "
  33902.700, -38097.290,-6.6406E-01, 3.4827E+00,-3.7476E-01, 2.5183E+00,-5.8716E-01, 4.6521E+00,-3.3691E-01, 6.1792E+00
"D                                                                                                                     "
  34496.550, -37503.440,-6.6040E-01, 3.4814E+00,-3.2837E-01, 2.5439E+00,-1.3953E+00, 3.8684E+00,-3.3936E-01, 6.1743E+00
"F2                                                                                                                    "
  34500.840, -37499.150,-6.6528E-01, 3.4802E+00,-4.0771E-01, 2.4805E+00,-1.4404E+00, 3.8281E+00,-3.4058E-01, 6.1743E+00
"B                                                                                                                     "
  34510.740, -37489.250,-6.5918E-01, 3.4802E+00,-3.0762E-01, 2.5684E+00,-1.1096E+00, 4.0454E+00,-3.4058E-01, 6.1743E+00
"C                                                                                                                     "
  34512.720, -37487.270,-6.5674E-01, 3.4802E+00,-3.4180E-01, 2.5427E+00,-1.1780E+00, 4.0271E+00,-3.3813E-01, 6.1755E+00
"D                                                                                                                     "
  34528.080, -37471.910,-6.6650E-01, 3.4802E+00,-3.3691E-01, 2.5610E+00,-1.2683E+00, 3.9722E+00,-3.3936E-01, 6.1755E+00
"C                                                                                                                     "
  34531.470, -37468.520,-6.6162E-01, 3.4814E+00,-3.3447E-01, 2.5513E+00,-8.5449E-01, 4.3909E+00,-3.3813E-01, 6.1768E+00
"D                                                                                                                     "
  35207.610, -36792.380,-6.7017E-01, 3.4790E+00,-2.9907E-01, 2.5867E+00,-1.4905E+00, 3.8037E+00,-3.3691E-01, 6.1792E+00
"F2                                                                                                                    "
  35210.160, -36789.830,-6.6284E-01, 3.4802E+00,-2.9419E-01, 2.5842E+00,-1.4990E+00, 3.7830E+00,-3.3325E-01, 6.1841E+00
"B                                                                                                                     "
  35220.330, -36779.660,-6.6162E-01, 3.4802E+00,-2.5635E-01, 2.6245E+00,-1.3464E+00, 3.8940E+00,-3.3936E-01, 6.1780E+00
"C                                                                                                                     "
  35222.640, -36777.350,-6.6528E-01, 3.4790E+00,-2.6489E-01, 2.6184E+00,-8.5815E-01, 4.3860E+00,-3.3936E-01, 6.1792E+00
"D                                                                                                                     "
  35231.430, -36768.560,-6.6528E-01, 3.4802E+00,-2.3071E-01, 2.6563E+00,-6.3477E-01, 4.5447E+00,-3.3569E-01, 6.1792E+00
"C                                                                                                                     "
  35233.560, -36766.430,-6.6528E-01, 3.4802E+00,-2.8809E-01, 2.5903E+00,-9.1064E-01, 4.3347E+00,-3.3813E-01, 6.1780E+00
"D                                                                                                                     "
  35950.620, -36049.370,-6.6772E-01, 3.4790E+00,-3.4912E-01, 2.5415E+00,-1.7493E+00, 3.5425E+00,-3.4668E-01, 6.1707E+00
"F2                                                                                                                    "
  35954.160, -36045.830,-6.6650E-01, 3.4802E+00,-2.9175E-01, 2.5867E+00,-1.8420E+00, 3.3887E+00,-3.4668E-01, 6.1719E+00
"FB                                                                                                                    "
  35959.350, -36040.640,-6.6162E-01, 3.4790E+00,-3.4546E-01, 2.5415E+00,-1.8958E+00, 3.3594E+00,-3.4424E-01, 6.1719E+00
"C                                                                                                                     "
  35961.720, -36038.270,-6.6406E-01, 3.4790E+00,-3.2715E-01, 2.5562E+00,-1.3672E+00, 4.1895E+00,-3.3813E-01, 6.1743E+00
"FB                                                                                                                    "
  35963.190, -36036.800,-6.6162E-01, 3.4802E+00,-3.8208E-01, 2.5000E+00,-1.5417E+00, 3.6951E+00,-3.4180E-01, 6.1694E+00
"C                                                                                                                     "
  35965.350, -36034.640,-6.6284E-01, 3.4802E+00,-3.2837E-01, 2.5537E+00,-1.4136E+00, 3.9807E+00,-3.4180E-01, 6.1731E+00
"D                                                                                                                     "
  37327.710, -34672.280,-6.6528E-01, 3.4753E+00,-2.4658E-01, 2.6343E+00,-1.5625E+00, 3.6975E+00,-3.4546E-01, 6.1731E+00
"F2                                                                                                                    "
  37330.020, -34669.970,-6.6895E-01, 3.4766E+00,-2.7344E-01, 2.6099E+00,-1.6370E+00, 3.6060E+00,-3.4546E-01, 6.1731E+00
"FB                                                                                                                    "
  37336.110, -34663.880,-6.6772E-01, 3.4766E+00,-2.2339E-01, 2.6660E+00,-1.7090E+00, 3.4790E+00,-3.4546E-01, 6.1731E+00
"C                                                                                                                     "
  37341.570, -34658.420,-6.7261E-01, 3.4753E+00,-2.1729E-01, 2.6648E+00,-1.0083E+00, 4.1235E+00,-3.4424E-01, 6.1731E+00
"D                                                                                                                     "
  38003.190, -33996.800,-6.6528E-01, 3.4778E+00,-2.1118E-01, 2.6611E+00,-1.7493E+00, 3.5400E+00,-3.4912E-01, 6.1621E+00
"F2                                                                                                                    "
  38004.660, -33995.330,-6.5918E-01, 3.4778E+00,-2.6367E-01, 2.6160E+00,-1.8213E+00, 3.4338E+00,-3.4668E-01, 6.1658E+00
"B                                                                                                                     "
  38012.820, -33987.170,-6.6406E-01, 3.4766E+00,-3.4912E-01, 2.5500E+00,-1.7493E+00, 3.4607E+00,-3.5522E-01, 6.1584E+00
"C                                                                                                                     "
  38014.830, -33985.160,-6.6895E-01, 3.4778E+00,-3.4668E-01, 2.5549E+00,-1.7065E+00, 3.5522E+00,-3.6133E-01, 6.1584E+00
"B                                                                                                                     "
  38015.790, -33984.200,-6.7017E-01, 3.4778E+00,-2.2949E-01, 2.6416E+00,-1.3635E+00, 3.8318E+00,-3.6133E-01, 6.1572E+00
"C                                                                                                                     "
  38016.960, -33983.030,-6.6528E-01, 3.4778E+00,-2.3315E-01, 2.6685E+00,-1.2659E+00, 4.0845E+00,-3.5767E-01, 6.1584E+00
"D                                                                                                                     "
  38024.310, -33975.680,-6.6650E-01, 3.4766E+00,-3.7231E-01, 2.5488E+00,-1.6919E+00, 3.6426E+00,-3.5278E-01, 6.1633E+00
"B                                                                                                                     "
  38025.510, -33974.480,-6.6284E-01, 3.4778E+00,-3.5522E-01, 2.5378E+00,-1.1243E+00, 4.0112E+00,-3.5034E-01, 6.1633E+00
"C                                                                                                                     "
  38027.550, -33972.440,-6.6040E-01, 3.4766E+00,-3.1128E-01, 2.5586E+00,-1.1792E+00, 4.0588E+00,-3.5400E-01, 6.1621E+00
"D                                                                                                                     "
  38488.530, -33511.460,-6.6650E-01, 3.4766E+00,-3.0884E-01, 2.5684E+00,-1.9141E+00, 3.4399E+00,-3.4790E-01, 6.1694E+00
"F2                                                                                                                    "
  38491.080, -33508.910,-6.6528E-01, 3.4778E+00,-3.4424E-01, 2.5806E+00,-2.0007E+00, 3.2654E+00,-3.4424E-01, 6.1694E+00
"B                                                                                                                     "
  38503.380, -33496.610,-6.6772E-01, 3.4766E+00,-2.7100E-01, 2.6208E+00,-1.7456E+00, 3.4631E+00,-3.4668E-01, 6.1707E+00
"C                                                                                                                     "
  38504.850, -33495.140,-6.6528E-01, 3.4778E+00,-4.7607E-02, 2.8125E+00,-9.5947E-01, 4.2847E+00,-3.4302E-01, 6.1707E+00
"D                                                                                                                     "
  38994.390, -33005.600,-6.6772E-01, 3.4753E+00,-1.6235E-01, 2.7222E+00,-1.6907E+00, 3.5571E+00,-3.4912E-01, 6.1682E+00
"G                                                                                                                     "
  39517.140, -32482.850,-6.6040E-01, 3.4790E+00,-3.4546E-01, 2.5317E+00,-1.5735E+00, 3.3301E+00,-3.4302E-01, 6.1707E+00



