"NP                                                                                                                    "
    413.790, -71586.200,-5.9082E-01, 3.5388E+00,-3.6133E-01, 2.5122E+00,-5.3345E-01, 4.6936E+00, 9.2651E-01, 6.9250E+00
"P                                                                                                                     "
    459.600, -71540.390,-6.0181E-01, 3.5364E+00,-3.6499E-01, 2.5122E+00,-5.0903E-01, 4.7156E+00, 7.7515E-01, 7.2449E+00
"DG                                                                                                                    "
    949.080, -71050.910,-5.8960E-01, 3.5522E+00,-3.6011E-01, 2.5146E+00,-5.3467E-01, 4.6936E+00, 3.5156E-01, 6.8506E+00
"G                                                                                                                     "
   2363.520, -69636.470,-6.0791E-01, 3.5400E+00,-3.6011E-01, 2.5171E+00,-5.3833E-01, 4.6936E+00,-2.3560E-01, 6.2805E+00
"P                                                                                                                     "
   2371.590, -69628.400,-6.0669E-01, 3.5400E+00,-3.6011E-01, 2.5171E+00,-5.4077E-01, 4.6936E+00,-1.5991E-01, 6.4160E+00
"Z                                                                                                                     "
   3807.810, -68192.180,-6.0059E-01, 3.5413E+00,-3.6133E-01, 2.5183E+00, 7.2754E-01, 5.9790E+00,-3.1006E-01, 6.2073E+00
"G                                                                                                                     "
   3828.390, -68171.600,-6.0791E-01, 3.5413E+00,-3.5889E-01, 2.5183E+00, 1.2012E+00, 6.4209E+00,-3.1738E-01, 6.2024E+00
"Z                                                                                                                     "
  11037.390, -60962.600,-5.9937E-01, 3.5413E+00,-3.5278E-01, 2.5171E+00,-5.2612E-01, 4.7034E+00,-2.5879E-01, 6.2292E+00
"G                                                                                                                     "
  11175.060, -60824.930,-6.0059E-01, 3.5376E+00,-3.5278E-01, 2.5146E+00,-5.3101E-01, 4.6997E+00,-4.7729E-01, 6.2842E+00
"Z                                                                                                                     "
  13023.900, -58976.090,-6.0547E-01, 3.5376E+00,-3.4424E-01, 2.5146E+00,-5.2979E-01, 4.6985E+00,-2.6733E-01, 6.2134E+00
"G                                                                                                                     "
  13062.360, -58937.630,-6.1157E-01, 3.5376E+00,-3.2593E-01, 2.5476E+00,-5.3223E-01, 4.6985E+00,-3.1372E-01, 6.2036E+00
"Z                                                                                                                     "
  36000.060, -35999.930, 4.1113E+00,-6.0669E-01, 6.1340E+00,-4.5349E+00, 3.2446E+00,-2.3108E+00, 2.9785E+00, 6.5771E+00
