"NP                                                                                                                    "
    288.520, -71711.470,-6.0181E-01, 3.5388E+00,-3.6865E-01, 2.5037E+00,-3.9795E-01, 4.8267E+00,-3.0884E-01, 6.2024E+00
"P                                                                                                                     "
    314.110, -71685.880,-6.0547E-01, 3.5400E+00,-3.6987E-01, 2.5037E+00,-5.3101E-01, 4.7009E+00,-3.0396E-01, 6.2085E+00
"Z                                                                                                                     "
   1143.940, -70856.050,-6.0303E-01, 3.5400E+00,-3.6865E-01, 2.5061E+00,-5.0415E-01, 4.7205E+00, 1.4429E+00, 7.9419E+00
"P                                                                                                                     "
   1475.470, -70524.520,-5.8228E-01, 3.5559E+00,-3.6621E-01, 2.5061E+00,-5.2124E-01, 4.7192E+00,-3.1128E-01, 6.2024E+00
"Z                                                                                                                     "
   2148.430, -69851.560, 2.7209E+00, 6.8091E+00,-3.6499E-01, 2.5085E+00, 1.8677E-01, 5.3149E+00,-3.1128E-01, 6.2036E+00
"P                                                                                                                     "
   2172.880, -69827.110, 2.7661E+00, 6.8689E+00,-3.6499E-01, 2.5085E+00,-5.2246E-01, 4.7229E+00,-3.0762E-01, 6.2036E+00
"Z                                                                                                                     "
   2249.260, -69750.730, 2.8113E+00, 6.8909E+00,-3.6133E-01, 2.5085E+00,-4.2358E-01, 4.8145E+00,-3.1006E-01, 6.2036E+00
"P                                                                                                                     "
   2263.240, -69736.750, 2.5525E+00, 6.6394E+00,-3.6255E-01, 2.5085E+00,-9.2773E-01, 4.3018E+00,-3.0884E-01, 6.2036E+00
"C                                                                                                                     "
   2275.180, -69724.810, 2.6514E+00, 6.7310E+00,-3.6621E-01, 2.5085E+00, 1.6235E-01, 5.3748E+00,-3.1006E-01, 6.2048E+00
"D                                                                                                                     "
   2280.970, -69719.020, 2.6184E+00, 6.7212E+00,-3.6621E-01, 2.5085E+00, 1.8433E-01, 5.4224E+00,-3.1006E-01, 6.2048E+00
"C                                                                                                                     "
   2285.890, -69714.100, 2.4353E+00, 6.5503E+00,-3.6133E-01, 2.5098E+00, 5.5176E-01, 5.7690E+00,-3.1006E-01, 6.2048E+00
"D                                                                                                                     "
   2315.830, -69684.160, 2.5427E+00, 6.6431E+00,-3.6499E-01, 2.5085E+00, 2.9419E-01, 5.5164E+00,-3.1006E-01, 6.2048E+00
"F2                                                                                                                    "
   2320.090, -69679.900, 2.5989E+00, 6.7053E+00,-3.6255E-01, 2.5098E+00,-3.4180E-02, 5.2417E+00,-3.0762E-01, 6.2048E+00
"B                                                                                                                     "
   2322.670, -69677.320, 2.6160E+00, 6.6748E+00,-3.6011E-01, 2.5085E+00, 2.5391E-01, 5.5176E+00,-3.0640E-01, 6.2048E+00
"D                                                                                                                     "
   2363.980, -69636.010, 2.5671E+00, 6.6577E+00,-3.6377E-01, 2.5098E+00, 2.7356E+00, 7.8186E+00,-3.1128E-01, 6.2048E+00
"B                                                                                                                     "
   2367.850, -69632.140, 2.6221E+00, 6.7090E+00,-3.6743E-01, 2.5098E+00, 4.5776E-01, 5.6702E+00,-3.1006E-01, 6.2048E+00
"D                                                                                                                     "
   2406.430, -69593.560, 2.6855E+00, 6.7773E+00,-3.6133E-01, 2.5085E+00, 5.0415E-01, 5.7153E+00,-3.1006E-01, 6.2048E+00
"F2                                                                                                                    "
   2408.980, -69591.010, 2.6147E+00, 6.7004E+00,-3.6133E-01, 2.5098E+00, 2.1606E-01, 5.4504E+00,-3.0518E-01, 6.2048E+00
"FB                                                                                                                    "
   2413.570, -69586.420, 2.7087E+00, 6.8030E+00,-3.6499E-01, 2.5098E+00, 6.2256E-01, 5.5627E+00,-3.0884E-01, 6.2048E+00
"C                                                                                                                     "
   2414.320, -69585.670, 2.7173E+00, 6.8152E+00,-3.6377E-01, 2.5098E+00, 3.0029E-01, 5.5237E+00,-3.1006E-01, 6.2048E+00
"D                                                                                                                     "
   2534.200, -69465.790, 2.6794E+00, 6.7725E+00,-3.6255E-01, 2.5085E+00, 9.3750E-01, 6.1462E+00,-3.0884E-01, 6.2036E+00
"C                                                                                                                     "
   2535.640, -69464.350, 2.6978E+00, 6.7749E+00,-3.6499E-01, 2.5085E+00, 7.0679E-01, 5.9448E+00,-3.1250E-01, 6.2036E+00
"DG                                                                                                                    "
   2635.450, -69364.540, 2.6721E+00, 6.7737E+00,-3.6621E-01, 2.5073E+00, 9.9243E-01, 6.2073E+00,-3.1128E-01, 6.2024E+00
"DG                                                                                                                    "
   2636.560, -69363.430, 2.6929E+00, 6.7749E+00,-3.6499E-01, 2.5085E+00, 9.5215E-01, 6.1902E+00,-3.1006E-01, 6.2036E+00
"C                                                                                                                     "
   2638.150, -69361.840, 2.6904E+00, 6.7822E+00,-3.6865E-01, 2.5073E+00, 1.0278E+00, 6.2427E+00,-3.1006E-01, 6.2036E+00
"DG                                                                                                                    "
   2782.060, -69217.930, 2.8967E+00, 6.9800E+00,-3.6255E-01, 2.5073E+00, 3.5767E-01, 5.5957E+00,-2.9907E-01, 6.2097E+00
"F2                                                                                                                    "
   2785.150, -69214.840, 2.8540E+00, 6.9482E+00,-3.6377E-01, 2.5085E+00, 3.7354E-01, 5.6335E+00,-3.1128E-01, 6.2036E+00
"B                                                                                                                     "
   2796.070, -69203.920, 3.4546E+00, 7.5684E+00,-3.6377E-01, 2.5085E+00, 8.2642E-01, 6.0339E+00,-3.0762E-01, 6.2036E+00
"D                                                                                                                     "
   2838.100, -69161.890, 2.9541E+00, 7.0398E+00,-3.6743E-01, 2.5085E+00, 4.9438E-01, 5.7239E+00,-3.1128E-01, 6.2048E+00
"C                                                                                                                     "
   2840.440, -69159.550, 3.1165E+00, 7.2070E+00,-3.6865E-01, 2.5073E+00, 7.2266E-01, 6.0388E+00,-3.1128E-01, 6.2036E+00
"D                                                                                                                     "
   2880.700, -69119.290, 2.9712E+00, 7.0508E+00,-3.6133E-01, 2.5098E+00, 7.6294E-01, 5.9729E+00,-3.0762E-01, 6.2048E+00
"C                                                                                                                     "
   2882.500, -69117.490, 2.9858E+00, 7.0422E+00,-3.6377E-01, 2.5085E+00, 1.0522E+00, 6.2671E+00,-3.0884E-01, 6.2048E+00
"D                                                                                                                     "
   2928.310, -69071.680, 3.4045E+00, 7.4854E+00,-3.6499E-01, 2.5098E+00, 3.7476E-01, 5.5945E+00,-3.0762E-01, 6.2061E+00
"C                                                                                                                     "
   2930.320, -69069.670, 3.4448E+00, 7.5330E+00,-3.6255E-01, 2.5098E+00, 9.7412E-01, 6.1890E+00,-3.0762E-01, 6.2061E+00
"D                                                                                                                     "
   2988.820, -69011.170, 3.3948E+00, 7.6514E+00,-3.6499E-01, 2.5098E+00, 8.4473E-01, 6.0754E+00,-3.0762E-01, 6.2061E+00
"F2                                                                                                                    "
   2990.770, -69009.220, 3.0005E+00, 7.0886E+00,-3.6499E-01, 2.5098E+00, 5.6763E-01, 5.7617E+00,-3.0762E-01, 6.2061E+00
"C                                                                                                                     "
   2993.410, -69006.580, 3.0774E+00, 7.1667E+00,-3.6499E-01, 2.5098E+00, 1.1096E+00, 6.3269E+00,-3.0884E-01, 6.2061E+00
"D                                                                                                                     "
   3064.420, -68935.570, 3.1311E+00, 7.2205E+00,-3.5889E-01, 2.5098E+00,-1.5259E-01, 5.0110E+00,-3.0762E-01, 6.2061E+00
"Z                                                                                                                     "
   5086.780, -66913.210,-5.9814E-01, 3.5425E+00,-3.6255E-01, 2.5098E+00, 1.7090E-02, 5.1208E+00,-3.0884E-01, 6.2061E+00
"P                                                                                                                     "
   5120.920, -66879.070,-5.9570E-01, 3.5437E+00,-3.6377E-01, 2.5098E+00,-5.8716E-01, 4.6448E+00,-3.0640E-01, 6.2061E+00
"C                                                                                                                     "
   5122.480, -66877.510,-6.0059E-01, 3.5437E+00,-3.6377E-01, 2.5098E+00,-7.8979E-01, 4.4507E+00,-3.0762E-01, 6.2061E+00
"F2                                                                                                                    "
   5125.570, -66874.420,-6.0425E-01, 3.5425E+00,-3.6377E-01, 2.5098E+00,-8.5571E-01, 4.4019E+00,-3.0640E-01, 6.2061E+00
"B                                                                                                                     "
   5130.310, -66869.680,-5.9937E-01, 3.5425E+00,-3.6255E-01, 2.5110E+00,-5.6396E-01, 4.6765E+00,-3.0884E-01, 6.2061E+00
"C                                                                                                                     "
   5140.330, -66859.660,-5.9937E-01, 3.5425E+00,-3.5767E-01, 2.5110E+00,-6.3477E-02, 5.1672E+00,-3.0762E-01, 6.2061E+00
"D                                                                                                                     "
   5145.820, -66854.170,-5.9692E-01, 3.5437E+00,-3.6377E-01, 2.5110E+00,-1.3672E-01, 5.0903E+00,-3.0884E-01, 6.2061E+00
"C                                                                                                                     "
   5148.790, -66851.200,-5.9570E-01, 3.5437E+00,-3.6499E-01, 2.5098E+00, 1.9531E-02, 5.2356E+00,-3.0762E-01, 6.2061E+00
"D                                                                                                                     "
   5195.350, -66804.640,-5.9326E-01, 3.5425E+00,-3.5889E-01, 2.5098E+00, 7.3242E-03, 5.2051E+00,-3.0640E-01, 6.2061E+00
"F2                                                                                                                    "
   5198.740, -66801.250,-5.8960E-01, 3.5425E+00,-3.5889E-01, 2.5098E+00,-1.4038E-01, 5.1062E+00,-3.0640E-01, 6.2061E+00
"B                                                                                                                     "
   5200.840, -66799.150,-5.9082E-01, 3.5425E+00,-3.6133E-01, 2.5098E+00,-3.4180E-02, 5.1697E+00,-3.0518E-01, 6.2061E+00
"C                                                                                                                     "
   5204.560, -66795.430,-5.9814E-01, 3.5413E+00,-3.6133E-01, 2.5098E+00, 3.0640E-01, 5.5225E+00,-3.0640E-01, 6.2061E+00
"D                                                                                                                     "
   5287.150, -66712.840,-6.0181E-01, 3.5425E+00,-3.6743E-01, 2.5098E+00,-2.9297E-02, 5.1941E+00,-3.0884E-01, 6.2048E+00
"F2                                                                                                                    "
   5289.430, -66710.560,-6.0181E-01, 3.5413E+00,-3.6133E-01, 2.5098E+00, 1.1841E-01, 5.4248E+00,-3.0762E-01, 6.2048E+00
"B                                                                                                                     "
   5295.490, -66704.500,-6.0303E-01, 3.5400E+00,-3.6499E-01, 2.5098E+00, 1.1963E-01, 5.3564E+00,-3.0762E-01, 6.2048E+00
"C                                                                                                                     "
   5296.900, -66703.090,-6.0547E-01, 3.5425E+00,-3.6621E-01, 2.5098E+00, 3.0518E-01, 5.5347E+00,-3.1006E-01, 6.2048E+00
"G                                                                                                                     "
   5725.330, -66274.660,-5.8960E-01, 3.5425E+00,-3.5889E-01, 2.5098E+00,-1.6602E-01, 4.9475E+00,-3.0640E-01, 6.2061E+00
"C                                                                                                                     "
   5727.190, -66272.800,-6.0181E-01, 3.5425E+00,-3.6377E-01, 2.5098E+00, 6.9092E-01, 5.9106E+00,-3.1006E-01, 6.2061E+00
"G                                                                                                                     "
   5933.500, -66066.490,-5.0659E-01, 3.6438E+00,-3.6255E-01, 2.5110E+00,-2.7588E-01, 4.9500E+00,-3.0640E-01, 6.2061E+00
"G                                                                                                                     "
   5954.650, -66045.340,-5.9814E-01, 3.5425E+00,-3.5645E-01, 2.5098E+00,-2.8320E-01, 4.9365E+00,-3.0640E-01, 6.2061E+00
"C                                                                                                                     "
   5956.390, -66043.600,-5.9692E-01, 3.5425E+00,-3.6377E-01, 2.5098E+00, 6.7017E-01, 5.8826E+00,-3.0518E-01, 6.2061E+00
"D                                                                                                                     "
   6129.010, -65870.980,-5.8228E-01, 3.5742E+00,-3.6377E-01, 2.5098E+00, 5.3589E-01, 5.8301E+00,-3.1006E-01, 6.2036E+00
"F2                                                                                                                    "
   6131.500, -65868.490,-5.9570E-01, 3.5449E+00,-3.6499E-01, 2.5098E+00, 3.4424E-01, 5.5566E+00,-3.1006E-01, 6.2036E+00
"B                                                                                                                     "
   6135.940, -65864.050,-5.8716E-01, 3.5522E+00,-3.5767E-01, 2.5098E+00, 5.2734E-01, 5.7373E+00,-3.1006E-01, 6.2036E+00
"C                                                                                                                     "
   6147.490, -65852.500,-5.6274E-01, 3.5596E+00,-3.6377E-01, 2.5098E+00, 7.9224E-01, 6.0132E+00,-3.0884E-01, 6.2036E+00
"D                                                                                                                     "
   6150.670, -65849.320,-5.9082E-01, 3.5571E+00,-3.6255E-01, 2.5098E+00,-2.7222E-01, 4.9451E+00,-3.1006E-01, 6.2036E+00
"B                                                                                                                     "
   6151.720, -65848.270,-5.7861E-01, 3.5559E+00,-3.6255E-01, 2.5085E+00, 1.4392E+00, 6.5649E+00,-3.0884E-01, 6.2036E+00
"C                                                                                                                     "
   6152.920, -65847.070,-5.8960E-01, 3.5547E+00,-3.6865E-01, 2.5098E+00, 8.0566E-01, 6.0254E+00,-3.1006E-01, 6.2036E+00
"D                                                                                                                     "
   6455.080, -65544.910,-5.9204E-01, 3.5461E+00,-3.6499E-01, 2.5098E+00, 8.8135E-01, 6.1462E+00,-3.0884E-01, 6.2048E+00
"P                                                                                                                     "
   6458.200, -65541.790,-5.9326E-01, 3.5461E+00,-3.6255E-01, 2.5098E+00,-4.8218E-01, 4.8279E+00,-3.0762E-01, 6.2061E+00
"Z                                                                                                                     "
  11161.390, -60838.600,-5.9326E-01, 3.5449E+00,-3.6987E-01, 2.5049E+00,-5.2612E-01, 4.6948E+00,-3.1128E-01, 6.2000E+00
"P                                                                                                                     "
  11219.320, -60780.670,-5.9692E-01, 3.5486E+00,-3.6621E-01, 2.5061E+00,-5.2124E-01, 4.5020E+00, 8.0444E-01, 7.2998E+00
"D                                                                                                                     "
  11225.950, -60774.040,-5.7983E-01, 3.5486E+00,-3.7109E-01, 2.5061E+00,-5.7739E-01, 4.6497E+00, 7.6416E-01, 7.2607E+00
"C                                                                                                                     "
  11285.110, -60714.880,-6.0059E-01, 3.5498E+00,-3.6743E-01, 2.5061E+00,-5.7129E-01, 4.6448E+00, 4.2236E-01, 6.9385E+00
"F2                                                                                                                    "
  11289.910, -60710.080,-5.8960E-01, 3.5498E+00,-3.6743E-01, 2.5061E+00,-8.2275E-01, 4.5801E+00, 1.6748E+00, 8.1763E+00
"B                                                                                                                     "
  11306.050, -60693.940,-5.8594E-01, 3.5498E+00,-3.6499E-01, 2.5061E+00,-2.2217E-01, 5.0220E+00, 3.3472E+00, 9.8193E+00
"C                                                                                                                     "
  11312.500, -60687.490,-5.9448E-01, 3.5498E+00,-3.6255E-01, 2.5061E+00,-3.0762E-01, 4.9268E+00, 6.3477E-01, 7.1509E+00
"C                                                                                                                     "
  11428.240, -60571.750,-5.7861E-01, 3.5498E+00,-3.6743E-01, 2.5061E+00,-3.6133E-01, 4.8694E+00, 3.8855E+00, 9.9988E+00
"F2                                                                                                                    "
  11430.370, -60569.620,-5.8716E-01, 3.5486E+00,-3.6865E-01, 2.5061E+00,-4.1870E-01, 4.8303E+00, 8.3130E-01, 7.3206E+00
"B                                                                                                                     "
  11457.070, -60542.920,-5.9204E-01, 3.5486E+00,-3.6987E-01, 2.5061E+00,-3.5400E-01, 4.8621E+00, 1.0120E+00, 7.4988E+00
"G                                                                                                                     "
  11813.320, -60186.670,-5.9692E-01, 3.5486E+00,-3.6621E-01, 2.5037E+00, 9.8633E-01, 6.2024E+00, 5.4810E-01, 7.0532E+00
"CG                                                                                                                    "
  11975.800, -60024.190,-5.8960E-01, 3.5510E+00,-3.6499E-01, 2.5061E+00, 3.0273E-01, 5.5432E+00, 3.8940E-01, 6.8933E+00
"F2                                                                                                                    "
  11977.540, -60022.450,-5.9204E-01, 3.5510E+00,-3.6743E-01, 2.5061E+00, 3.1982E-01, 5.5432E+00, 3.8818E-01, 6.8933E+00
"B                                                                                                                     "
  11994.580, -60005.410,-5.9204E-01, 3.5498E+00,-3.6621E-01, 2.5061E+00, 4.7852E-01, 5.6921E+00, 3.8940E-01, 6.8909E+00
"CG                                                                                                                    "
  12385.030, -59614.960,-5.8960E-01, 3.5486E+00,-3.6743E-01, 2.5037E+00,-1.7822E-01, 5.2551E+00, 7.2998E-01, 7.2351E+00
"Z                                                                                                                     "
  12456.850, -59543.140,-5.9570E-01, 3.5486E+00,-3.6743E-01, 2.5049E+00,-1.4526E-01, 4.9622E+00, 8.6182E-01, 7.3596E+00
"Z                                                                                                                     "
  14700.160, -57299.830, 5.6030E-01, 4.6814E+00,-3.6743E-01, 2.5037E+00,-5.3833E-01, 4.6924E+00, 6.2256E-02, 6.6174E+00
"P                                                                                                                     "
  14851.360, -57148.630, 6.3721E-01, 4.7546E+00,-3.7109E-01, 2.5024E+00,-4.6021E-01, 4.7583E+00, 3.4180E-02, 6.5442E+00
"B2                                                                                                                    "
  14854.450, -57145.540, 6.3477E-01, 4.7461E+00,-3.6987E-01, 2.5024E+00,-5.1758E-01, 4.7034E+00, 3.4180E-02, 6.5442E+00
"P                                                                                                                     "
  14880.700, -57119.290, 6.3110E-01, 4.7583E+00,-3.7109E-01, 2.5024E+00,-7.4219E-01, 4.5947E+00, 2.8076E-02, 6.5417E+00
"Z                                                                                                                     "
  14940.820, -57059.170, 6.4575E-01, 4.7559E+00,-3.7109E-01, 2.5024E+00,-2.2949E-01, 4.9451E+00, 2.9297E-02, 6.5356E+00
"P                                                                                                                     "
  14946.310, -57053.680, 6.1279E-01, 4.7339E+00,-3.7109E-01, 2.5037E+00, 4.1504E-01, 5.6140E+00, 2.9297E-02, 6.5369E+00
"P                                                                                                                     "
  14983.690, -57016.300, 6.6162E-01, 4.7778E+00,-3.7354E-01, 2.5024E+00,-1.0986E-01, 5.0952E+00, 2.3193E-02, 6.5344E+00
"B2                                                                                                                    "
  14986.810, -57013.180, 6.7261E-01, 4.7852E+00,-3.7109E-01, 2.5024E+00,-2.6489E-01, 4.9597E+00, 2.5635E-02, 6.5320E+00
"P                                                                                                                     "
  15007.300, -56992.690, 6.6650E-01, 4.7852E+00,-3.6865E-01, 2.5037E+00,-4.5654E-01, 4.7876E+00, 2.4414E-02, 6.5369E+00
"B2                                                                                                                    "
  15012.250, -56987.740, 6.7627E-01, 4.7937E+00,-3.6987E-01, 2.5024E+00,-6.1401E-01, 4.6045E+00, 3.0518E-02, 6.5369E+00
"P                                                                                                                     "
  15037.450, -56962.540, 2.8357E+00, 6.9165E+00,-3.6865E-01, 2.5024E+00,-9.2041E-01, 4.3115E+00, 3.0518E-02, 6.5393E+00
"B2                                                                                                                    "
  15044.140, -56955.850, 2.9602E+00, 7.0520E+00,-3.6987E-01, 2.5037E+00,-9.6436E-01, 4.2651E+00, 3.1738E-02, 6.5417E+00
"P                                                                                                                     "
  15062.350, -56937.640, 2.9053E+00, 6.9824E+00,-3.7109E-01, 2.5037E+00,-7.1533E-01, 4.5093E+00, 3.9063E-02, 6.5466E+00
"B2                                                                                                                    "
  15066.820, -56933.170, 2.8662E+00, 6.9446E+00,-3.6743E-01, 2.5049E+00,-8.9111E-01, 4.3616E+00, 4.0283E-02, 6.5491E+00
"P                                                                                                                     "
  15161.500, -56838.490, 5.9814E-01, 4.7180E+00,-3.7109E-01, 2.5037E+00,-3.8818E-01, 4.8792E+00, 2.6855E-02, 6.5405E+00
"Z                                                                                                                     "
  15258.700, -56741.290, 2.6221E+00, 6.7053E+00,-3.6865E-01, 2.5049E+00,-5.3467E-01, 4.6948E+00, 3.0518E-02, 6.5417E+00
"P                                                                                                                     "
  15284.680, -56715.310, 5.6519E-01, 4.6814E+00,-3.6987E-01, 2.5037E+00,-1.1035E+00, 4.1553E+00, 2.9297E-02, 6.5405E+00
"B2                                                                                                                    "
  15287.200, -56712.790, 5.7129E-01, 4.6948E+00,-3.6865E-01, 2.5037E+00,-1.1829E+00, 4.0588E+00, 3.1738E-02, 6.5417E+00
"P                                                                                                                     "
  15306.040, -56693.950, 6.3843E-01, 4.7485E+00,-3.6865E-01, 2.5049E+00,-1.1182E+00, 4.1150E+00, 3.2959E-02, 6.5417E+00
"B2                                                                                                                    "
  15310.630, -56689.360, 6.2988E-01, 4.7424E+00,-3.6987E-01, 2.5037E+00,-1.0852E+00, 4.1418E+00, 3.2959E-02, 6.5405E+00
"P                                                                                                                     "
  15326.860, -56673.130, 6.7017E-01, 4.7754E+00,-3.7109E-01, 2.5049E+00,-3.5767E-01, 4.8767E+00, 3.1738E-02, 6.5405E+00
"C                                                                                                                     "
  15329.230, -56670.760, 6.5063E-01, 4.7705E+00,-3.6865E-01, 2.5037E+00,-6.4087E-01, 4.5801E+00, 2.8076E-02, 6.5405E+00
"C                                                                                                                     "
  15335.050, -56664.940, 6.4453E-01, 4.7729E+00,-3.6865E-01, 2.5049E+00,-4.3213E-01, 4.7998E+00, 3.0518E-02, 6.5417E+00
"D                                                                                                                     "
  15340.060, -56659.930, 6.5918E-01, 4.7791E+00,-3.6987E-01, 2.5049E+00,-4.2847E-01, 4.7974E+00, 2.6855E-02, 6.5405E+00
"F1                                                                                                                    "
  15342.670, -56657.320, 6.5918E-01, 4.7754E+00,-3.7109E-01, 2.5037E+00,-3.7964E-01, 5.1062E+00, 2.5635E-02, 6.5417E+00
"FB                                                                                                                    "
  15346.660, -56653.330, 6.6406E-01, 4.7754E+00,-3.7109E-01, 2.5037E+00,-6.7261E-01, 4.5996E+00, 3.1738E-02, 6.5405E+00
"B                                                                                                                     "
  15360.190, -56639.800, 6.8481E-01, 4.8047E+00,-3.7109E-01, 2.5037E+00,-4.2725E-02, 5.1709E+00, 3.1738E-02, 6.5454E+00
"C                                                                                                                     "
  15366.880, -56633.110, 6.9336E-01, 4.8096E+00,-3.6865E-01, 2.5037E+00,-1.4404E-01, 5.0684E+00, 3.6621E-02, 6.5454E+00
"D                                                                                                                     "
  15408.730, -56591.260, 7.1655E-01, 4.8389E+00,-3.6743E-01, 2.5037E+00,-2.6367E-01, 4.9646E+00, 2.8076E-02, 6.5430E+00
"F2                                                                                                                    "
  15410.350, -56589.640, 7.2388E-01, 4.8511E+00,-3.6743E-01, 2.5037E+00,-3.9673E-01, 4.8389E+00, 3.1738E-02, 6.5430E+00
"FB                                                                                                                    "
  15412.480, -56587.510, 7.2754E-01, 4.8511E+00,-3.7109E-01, 2.5024E+00,-1.5259E-01, 5.0513E+00, 3.1738E-02, 6.5442E+00
"B                                                                                                                     "
  15414.100, -56585.890, 7.3242E-01, 4.8535E+00,-3.6621E-01, 2.5037E+00,-7.8125E-02, 5.1465E+00, 3.4180E-02, 6.5442E+00
"C                                                                                                                     "
  15421.210, -56578.780, 7.1777E-01, 4.8340E+00,-3.6987E-01, 2.5037E+00, 1.3428E-01, 5.3491E+00, 2.9297E-02, 6.5369E+00
"D                                                                                                                     "
  15472.120, -56527.870, 6.7505E-01, 4.7913E+00,-3.6743E-01, 2.5037E+00, 9.8877E-02, 5.3101E+00, 1.5869E-02, 6.5283E+00
"F2                                                                                                                    "
  15475.450, -56524.540, 6.5430E-01, 4.7742E+00,-3.6865E-01, 2.5024E+00,-2.2583E-01, 5.0781E+00, 1.7090E-02, 6.5283E+00
"FB                                                                                                                    "
  15477.130, -56522.860, 6.5796E-01, 4.7803E+00,-3.6987E-01, 2.5024E+00,-4.3579E-01, 4.7961E+00, 1.7090E-02, 6.5283E+00
"B                                                                                                                     "
  15484.480, -56515.510, 6.8481E-01, 4.8010E+00,-3.6865E-01, 2.5024E+00, 2.6978E-01, 5.4736E+00, 1.5869E-02, 6.5283E+00
"C                                                                                                                     "
  15488.470, -56511.520, 6.7505E-01, 4.7876E+00,-3.6865E-01, 2.5024E+00, 1.4038E-01, 5.3638E+00, 1.7090E-02, 6.5259E+00
"D                                                                                                                     "
  15531.940, -56468.050, 6.6406E-01, 4.7815E+00,-3.6987E-01, 2.5024E+00, 2.6123E-01, 5.4834E+00,-1.2207E-03, 6.5137E+00
"B                                                                                                                     "
  15533.710, -56466.280, 6.6162E-01, 4.7766E+00,-3.7109E-01, 2.5024E+00, 1.2695E-01, 5.3259E+00, 2.3303E+00, 8.7183E+00
"C                                                                                                                     "
  15536.350, -56463.640, 6.5308E-01, 4.7717E+00,-3.6865E-01, 2.5037E+00, 2.5757E-01, 5.5310E+00, 8.3740E-01, 7.3376E+00
"CG                                                                                                                    "
  15666.610, -56333.380, 6.3232E-01, 4.7498E+00,-3.6987E-01, 2.5024E+00, 4.5776E-01, 5.6824E+00, 1.1523E+00, 7.6526E+00
"G                                                                                                                     "
  15707.830, -56292.160, 6.1646E-01, 4.7351E+00,-3.6865E-01, 2.5037E+00, 3.7231E-01, 5.6458E+00,-3.1372E-01, 6.2012E+00
"F2                                                                                                                    "
  15709.900, -56290.090, 6.1401E-01, 4.7351E+00,-3.6621E-01, 2.5037E+00, 8.2642E-01, 6.0608E+00,-3.1494E-01, 6.2000E+00
"G                                                                                                                     "
  16494.010, -55505.980, 7.4219E-01, 4.8596E+00,-3.6743E-01, 2.5049E+00, 6.8848E-01, 5.7996E+00,-3.1250E-01, 6.1987E+00
"C                                                                                                                     "
  16496.260, -55503.730, 7.4585E-01, 4.8535E+00,-3.6987E-01, 2.5037E+00, 5.2612E-01, 5.7410E+00,-3.1494E-01, 6.1987E+00
"C                                                                                                                     "
  16500.790, -55499.200, 7.3608E-01, 4.8535E+00,-3.7109E-01, 2.5037E+00, 4.6021E-01, 5.6763E+00,-3.1372E-01, 6.2000E+00
"D                                                                                                                     "
  16508.050, -55491.940, 7.4707E-01, 4.8572E+00,-3.6987E-01, 2.5037E+00, 5.7617E-01, 5.7544E+00,-3.1494E-01, 6.1987E+00
"C                                                                                                                     "
  16510.180, -55489.810, 7.5195E-01, 4.8682E+00,-3.6987E-01, 2.5037E+00, 5.9448E-01, 5.8093E+00,-3.1616E-01, 6.2000E+00
"D                                                                                                                     "
  16521.400, -55478.590, 7.7393E-01, 4.8975E+00,-3.7109E-01, 2.5037E+00, 6.2622E-01, 5.8325E+00,-3.1494E-01, 6.1987E+00
"C                                                                                                                     "
  16523.650, -55476.340, 7.8613E-01, 4.8975E+00,-3.6743E-01, 2.5037E+00, 6.0181E-01, 5.7483E+00,-3.1128E-01, 6.1987E+00
"D                                                                                                                     "
  16565.650, -55434.340, 7.2754E-01, 4.8438E+00,-3.6743E-01, 2.5037E+00, 4.7485E-01, 5.7739E+00,-3.1494E-01, 6.1987E+00
"B                                                                                                                     "
  16612.570, -55387.420, 7.2510E-01, 4.8474E+00,-3.6865E-01, 2.5024E+00, 5.8838E-01, 5.7959E+00,-3.1494E-01, 6.1987E+00
"C                                                                                                                     "
  16615.630, -55384.360, 7.2021E-01, 4.8450E+00,-3.7109E-01, 2.5037E+00, 6.8970E-01, 5.9119E+00,-3.1616E-01, 6.1975E+00
"D                                                                                                                     "
  16620.130, -55379.860, 7.3364E-01, 4.8474E+00,-3.7231E-01, 2.5024E+00,-3.6133E-01, 4.8621E+00,-3.1494E-01, 6.1975E+00
"C                                                                                                                     "
  16631.350, -55368.640, 7.0068E-01, 4.8145E+00,-3.6987E-01, 2.5024E+00, 5.4199E-01, 5.7556E+00,-3.1372E-01, 6.1975E+00
"P                                                                                                                     "
  16633.360, -55366.630, 1.9910E+00, 5.3931E+00,-3.6987E-01, 2.5037E+00,-3.3569E-01, 5.1282E+00,-3.1738E-01, 6.1975E+00
"Z                                                                                                                     "
  17644.510, -54355.480, 7.1533E-01, 4.8328E+00,-3.6987E-01, 2.5037E+00,-1.4160E-01, 4.9084E+00,-3.1738E-01, 6.2000E+00
"P                                                                                                                     "
  17703.730, -54296.260, 7.1045E-01, 4.8267E+00,-3.6987E-01, 2.5049E+00,-2.2339E-01, 4.9963E+00,-3.1372E-01, 6.2000E+00
"G                                                                                                                     "
  18093.070, -53906.920, 6.2500E-01, 4.7498E+00,-3.7231E-01, 2.5024E+00, 2.7466E-01, 5.5273E+00,-2.7344E-01, 6.2830E+00
"P                                                                                                                     "
  20272.900, -51727.090, 4.1626E-01, 4.5398E+00,-3.6865E-01, 2.5061E+00,-6.4331E-01, 4.6570E+00,-3.1616E-01, 6.2000E+00
"Z                                                                                                                     "
  20395.390, -51604.600, 3.3936E-01, 4.4556E+00,-3.6621E-01, 2.5061E+00, 2.6855E-02, 5.1733E+00,-3.1494E-01, 6.2000E+00
"P                                                                                                                     "
  20482.570, -51517.420, 2.9419E-01, 4.4104E+00,-3.6743E-01, 2.5049E+00,-4.2114E-01, 4.8474E+00,-3.1616E-01, 6.1987E+00
"Z                                                                                                                     "
  20612.140, -51387.850, 2.4048E-01, 4.3652E+00,-3.6499E-01, 2.5037E+00,-4.5532E-01, 4.7693E+00,-3.1616E-01, 6.1975E+00
"P                                                                                                                     "
  20641.210, -51358.780, 3.6865E-01, 4.4910E+00,-3.6743E-01, 2.5037E+00,-8.2520E-01, 4.3896E+00,-3.1372E-01, 6.1975E+00
"B2                                                                                                                    "
  20644.420, -51355.570, 3.7354E-01, 4.4995E+00,-3.7231E-01, 2.5037E+00,-7.6538E-01, 4.4763E+00,-3.1982E-01, 6.1975E+00
"P                                                                                                                     "
  20692.480, -51307.510, 4.0039E-01, 4.5227E+00,-3.6865E-01, 2.5037E+00,-5.3345E-01, 4.7009E+00,-3.1738E-01, 6.1975E+00
"Z                                                                                                                     "
  20715.100, -51284.890, 3.6743E-01, 4.4897E+00,-3.6865E-01, 2.5037E+00,-3.4058E-01, 4.7656E+00,-3.1616E-01, 6.1975E+00
"P                                                                                                                     "
  20762.380, -51237.610, 3.5156E-01, 4.4690E+00,-3.6987E-01, 2.5037E+00,-5.0293E-01, 4.7949E+00,-3.1738E-01, 6.1975E+00
"Z                                                                                                                     "
  20960.260, -51039.730, 2.8564E-01, 4.4214E+00,-3.6865E-01, 2.5061E+00,-5.3589E-01, 4.6948E+00,-3.1250E-01, 6.2000E+00
"P                                                                                                                     "
  20989.960, -51010.030, 2.3071E-01, 4.3616E+00,-3.6865E-01, 2.5061E+00,-4.1138E-01, 4.9390E+00,-3.1738E-01, 6.2000E+00
"Z                                                                                                                     "
  21055.180, -50944.810, 2.4170E-01, 4.3726E+00,-3.6987E-01, 2.5061E+00,-3.4912E-01, 4.7461E+00,-3.1616E-01, 6.2000E+00
"P                                                                                                                     "
  21104.140, -50895.850, 2.6123E-01, 4.3933E+00,-3.6987E-01, 2.5061E+00,-9.3262E-01, 4.3054E+00,-3.1616E-01, 6.2000E+00
"B2                                                                                                                    "
  21108.640, -50891.350, 2.6489E-01, 4.3933E+00,-3.6865E-01, 2.5061E+00,-8.1421E-01, 4.4043E+00,-3.1250E-01, 6.2000E+00
"P                                                                                                                     "
  21151.810, -50848.180, 2.4780E-01, 4.3762E+00,-3.7109E-01, 2.5061E+00,-7.2998E-01, 4.4934E+00,-3.1250E-01, 6.2000E+00
"Z                                                                                                                     "
  21246.610, -50753.380, 2.1240E-01, 4.3420E+00,-3.6865E-01, 2.5061E+00, 3.5645E-01, 5.5115E+00,-3.1372E-01, 6.2000E+00
"P                                                                                                                     "
  21321.100, -50678.890, 1.7334E-01, 4.2957E+00,-3.6865E-01, 2.5049E+00,-5.2612E-01, 4.7192E+00,-3.1372E-01, 6.1975E+00
"Z                                                                                                                     "
  21426.460, -50573.530, 1.7578E-01, 4.3005E+00,-3.6987E-01, 2.5037E+00,-5.4077E-01, 4.6924E+00,-3.1738E-01, 6.1963E+00
"P                                                                                                                     "
  21495.490, -50504.500, 2.9175E-01, 4.4128E+00,-3.7476E-01, 2.5037E+00,-5.3467E-01, 4.6997E+00,-3.1738E-01, 6.1975E+00
"Z                                                                                                                     "
  21557.890, -50442.100, 3.0884E-01, 4.4263E+00,-3.7109E-01, 2.5049E+00,-5.3223E-01, 4.6899E+00,-3.1738E-01, 6.1987E+00
"P                                                                                                                     "
  21697.060, -50302.930, 2.8320E-01, 4.4080E+00,-3.6987E-01, 2.5061E+00,-4.9072E-01, 4.8010E+00,-3.1494E-01, 6.2000E+00
"Z                                                                                                                     "
  21715.570, -50284.420, 2.6001E-01, 4.3884E+00,-3.6987E-01, 2.5061E+00,-4.6753E-01, 4.7351E+00,-3.1494E-01, 6.2012E+00
"P                                                                                                                     "
  21789.670, -50210.320, 2.9297E-01, 4.4153E+00,-3.6865E-01, 2.5061E+00,-3.3813E-01, 4.9011E+00,-3.1372E-01, 6.2000E+00
"Z                                                                                                                     "
  21794.650, -50205.340, 2.8809E-01, 4.4116E+00,-3.6499E-01, 2.5061E+00,-5.3101E-01, 4.7083E+00,-3.1494E-01, 6.2000E+00
"P                                                                                                                     "
  21814.450, -50185.540, 2.4170E-01, 4.3701E+00,-3.6743E-01, 2.5061E+00, 3.1738E-01, 5.1416E+00,-3.1616E-01, 6.2000E+00
"C                                                                                                                     "
  21835.300, -50164.690, 2.3560E-01, 4.3677E+00,-3.6865E-01, 2.5061E+00,-1.7090E-01, 5.0586E+00,-3.1372E-01, 6.2000E+00
"D                                                                                                                     "
  21860.650, -50139.340, 2.3926E-01, 4.3628E+00,-3.7109E-01, 2.5061E+00,-3.4790E-01, 4.8718E+00,-3.1494E-01, 6.2000E+00
"B                                                                                                                     "
  21862.660, -50137.330, 2.4902E-01, 4.3726E+00,-3.6865E-01, 2.5061E+00,-4.2480E-01, 4.8474E+00,-3.1372E-01, 6.2000E+00
"FB                                                                                                                    "
  21862.660, -50137.330, 2.4902E-01, 4.3726E+00,-3.6865E-01, 2.5061E+00,-4.2480E-01, 4.8474E+00,-3.1372E-01, 6.2000E+00
"F2                                                                                                                    "
  21867.310, -50132.680, 2.6245E-01, 4.3799E+00,-3.6865E-01, 2.5061E+00,-6.8970E-01, 4.5264E+00,-3.1372E-01, 6.2000E+00
"B                                                                                                                     "
  21871.240, -50128.750, 2.6245E-01, 4.3860E+00,-3.6865E-01, 2.5061E+00, 3.5400E-01, 5.3528E+00,-3.1738E-01, 6.2000E+00
"C                                                                                                                     "
  21873.010, -50126.980, 2.5635E-01, 4.3860E+00,-3.6743E-01, 2.5061E+00,-1.9653E-01, 5.1501E+00,-3.1372E-01, 6.2000E+00
"D                                                                                                                     "
  21885.250, -50114.740, 2.6001E-01, 4.3799E+00,-3.6743E-01, 2.5061E+00,-3.1860E-01, 4.9097E+00,-3.1494E-01, 6.2000E+00
"C                                                                                                                     "
  21887.860, -50112.130, 2.4902E-01, 4.3823E+00,-3.6743E-01, 2.5061E+00,-1.3184E-01, 5.1013E+00,-3.1372E-01, 6.2000E+00
"D                                                                                                                     "
  21901.000, -50098.990, 2.4902E-01, 4.3774E+00,-3.6743E-01, 2.5061E+00,-5.7129E-01, 4.6619E+00,-3.1616E-01, 6.1987E+00
"C                                                                                                                     "
  21904.300, -50095.690, 2.4780E-01, 4.3665E+00,-3.6621E-01, 2.5061E+00,-7.6904E-02, 5.1465E+00,-3.1738E-01, 6.2000E+00
"D                                                                                                                     "
  21931.270, -50068.720, 3.8696E-01, 4.5203E+00,-3.6865E-01, 2.5061E+00,-2.0752E-01, 5.0244E+00,-3.1372E-01, 6.1987E+00
"C                                                                                                                     "
  21934.780, -50065.210, 3.8086E-01, 4.5056E+00,-3.6621E-01, 2.5061E+00, 9.1553E-02, 5.3186E+00,-3.1372E-01, 6.1987E+00
"D                                                                                                                     "
  21950.890, -50049.100, 3.6255E-01, 4.4849E+00,-3.6743E-01, 2.5061E+00,-2.1729E-01, 4.9280E+00,-3.1616E-01, 6.1987E+00
"F2                                                                                                                    "
  21953.260, -50046.730, 3.6865E-01, 4.4922E+00,-3.6621E-01, 2.5061E+00,-3.6499E-01, 4.9451E+00,-3.1494E-01, 6.2000E+00
"C                                                                                                                     "
  21962.740, -50037.250, 3.6377E-01, 4.4873E+00,-3.6743E-01, 2.5061E+00, 3.2959E-01, 5.5408E+00,-3.1372E-01, 6.1987E+00
"D                                                                                                                     "
  22024.660, -49975.330, 3.2227E-01, 4.4434E+00,-3.6987E-01, 2.5061E+00, 4.3823E-01, 5.6628E+00,-3.1372E-01, 6.1975E+00
"F2                                                                                                                    "
  22027.660, -49972.330, 3.1250E-01, 4.4324E+00,-3.6987E-01, 2.5061E+00, 3.7598E-01, 5.6519E+00,-3.1738E-01, 6.1975E+00
"C                                                                                                                     "
  22035.070, -49964.920, 2.8809E-01, 4.4055E+00,-3.6865E-01, 2.5061E+00, 4.9683E-01, 5.6995E+00,-3.1738E-01, 6.1975E+00
"D                                                                                                                     "
  22112.590, -49887.400, 2.4292E-01, 4.3665E+00,-3.7109E-01, 2.5049E+00, 6.3354E-01, 5.8398E+00,-3.1738E-01, 6.1975E+00
"C                                                                                                                     "
  22134.850, -49865.140, 2.3804E-01, 4.3591E+00,-3.6987E-01, 2.5049E+00, 5.7129E-01, 5.7434E+00,-3.1738E-01, 6.1963E+00
"D                                                                                                                     "
  22140.490, -49859.500, 2.2095E-01, 4.3420E+00,-3.7109E-01, 2.5049E+00, 6.5918E-01, 5.8716E+00,-3.1738E-01, 6.1975E+00
"C                                                                                                                     "
  22144.780, -49855.210, 2.2217E-01, 4.3445E+00,-3.6865E-01, 2.5049E+00, 6.4453E-01, 5.8630E+00,-3.1860E-01, 6.1963E+00
"D                                                                                                                     "
  22238.080, -49761.910, 8.5083E-01, 5.2832E+00,-3.6987E-01, 2.5049E+00, 2.4048E-01, 5.4578E+00,-3.1860E-01, 6.1975E+00
"F2                                                                                                                    "
  22240.240, -49759.750, 2.8442E-01, 4.4177E+00,-3.7109E-01, 2.5049E+00, 2.2827E-01, 5.4590E+00,-3.1860E-01, 6.1975E+00
"B                                                                                                                     "
  22250.140, -49749.850, 3.2715E-01, 4.4495E+00,-3.6865E-01, 2.5049E+00, 5.1636E-01, 5.7312E+00,-3.1738E-01, 6.1975E+00
"G                                                                                                                     "
  22609.030, -49390.960, 3.4058E-01, 4.4666E+00,-3.6865E-01, 2.5073E+00, 5.0171E-01, 5.7751E+00,-3.1372E-01, 6.2000E+00
"F2                                                                                                                    "
  22610.620, -49389.370, 3.6621E-01, 4.4824E+00,-3.6499E-01, 2.5073E+00, 3.4180E-01, 5.5359E+00,-3.1372E-01, 6.2000E+00
"G                                                                                                                     "
  22971.310, -49028.680, 1.1597E-01, 4.2407E+00,-3.6987E-01, 2.5049E+00, 6.7261E-01, 5.9253E+00,-3.1616E-01, 6.1987E+00
"C                                                                                                                     "
  22972.300, -49027.690, 4.1821E+00, 8.1946E+00,-3.6865E-01, 2.5049E+00, 5.8594E-01, 5.7996E+00,-3.1372E-01, 6.1987E+00
"CG                                                                                                                    "
  23258.710, -48741.280,-5.9082E-01, 3.5486E+00,-3.6987E-01, 2.5073E+00, 7.9590E-01, 6.0144E+00,-3.1494E-01, 6.2012E+00
"DG                                                                                                                    "
  23306.590, -48693.400,-5.9326E-01, 3.5437E+00,-3.6499E-01, 2.5073E+00, 9.2896E-01, 6.1401E+00,-3.1372E-01, 6.2012E+00
"C                                                                                                                     "
  23309.140, -48690.850,-6.0303E-01, 3.5425E+00,-3.6865E-01, 2.5073E+00, 5.5054E-01, 5.8472E+00,-3.1616E-01, 6.2012E+00
"F2                                                                                                                    "
  23311.630, -48688.360,-5.9570E-01, 3.5437E+00,-3.6865E-01, 2.5073E+00, 4.6997E-01, 5.6433E+00,-3.1494E-01, 6.2012E+00
"FB                                                                                                                    "
  23318.260, -48681.730,-6.0059E-01, 3.5413E+00,-3.6865E-01, 2.5073E+00, 3.7720E-01, 5.5945E+00,-3.1372E-01, 6.2012E+00
"G                                                                                                                     "
  23516.830, -48483.160,-6.0181E-01, 3.5425E+00,-3.6499E-01, 2.5061E+00, 6.2744E-01, 5.8704E+00,-3.1494E-01, 6.1987E+00
"CG                                                                                                                    "
  24609.820, -47390.170,-6.1157E-01, 3.5339E+00,-3.7109E-01, 2.5061E+00, 7.9346E-01, 6.0107E+00,-3.1616E-01, 6.1987E+00
"F2                                                                                                                    "
  24613.000, -47386.990,-5.9814E-01, 3.5352E+00,-3.6865E-01, 2.5061E+00, 1.0278E+00, 6.2683E+00,-3.1494E-01, 6.1987E+00
"CG                                                                                                                    "
  24618.520, -47381.470,-6.0181E-01, 3.5339E+00,-3.6987E-01, 2.5061E+00, 3.0029E-01, 5.5359E+00,-3.1616E-01, 6.1987E+00
"Z                                                                                                                     "
  28588.170, -43411.820, 1.7700E+00, 5.8704E+00,-3.6499E-01, 2.5110E+00, 7.3242E-03, 5.0354E+00,-3.1006E-01, 6.2024E+00
"P                                                                                                                     "
  28621.560, -43378.430, 1.3025E+00, 5.4053E+00,-3.6377E-01, 2.5098E+00,-5.3345E-01, 4.6960E+00,-3.1128E-01, 6.2024E+00
"Z                                                                                                                     "
  28703.400, -43296.590, 1.2268E+00, 5.3442E+00,-3.6865E-01, 2.5098E+00,-4.1992E-01, 4.7363E+00,-3.1128E-01, 6.2024E+00
"P                                                                                                                     "
  28752.270, -43247.720, 1.0559E+00, 5.1685E+00,-3.6499E-01, 2.5098E+00,-5.9570E-01, 4.6436E+00,-3.1250E-01, 6.2012E+00
"B2                                                                                                                    "
  28756.350, -43243.640, 1.0425E+00, 5.1624E+00,-3.6377E-01, 2.5098E+00,-5.0537E-01, 4.7168E+00,-3.1250E-01, 6.2012E+00
"P                                                                                                                     "
  28786.920, -43213.070, 1.3916E-01, 4.2749E+00,-3.6499E-01, 2.5098E+00,-6.0303E-01, 4.5251E+00,-3.1250E-01, 6.2012E+00
"Z                                                                                                                     "
  28837.590, -43162.400, 1.7822E-01, 4.3005E+00,-3.6621E-01, 2.5098E+00,-4.9927E-01, 4.7205E+00,-3.1250E-01, 6.2012E+00
"P                                                                                                                     "
  28876.890, -43123.100, 2.2461E-01, 4.3555E+00,-3.6499E-01, 2.5098E+00,-4.5166E-01, 4.7266E+00,-3.1372E-01, 6.2000E+00
"D                                                                                                                     "
  28910.610, -43089.380, 2.5757E-01, 4.3787E+00,-3.6377E-01, 2.5098E+00,-3.9307E-01, 4.8157E+00,-3.1250E-01, 6.2000E+00
"F2                                                                                                                    "
  28916.580, -43083.410, 2.5269E-01, 4.3762E+00,-3.6499E-01, 2.5098E+00,-7.5928E-01, 4.4482E+00,-3.1128E-01, 6.2000E+00
"B                                                                                                                     "
  28926.540, -43073.450, 2.4902E-01, 4.3787E+00,-3.6621E-01, 2.5085E+00,-3.6621E-01, 4.8730E+00,-3.1494E-01, 6.2000E+00
"C                                                                                                                     "
  28927.890, -43072.100, 2.5146E-01, 4.3762E+00,-3.6743E-01, 2.5085E+00,-1.8677E-01, 5.0378E+00,-3.1494E-01, 6.2000E+00
"D                                                                                                                     "
  28934.310, -43065.680, 2.3682E-01, 4.3701E+00,-3.6865E-01, 2.5085E+00,-2.0874E-01, 5.0195E+00,-3.1494E-01, 6.2000E+00
"B                                                                                                                     "
  28936.830, -43063.160, 2.3804E-01, 4.3677E+00,-3.6743E-01, 2.5085E+00,-2.4414E-02, 5.1990E+00,-3.1494E-01, 6.2000E+00
"C                                                                                                                     "
  28939.170, -43060.820, 2.3560E-01, 4.3591E+00,-3.6865E-01, 2.5085E+00,-1.4648E-02, 5.2002E+00,-3.1494E-01, 6.2000E+00
"D                                                                                                                     "
  28953.600, -43046.390, 2.2949E-01, 4.3481E+00,-3.6743E-01, 2.5085E+00,-9.0332E-02, 5.0952E+00,-3.1250E-01, 6.2000E+00
"c                                                                                                                     "
  28956.570, -43043.420, 2.1851E-01, 4.3469E+00,-3.6499E-01, 2.5085E+00,-2.0752E-02, 5.1917E+00,-3.1494E-01, 6.1987E+00
"D                                                                                                                     "
  28963.740, -43036.250, 2.2949E-01, 4.3481E+00,-3.6621E-01, 2.5085E+00,-1.1597E-01, 5.1208E+00,-3.1616E-01, 6.1987E+00
"B                                                                                                                     "
  28965.690, -43034.300, 2.1851E-01, 4.3481E+00,-3.6621E-01, 2.5085E+00,-2.8076E-02, 5.2148E+00,-3.1616E-01, 6.2000E+00
"D                                                                                                                     "
  28991.310, -43008.680, 1.9653E-01, 4.3164E+00,-3.6987E-01, 2.5085E+00, 2.4414E-02, 5.2563E+00,-3.1616E-01, 6.2000E+00
"F2                                                                                                                    "
  28994.850, -43005.140, 1.8188E-01, 4.3030E+00,-3.6865E-01, 2.5085E+00,-2.3315E-01, 5.0977E+00,-3.1494E-01, 6.1987E+00
"B                                                                                                                     "
  29003.220, -42996.770, 1.0022E+00, 5.0806E+00,-3.6743E-01, 2.5073E+00, 4.7607E-02, 5.3027E+00,-3.1494E-01, 6.2000E+00
"C                                                                                                                     "
  29007.780, -42992.210, 1.6235E-01, 4.2932E+00,-3.6743E-01, 2.5085E+00, 4.0283E-01, 5.6238E+00,-3.1616E-01, 6.1987E+00
"D                                                                                                                     "
  29076.720, -42923.270, 1.8555E-01, 4.3042E+00,-3.6621E-01, 2.5073E+00, 3.6743E-01, 5.5884E+00,-3.1860E-01, 6.1987E+00
"F2                                                                                                                    "
  29079.540, -42920.450, 1.7944E-01, 4.3018E+00,-3.6743E-01, 2.5085E+00, 2.1729E-01, 5.4626E+00,-3.1616E-01, 6.1987E+00
"CG                                                                                                                    "
  29207.700, -42792.290, 1.4648E-01, 4.2676E+00,-3.6743E-01, 2.5073E+00, 7.0679E-01, 5.9180E+00,-3.1616E-01, 6.1975E+00
"G                                                                                                                     "
  30020.730, -41979.260, 1.4417E+00, 5.5640E+00,-3.6377E-01, 2.5098E+00, 3.0762E-01, 5.5396E+00,-3.1616E-01, 6.2000E+00
"CG                                                                                                                    "
  30261.450, -41738.540, 1.4233E+00, 5.5408E+00,-3.6499E-01, 2.5073E+00, 5.3101E-01, 5.7556E+00,-3.1738E-01, 6.1975E+00
"F2                                                                                                                    "
  30263.700, -41736.290, 1.4441E+00, 5.5371E+00,-3.6865E-01, 2.5073E+00, 2.9053E-01, 5.5115E+00,-3.1494E-01, 6.1963E+00
"D                                                                                                                     "
  31101.510, -40898.480,-2.4170E-01, 3.8831E+00,-3.6255E-01, 2.5110E+00, 8.5327E-01, 6.0510E+00,-3.1006E-01, 6.2036E+00
"F2                                                                                                                    "
  31106.520, -40893.470,-2.4780E-01, 3.8831E+00,-3.6621E-01, 2.5110E+00, 4.3579E-01, 5.6677E+00,-3.1250E-01, 6.2024E+00
"B                                                                                                                     "
  31109.250, -40890.740,-2.5635E-01, 3.8843E+00,-3.6499E-01, 2.5110E+00, 8.4717E-01, 6.0681E+00,-3.1128E-01, 6.2024E+00
"C                                                                                                                     "
  31116.360, -40883.630,-2.4292E-01, 3.8916E+00,-3.6377E-01, 2.5110E+00, 8.3008E-01, 6.0376E+00,-3.1128E-01, 6.2024E+00
"D                                                                                                                     "
  31373.610, -40626.380,-2.4414E-01, 3.8940E+00,-3.6499E-01, 2.5098E+00, 8.1299E-01, 6.0291E+00,-3.1494E-01, 6.2000E+00
"C                                                                                                                     "
  31376.220, -40623.770,-2.4048E-01, 3.8904E+00,-3.6621E-01, 2.5098E+00, 6.1035E-01, 5.8325E+00,-3.1494E-01, 6.2000E+00
"D                                                                                                                     "
  32352.840, -39647.150,-1.9897E-01, 3.9319E+00,-3.6255E-01, 2.5122E+00, 8.9600E-01, 6.1072E+00,-3.1006E-01, 6.2036E+00
"C                                                                                                                     "
  32358.960, -39641.030,-2.0752E-01, 3.9319E+00,-3.6133E-01, 2.5134E+00, 3.8330E-01, 5.6213E+00,-3.0884E-01, 6.2048E+00
"F2                                                                                                                    "
  32364.000, -39635.990,-2.0264E-01, 3.9233E+00,-3.6133E-01, 2.5134E+00, 3.1494E-01, 5.5396E+00,-3.0884E-01, 6.2048E+00
"B                                                                                                                     "
  32372.700, -39627.290,-1.9897E-01, 3.9233E+00,-3.6377E-01, 2.5134E+00, 3.3691E-01, 5.4224E+00,-3.0762E-01, 6.2048E+00
"DG                                                                                                                    "
  32418.090, -39581.900,-2.1240E-01, 3.9294E+00,-3.6255E-01, 2.5134E+00, 8.6792E-01, 6.0779E+00,-3.1128E-01, 6.2048E+00
"CG                                                                                                                    "
  32421.450, -39578.540,-2.0386E-01, 3.9294E+00,-3.6011E-01, 2.5134E+00, 8.3740E-01, 6.0559E+00,-3.1006E-01, 6.2048E+00
"DG                                                                                                                    "
  32443.110, -39556.880,-2.1240E-01, 3.9307E+00,-3.6133E-01, 2.5134E+00, 8.8135E-01, 6.1035E+00,-3.0762E-01, 6.2048E+00
"CG                                                                                                                    "
  32445.840, -39554.150,-2.1362E-01, 3.9355E+00,-3.6255E-01, 2.5134E+00, 8.0444E-01, 6.0474E+00,-3.1128E-01, 6.2048E+00
"DG                                                                                                                    "
  32525.430, -39474.560,-2.1851E-01, 3.9172E+00,-3.6133E-01, 2.5134E+00, 3.1372E-01, 5.6738E+00,-3.0884E-01, 6.2048E+00
"CG                                                                                                                    "
  32530.890, -39469.100,-2.1362E-01, 3.9160E+00,-3.6377E-01, 2.5122E+00, 9.4849E-01, 6.1584E+00,-3.0640E-01, 6.2073E+00
"DG                                                                                                                    "
  32714.010, -39285.980,-2.1729E-01, 3.9148E+00,-3.6011E-01, 2.5122E+00, 9.5703E-01, 6.1670E+00,-3.0884E-01, 6.2048E+00
"G                                                                                                                     "
  34979.010, -37020.980,-3.0029E-01, 3.8354E+00,-3.6499E-01, 2.5122E+00,-4.6997E-01, 4.7632E+00,-3.1372E-01, 6.2000E+00
"Z                                                                                                                     "
  36000.090, -35999.900, 1.3306E+00, 5.4468E+00,-3.6743E-01, 2.5085E+00,-5.3955E-01, 4.6887E+00,-3.1982E-01, 6.1963E+00
