"NP                                                                                                                    "
     84.200, -71915.790,-5.5908E-01, 3.5791E+00, 6.7139E-02, 2.9407E+00, 7.3242E-02, 5.3064E+00, 5.2490E-02, 6.5674E+00
"P                                                                                                                     "
     97.700, -71902.290,-5.4443E-01, 3.6499E+00, 4.8828E-03, 2.8882E+00, 7.4463E-02, 5.3064E+00, 5.2490E-02, 6.5674E+00
"Z                                                                                                                     "
    270.450, -71729.540, 6.7261E-01, 4.7949E+00,-2.5635E-01, 2.6282E+00,-4.8828E-01, 4.7437E+00, 1.0254E+00, 7.5232E+00
"P                                                                                                                     "
    354.100, -71645.890,-5.5176E-01, 3.6353E+00, 1.1218E+00, 3.9771E+00,-4.8828E-01, 4.7437E+00,-2.9541E-01, 6.2219E+00
"Z                                                                                                                     "
    372.750, -71627.240,-4.8828E-01, 3.6536E+00, 1.1877E+00, 4.0381E+00,-4.9072E-01, 4.7424E+00, 7.9590E-01, 7.3047E+00
"P                                                                                                                     "
    390.150, -71609.840,-7.2266E-01, 3.4302E+00, 1.0522E+00, 3.8989E+00,-4.8584E-01, 4.7437E+00, 7.5806E-01, 7.2583E+00
"P                                                                                                                     "
    390.100, -71609.890,-7.0190E-01, 3.4412E+00, 1.0229E+00, 3.9026E+00,-4.8706E-01, 4.7437E+00, 7.4585E-01, 7.2534E+00
"C                                                                                                                     "
    403.800, -71596.190,-1.9653E-01, 3.9343E+00, 1.5259E+00, 4.4031E+00,-4.9072E-01, 4.7424E+00, 6.6162E-01, 7.1558E+00
"D                                                                                                                     "
    472.700, -71527.290, 3.4058E-01, 4.8987E+00, 1.2524E+00, 4.0942E+00,-4.9194E-01, 4.7424E+00, 1.0364E+00, 7.5391E+00
"F2                                                                                                                    "
    475.000, -71524.990, 1.7212E-01, 4.2883E+00, 1.3599E+00, 4.2090E+00,-4.8462E-01, 4.7449E+00, 9.3262E-01, 7.4329E+00
"B                                                                                                                     "
    481.750, -71518.240, 3.6987E-01, 4.3750E+00, 1.6382E+00, 4.4946E+00,-4.9194E-01, 4.7412E+00, 1.0278E+00, 7.5281E+00
"d                                                                                                                     "
    554.850, -71445.140, 3.1616E-01, 4.4641E+00, 1.3257E+00, 4.1699E+00,-4.3213E-01, 4.8059E+00, 1.3513E+00, 7.8516E+00
"B                                                                                                                     "
    559.550, -71440.440, 3.7598E-01, 4.6155E+00, 1.2390E+00, 4.0881E+00,-4.6143E-01, 4.7705E+00, 1.3660E+00, 7.8638E+00
"D                                                                                                                     "
    576.200, -71423.790, 3.5034E-01, 4.5337E+00, 1.2415E+00, 4.0857E+00,-4.8096E-01, 4.7498E+00, 1.0583E+00, 7.5525E+00
"P                                                                                                                     "
    577.300, -71422.690, 6.1035E-03, 4.2017E+00, 1.2561E+00, 4.1040E+00,-4.8462E-01, 4.7473E+00, 1.0864E+00, 7.6123E+00
"Z                                                                                                                     "
   3146.550, -68853.440,-3.8452E-01, 3.6707E+00,-3.3325E-01, 2.5525E+00,-4.5410E-01, 4.7949E+00,-3.0640E-01, 6.2122E+00
"P                                                                                                                     "
   3163.700, -68836.290,-1.7078E+00, 2.4585E+00,-3.3447E-01, 2.5513E+00,-4.8218E-01, 4.7498E+00,-3.0884E-01, 6.2109E+00
"B2                                                                                                                    "
   3166.300, -68833.690,-1.5552E+00, 2.6123E+00,-3.2959E-01, 2.5525E+00,-3.8696E-01, 4.8413E+00,-3.0762E-01, 6.2109E+00
"P                                                                                                                     "
   3182.600, -68817.390,-1.3879E+00, 2.7661E+00,-3.3325E-01, 2.5525E+00,-4.7852E-01, 4.7510E+00,-3.1006E-01, 6.2097E+00
"B2                                                                                                                    "
   3187.050, -68812.940,-1.3672E+00, 2.8027E+00,-3.3447E-01, 2.5525E+00,-4.7729E-01, 4.7546E+00,-3.0884E-01, 6.2097E+00
"P                                                                                                                     "
   3203.950, -68796.040,-1.2500E+00, 2.9126E+00,-3.3081E-01, 2.5525E+00,-4.9194E-01, 4.7644E+00,-3.0884E-01, 6.2097E+00
"B2                                                                                                                    "
   3209.050, -68790.940,-1.2598E+00, 2.8979E+00,-3.3081E-01, 2.5525E+00,-4.2603E-01, 4.8059E+00,-3.0884E-01, 6.2085E+00
"P                                                                                                                     "
   3238.900, -68761.090,-6.1035E-01, 3.4399E+00,-3.3325E-01, 2.5513E+00,-4.7852E-01, 4.7546E+00,-3.0640E-01, 6.2097E+00
"C                                                                                                                     "
   3246.850, -68753.140,-7.3608E-01, 3.4119E+00,-3.3325E-01, 2.5513E+00,-4.7729E-01, 4.7522E+00,-3.1006E-01, 6.2085E+00
"D                                                                                                                     "
   3259.450, -68740.540,-7.5439E-01, 3.4021E+00,-3.3081E-01, 2.5513E+00,-4.8096E-01, 4.7534E+00,-3.0884E-01, 6.2085E+00
"B                                                                                                                     "
   3263.850, -68736.140,-6.5796E-01, 3.5046E+00,-3.3325E-01, 2.5513E+00,-4.7852E-01, 4.7534E+00,-3.0640E-01, 6.2097E+00
"D                                                                                                                     "
   3274.450, -68725.540,-5.2734E-01, 3.6108E+00,-3.3081E-01, 2.5513E+00,-3.6743E-01, 4.8511E+00,-3.0762E-01, 6.2085E+00
"B2                                                                                                                    "
   3277.450, -68722.540,-4.7363E-01, 3.6694E+00,-3.3447E-01, 2.5513E+00,-4.4434E-01, 4.7644E+00,-3.0884E-01, 6.2085E+00
"B                                                                                                                     "
   3283.200, -68716.790, 3.2715E-01, 4.3286E+00,-3.3203E-01, 2.5513E+00,-4.7974E-01, 4.7485E+00,-3.0884E-01, 6.2085E+00
"C                                                                                                                     "
   3284.500, -68715.490,-3.5645E-01, 3.7903E+00,-3.3203E-01, 2.5513E+00,-2.2827E-01, 4.9902E+00,-3.0762E-01, 6.2085E+00
"D                                                                                                                     "
   3286.500, -68713.490,-4.4678E-01, 3.7000E+00,-3.3325E-01, 2.5513E+00,-1.0559E+00, 4.1956E+00,-3.1006E-01, 6.2085E+00
"C                                                                                                                     "
   3289.400, -68710.590,-6.0425E-01, 3.5339E+00,-3.3081E-01, 2.5513E+00,-1.0913E+00, 4.1638E+00,-3.0884E-01, 6.2085E+00
"B                                                                                                                     "
   3291.850, -68708.140,-9.0332E-01, 3.2471E+00,-3.3325E-01, 2.5513E+00,-1.6028E+00, 3.6597E+00,-3.1006E-01, 6.2085E+00
"F2                                                                                                                    "
   3294.150, -68705.840,-8.3618E-01, 3.3044E+00,-3.3325E-01, 2.5513E+00,-1.7480E+00, 3.4985E+00,-3.0762E-01, 6.2085E+00
"B                                                                                                                     "
   3301.500, -68698.490,-4.2725E-02, 3.8965E+00,-3.3203E-01, 2.5513E+00,-1.9214E+00, 3.3350E+00,-3.1006E-01, 6.2085E+00
"C                                                                                                                     "
   3302.700, -68697.290,-5.4810E-01, 3.7891E+00,-3.3203E-01, 2.5513E+00,-1.7944E+00, 3.4546E+00,-3.1006E-01, 6.2085E+00
"D                                                                                                                     "
   3319.650, -68680.340,-7.5439E-01, 3.4656E+00,-3.3325E-01, 2.5513E+00,-5.4688E-01, 4.6777E+00,-3.1006E-01, 6.2085E+00
"F2                                                                                                                    "
   3322.200, -68677.790,-6.2988E-01, 3.4998E+00,-3.3081E-01, 2.5513E+00,-8.2886E-01, 4.3982E+00,-3.0640E-01, 6.2073E+00
"B                                                                                                                     "
   3324.300, -68675.690, 7.3608E-01, 4.7144E+00,-3.3081E-01, 2.5513E+00,-7.2144E-01, 4.5129E+00,-3.1006E-01, 6.2073E+00
"C                                                                                                                     "
   3326.600, -68673.390, 4.6997E-01, 4.6423E+00,-3.3447E-01, 2.5513E+00,-7.7148E-01, 4.3958E+00,-3.0884E-01, 6.2085E+00
"D                                                                                                                     "
   3370.900, -68629.090,-1.7822E-01, 3.9514E+00,-3.3325E-01, 2.5513E+00,-7.4219E-01, 4.4849E+00,-3.0884E-01, 6.2085E+00
"C                                                                                                                     "
   3372.350, -68627.640,-4.8584E-01, 3.6548E+00,-3.3325E-01, 2.5513E+00,-7.1655E-01, 4.5154E+00,-3.0762E-01, 6.2085E+00
"D                                                                                                                     "
   3455.750, -68544.240,-6.5918E-02, 4.0613E+00,-3.3447E-01, 2.5513E+00,-2.5757E-01, 4.9695E+00,-3.0884E-01, 6.2073E+00
"C                                                                                                                     "
   3456.950, -68543.040,-1.8921E-01, 3.9380E+00,-3.3447E-01, 2.5513E+00,-2.9907E-01, 4.9329E+00,-3.1006E-01, 6.2073E+00
"D                                                                                                                     "
   3463.450, -68536.540,-2.9297E-02, 4.1040E+00,-3.3203E-01, 2.5513E+00,-2.3804E-01, 4.9280E+00,-3.1006E-01, 6.2085E+00
"P                                                                                                                     "
   3464.950, -68535.040,-5.5664E-01, 3.6292E+00,-3.3081E-01, 2.5513E+00,-2.1118E-01, 5.0159E+00,-3.0762E-01, 6.2085E+00
"Z                                                                                                                     "
  11512.050, -60487.940,-1.1877E+00, 2.9578E+00, 8.0322E-01, 3.6609E+00,-3.8208E-01, 4.8486E+00,-3.0396E-01, 6.2134E+00
"P                                                                                                                     "
  11540.700, -60459.290,-2.6245E+00, 1.5833E+00, 6.6284E-01, 3.5425E+00,-3.8086E-01, 4.8499E+00,-3.0396E-01, 6.2134E+00
"B2                                                                                                                    "
  11546.150, -60453.840,-2.4548E+00, 1.7493E+00, 7.4951E-01, 3.5791E+00,-3.7842E-01, 4.8511E+00,-3.0396E-01, 6.2134E+00
"P                                                                                                                     "
  11572.650, -60427.340,-5.2246E-01, 3.5962E+00, 7.8979E-01, 3.6255E+00,-3.8086E-01, 4.8511E+00,-3.0396E-01, 6.2134E+00
"Z                                                                                                                     "
  11605.650, -60394.340,-1.5637E+00, 2.9712E+00, 7.8613E-01, 3.6401E+00,-3.7842E-01, 4.8523E+00,-3.0518E-01, 6.2134E+00
"P                                                                                                                     "
  11637.100, -60362.890,-2.3145E+00, 1.8860E+00, 8.2153E-01, 3.6877E+00,-3.7476E-01, 4.8523E+00,-3.0396E-01, 6.2122E+00
"B2                                                                                                                    "
  11640.300, -60359.690,-2.2888E+00, 1.8933E+00, 6.8726E-01, 3.5400E+00,-3.7476E-01, 4.8535E+00,-3.0640E-01, 6.2134E+00
"P                                                                                                                     "
  11698.150, -60301.840,-6.1279E-01, 3.5168E+00, 7.6172E-01, 3.6182E+00,-3.7231E-01, 4.8523E+00,-3.0518E-01, 6.2122E+00
"Z                                                                                                                     "
  11801.900, -60198.090,-5.7617E-01, 3.5681E+00, 7.5928E-01, 3.6145E+00,-3.7720E-01, 4.8535E+00,-3.0518E-01, 6.2134E+00
"P                                                                                                                     "
  11837.450, -60162.540,-1.2781E+00, 2.8833E+00, 5.8838E-01, 3.4924E+00,-3.7720E-01, 4.8535E+00,-3.0396E-01, 6.2134E+00
"B2                                                                                                                    "
  11842.300, -60157.690,-1.4050E+00, 2.7747E+00, 9.3506E-01, 3.7207E+00,-3.7720E-01, 4.8535E+00,-3.0273E-01, 6.2122E+00
"P                                                                                                                     "
  11847.450, -60152.540,-6.7383E-01, 3.4595E+00, 7.2754E-01, 3.6377E+00,-3.7598E-01, 4.8547E+00,-3.0518E-01, 6.2122E+00
"Z                                                                                                                     "
  11883.650, -60116.340,-8.2642E-01, 3.3032E+00, 7.7637E-01, 3.6108E+00,-3.7476E-01, 4.8547E+00,-3.0518E-01, 6.2122E+00
"P                                                                                                                     "
  11909.750, -60090.240,-1.7212E+00, 2.4609E+00, 7.6050E-01, 3.5645E+00,-3.7720E-01, 4.8547E+00,-3.0518E-01, 6.2122E+00
"C                                                                                                                     "
  11912.810, -60087.180,-6.0547E-01, 3.4033E+00, 7.4097E-01, 3.6023E+00,-3.7964E-01, 4.8547E+00,-3.0640E-01, 6.2122E+00
"D                                                                                                                     "
  11923.160, -60076.830,-8.7524E-01, 3.1653E+00, 5.5542E-01, 3.4436E+00,-3.7476E-01, 4.8560E+00,-3.0518E-01, 6.2122E+00
"C                                                                                                                     "
  11924.180, -60075.810,-9.9487E-01, 3.1030E+00, 8.1665E-01, 3.6560E+00,-3.7720E-01, 4.8547E+00,-3.0884E-01, 6.2122E+00
"D                                                                                                                     "
  11942.120, -60057.870,-9.9854E-01, 3.1702E+00, 7.9590E-01, 3.6548E+00,-3.6743E-01, 4.8547E+00,-3.0273E-01, 6.2122E+00
"F2                                                                                                                    "
  11943.350, -60056.640,-1.5540E+00, 2.6196E+00, 7.8857E-01, 3.6218E+00,-3.7109E-01, 4.8547E+00,-3.0396E-01, 6.2122E+00
"B                                                                                                                     "
  11958.290, -60041.700,-1.0742E+00, 3.0676E+00, 7.5928E-01, 3.6072E+00,-3.7476E-01, 4.8560E+00,-3.0762E-01, 6.2122E+00
"D                                                                                                                     "
  11966.570, -60033.420,-1.2415E+00, 2.9102E+00, 7.6660E-01, 3.6218E+00,-3.7598E-01, 4.8584E+00,-3.0640E-01, 6.2122E+00
"B                                                                                                                     "
  11969.250, -60030.740,-6.3843E-01, 3.3936E+00, 7.7393E-01, 3.5730E+00,-3.6865E-01, 4.8560E+00,-3.0151E-01, 6.2122E+00
"C                                                                                                                     "
  11971.970, -60028.020,-1.1389E+00, 3.0054E+00, 7.5317E-01, 3.6108E+00,-3.6743E-01, 4.8572E+00,-3.0518E-01, 6.2122E+00
"D                                                                                                                     "
  11985.010, -60014.980,-1.3147E+00, 2.9333E+00, 6.6406E-01, 3.5449E+00,-3.7354E-01, 4.8560E+00,-3.0396E-01, 6.2122E+00
"B                                                                                                                     "
  11987.050, -60012.940,-8.1909E-01, 3.3240E+00, 7.9346E-01, 3.6511E+00,-3.7598E-01, 4.8572E+00,-3.0518E-01, 6.2122E+00
"D                                                                                                                     "
  11994.090, -60005.900,-1.0632E+00, 3.0859E+00, 8.0933E-01, 3.6523E+00,-3.7354E-01, 4.8572E+00,-3.0640E-01, 6.2122E+00
"C                                                                                                                     "
  11996.410, -60003.580,-1.0779E+00, 3.0298E+00, 7.7881E-01, 3.6292E+00,-3.7231E-01, 4.8560E+00,-3.0273E-01, 6.2122E+00
"D                                                                                                                     "
  12000.930, -59999.060,-1.0010E+00, 3.2776E+00, 7.0313E-01, 3.5315E+00,-3.7231E-01, 4.8572E+00,-3.0518E-01, 6.2122E+00
"C                                                                                                                     "
  12001.610, -59998.380,-1.1047E+00, 3.0798E+00, 7.6660E-01, 3.6206E+00,-3.7231E-01, 4.8560E+00,-3.0518E-01, 6.2122E+00
"B                                                                                                                     "
  12002.890, -59997.100,-1.1633E+00, 3.0054E+00, 7.8247E-01, 3.6365E+00,-3.7720E-01, 4.8560E+00,-3.0640E-01, 6.2122E+00
"D                                                                                                                     "
  12015.450, -59984.540,-1.0645E+00, 3.0933E+00, 7.5928E-01, 3.5364E+00,-3.6987E-01, 4.8560E+00,-3.0273E-01, 6.2122E+00
"B                                                                                                                     "
  12017.410, -59982.580,-9.7656E-01, 3.1677E+00, 7.4829E-01, 3.6011E+00,-3.7476E-01, 4.8572E+00,-3.0396E-01, 6.2122E+00
"D                                                                                                                     "
  12036.810, -59963.180,-9.4971E-01, 3.2202E+00, 6.4209E-01, 3.5229E+00,-3.7598E-01, 4.8560E+00,-3.0518E-01, 6.2122E+00
"B                                                                                                                     "
  12037.970, -59962.020,-5.2979E-01, 3.4314E+00, 7.4219E-01, 3.5950E+00,-3.7476E-01, 4.8560E+00,-3.0640E-01, 6.2122E+00
"C                                                                                                                     "
  12040.370, -59959.620,-3.2471E-01, 3.9099E+00, 7.5684E-01, 3.6157E+00,-3.7476E-01, 4.8560E+00,-3.0518E-01, 6.2122E+00
"D                                                                                                                     "
  12046.690, -59953.300,-9.1309E-01, 3.4155E+00, 6.0791E-01, 3.5095E+00,-3.7598E-01, 4.8584E+00,-3.0396E-01, 6.2122E+00
"C                                                                                                                     "
  12048.690, -59951.300,-8.3984E-01, 3.3057E+00, 7.5195E-01, 3.6096E+00,-3.7354E-01, 4.8584E+00,-3.0640E-01, 6.2122E+00
"D                                                                                                                     "
  12067.770, -59932.220,-9.3506E-01, 3.2532E+00, 6.4697E-01, 3.4546E+00,-3.6987E-01, 4.8572E+00,-3.0518E-01, 6.2122E+00
"C                                                                                                                     "
  12069.530, -59930.460,-5.9326E-01, 3.7561E+00, 7.5684E-01, 3.5498E+00,-3.7231E-01, 4.8584E+00,-3.0396E-01, 6.2122E+00
"D                                                                                                                     "
  12103.970, -59896.020,-7.3853E-01, 3.4155E+00, 7.4951E-01, 3.5974E+00,-3.7231E-01, 4.8584E+00,-2.9175E-01, 6.2280E+00
"C                                                                                                                     "
  12105.330, -59894.660,-7.5928E-01, 3.4290E+00, 7.3120E-01, 3.5852E+00,-3.7109E-01, 4.8596E+00,-2.9541E-01, 6.2231E+00
"D                                                                                                                     "
  12119.890, -59880.100,-6.4575E-01, 3.4644E+00, 7.0679E-01, 3.5571E+00,-3.6865E-01, 4.8596E+00,-3.0151E-01, 6.2134E+00
"B                                                                                                                     "
  12121.370, -59878.620,-1.0461E+00, 3.1311E+00, 6.7871E-01, 3.5413E+00,-3.6987E-01, 4.8596E+00,-3.0273E-01, 6.2122E+00
"D                                                                                                                     "
  12132.250, -59867.740,-1.9531E-02, 4.1199E+00, 7.1655E-01, 3.5437E+00,-3.6865E-01, 4.8596E+00,-3.0151E-01, 6.2134E+00
"C                                                                                                                     "
  12134.450, -59865.540,-8.5083E-01, 3.2617E+00, 6.1401E-01, 3.4216E+00,-3.6865E-01, 4.8584E+00,-2.7344E-01, 6.2366E+00
"D                                                                                                                     "
  12164.890, -59835.100,-6.2866E-01, 3.5107E+00, 7.0313E-01, 3.5571E+00,-3.7231E-01, 4.8584E+00,-3.0273E-01, 6.2122E+00
"C                                                                                                                     "
  12168.690, -59831.300,-6.7627E-01, 3.4741E+00, 7.0679E-01, 3.5583E+00,-3.6743E-01, 4.8608E+00,-3.0762E-01, 6.2122E+00
"D                                                                                                                     "
  12207.690, -59792.300,-2.1729E-01, 3.9026E+00,-3.2227E-01, 2.5623E+00,-3.6865E-01, 4.8584E+00,-3.0273E-01, 6.2134E+00
"C                                                                                                                     "
  12212.610, -59787.380,-2.6489E-01, 3.8733E+00,-3.2837E-01, 2.5500E+00,-3.7231E-01, 4.8584E+00,-3.7842E-02, 6.4819E+00
"D                                                                                                                     "
  12218.770, -59781.220,-6.7749E-01, 3.6316E+00,-3.2593E-01, 2.5562E+00,-3.7231E-01, 4.8584E+00,-1.7456E-01, 6.3477E+00
"P                                                                                                                     "
  12265.130, -59734.860,-1.3623E+00, 2.8040E+00,-3.1372E-01, 2.5574E+00,-3.7476E-01, 4.8608E+00,-2.8687E-01, 6.2317E+00
"B2                                                                                                                    "
  12268.770, -59731.220,-1.4063E+00, 2.7661E+00,-3.2349E-01, 2.5610E+00,-3.6865E-01, 4.8596E+00, 3.9063E-02, 6.4966E+00
"P                                                                                                                     "
  12285.330, -59714.660,-1.3843E+00, 2.7698E+00,-3.2593E-01, 2.5500E+00,-3.6743E-01, 4.8596E+00, 4.7363E-01, 6.9788E+00
"G                                                                                                                     "
  13294.330, -58705.660,-3.6865E-01, 3.6829E+00,-3.2715E-01, 2.5476E+00,-4.7607E-01, 4.7522E+00,-3.0396E-01, 6.2109E+00
"P                                                                                                                     "
  13358.770, -58641.220,-1.0193E+00, 3.1494E+00,-3.2837E-01, 2.5476E+00,-4.7607E-01, 4.7510E+00,-3.0396E-01, 6.2109E+00
"B2                                                                                                                    "
  13362.850, -58637.140,-1.1401E+00, 2.9993E+00,-3.2837E-01, 2.5476E+00,-4.8096E-01, 4.7510E+00,-3.0884E-01, 6.2097E+00
"P                                                                                                                     "
  13396.090, -58603.900,-1.1047E+00, 3.0664E+00,-3.3081E-01, 2.5476E+00,-4.7974E-01, 4.7522E+00,-3.1006E-01, 6.2097E+00
"P                                                                                                                     "
  13429.410, -58570.580,-4.9683E-01, 3.6182E+00,-3.3081E-01, 2.5476E+00,-4.4312E-01, 4.7888E+00,-3.0518E-01, 6.2097E+00
"Z                                                                                                                     "
  13444.210, -58555.780,-9.4238E-01, 3.3618E+00,-3.2715E-01, 2.5476E+00,-4.4189E-01, 4.7876E+00,-3.0640E-01, 6.2109E+00
"P                                                                                                                     "
  13496.130, -58503.860,-1.8408E+00, 2.3511E+00,-3.2959E-01, 2.5476E+00,-4.4434E-01, 4.7876E+00,-3.0640E-01, 6.2109E+00
"B2                                                                                                                    "
  13499.010, -58500.980,-1.8030E+00, 2.3669E+00,-3.2837E-01, 2.5464E+00,-4.3945E-01, 4.7913E+00,-3.0640E-01, 6.2097E+00
"P                                                                                                                     "
  13603.610, -58396.380,-1.7957E+00, 2.3889E+00,-3.2959E-01, 2.5488E+00,-4.4312E-01, 4.7852E+00,-3.0640E-01, 6.2097E+00
"G                                                                                                                     "
  13619.010, -58380.980,-1.7896E+00, 2.3914E+00,-3.2837E-01, 2.5476E+00,-4.4556E-01, 4.7864E+00,-3.1006E-01, 6.2097E+00
"P                                                                                                                     "
  13643.650, -58356.340,-1.8213E+00, 2.3596E+00,-3.2959E-01, 2.5476E+00,-4.4312E-01, 4.7876E+00,-3.0884E-01, 6.2085E+00
"G                                                                                                                     "
  14070.850, -57929.140,-5.2246E-01, 3.6365E+00, 9.4238E-01, 3.7854E+00,-4.2847E-01, 4.8010E+00,-3.0396E-01, 6.2085E+00
"Z                                                                                                                     "
  15881.370, -56118.620,-8.4717E-01, 3.2947E+00,-3.3081E-01, 2.5439E+00,-3.8818E-01, 4.8401E+00,-3.0884E-01, 6.2073E+00
"P                                                                                                                     "
  15910.170, -56089.820,-1.0449E+00, 3.1079E+00,-3.3081E-01, 2.5439E+00,-3.9185E-01, 4.8401E+00,-3.1006E-01, 6.2085E+00
"G                                                                                                                     "
  15958.010, -56041.980,-6.5918E-01, 3.4912E+00,-3.3081E-01, 2.5439E+00,-3.9185E-01, 4.8401E+00,-3.0762E-01, 6.2073E+00
"Z                                                                                                                     "
  17961.170, -54038.820,-7.2510E-01, 3.4741E+00,-3.3203E-01, 2.5415E+00,-4.1016E-01, 4.8181E+00,-3.1128E-01, 6.2061E+00
"B                                                                                                                     "
  17972.530, -54027.460,-2.0166E+00, 2.1606E+00,-3.3691E-01, 2.5415E+00,-4.1748E-01, 4.8169E+00,-3.1250E-01, 6.2061E+00
"C                                                                                                                     "
  17977.850, -54022.140,-1.7090E+00, 2.7783E+00,-3.3325E-01, 2.5415E+00,-4.1138E-01, 4.8181E+00,-3.0884E-01, 6.2061E+00
"D                                                                                                                     "
  17999.090, -54000.900,-1.3049E+00, 2.8796E+00,-3.3447E-01, 2.5415E+00,-4.1138E-01, 4.8169E+00,-3.0884E-01, 6.2061E+00
"F2                                                                                                                    "
  18002.570, -53997.420,-1.0706E+00, 3.0176E+00,-3.3447E-01, 2.5403E+00,-4.1504E-01, 4.8181E+00,-3.1250E-01, 6.2061E+00
"B                                                                                                                     "
  18013.170, -53986.820,-1.3037E+00, 2.7747E+00,-3.3203E-01, 2.5415E+00,-4.1138E-01, 4.8169E+00,-3.1372E-01, 6.2061E+00
"D                                                                                                                     "
  18028.490, -53971.500,-1.3733E+00, 2.7966E+00,-3.3203E-01, 2.5403E+00,-4.1016E-01, 4.8193E+00,-3.1006E-01, 6.2061E+00
"C                                                                                                                     "
  18033.450, -53966.540,-1.2549E+00, 2.9028E+00,-3.3569E-01, 2.5415E+00,-4.1382E-01, 4.8181E+00,-3.1128E-01, 6.2061E+00
"D                                                                                                                     "
  18114.050, -53885.940,-1.2585E+00, 2.8833E+00,-3.3569E-01, 2.5415E+00,-4.0894E-01, 4.8218E+00,-3.0884E-01, 6.2073E+00
"F2                                                                                                                    "
  18116.010, -53883.980,-1.4685E+00, 2.7173E+00,-3.3569E-01, 2.5403E+00,-4.1382E-01, 4.8206E+00,-3.1128E-01, 6.2073E+00
"B                                                                                                                     "
  18130.010, -53869.980,-1.3110E+00, 2.8406E+00,-3.2837E-01, 2.5415E+00,-4.0894E-01, 4.8218E+00,-3.1006E-01, 6.2061E+00
"D                                                                                                                     "
  18467.770, -53532.220,-7.3120E-01, 3.4106E+00,-3.3569E-01, 2.5403E+00,-4.1260E-01, 4.8181E+00,-3.1372E-01, 6.2036E+00
"P                                                                                                                     "
  18476.050, -53523.940,-9.9365E-01, 3.1116E+00,-3.3569E-01, 2.5391E+00,-4.1260E-01, 4.8181E+00,-3.1128E-01, 6.2036E+00
"Z                                                                                                                     "
  21523.530, -50476.460,-5.8594E-01, 3.5547E+00,-3.3569E-01, 2.5354E+00,-4.9194E-01, 4.7400E+00,-3.1494E-01, 6.2024E+00
"P                                                                                                                     "
  21577.450, -50422.540,-2.1265E+00, 2.0520E+00,-3.3325E-01, 2.5354E+00,-4.9072E-01, 4.7400E+00,-3.1494E-01, 6.2012E+00
"B2                                                                                                                    "
  21580.770, -50419.220,-2.1460E+00, 2.0398E+00,-3.4058E-01, 2.5354E+00,-4.9316E-01, 4.7400E+00,-3.1494E-01, 6.2012E+00
"P                                                                                                                     "
  21622.250, -50377.740,-2.1985E+00, 2.0081E+00,-3.4180E-01, 2.5354E+00,-4.9561E-01, 4.7400E+00,-3.1738E-01, 6.2012E+00
"G                                                                                                                     "
  23324.850, -48675.140,-5.8105E-01, 3.5425E+00,-3.3813E-01, 2.5354E+00,-4.9072E-01, 4.7412E+00,-3.1372E-01, 6.2024E+00
"Z                                                                                                                     "
  23512.810, -48487.180,-5.8350E-01, 3.5596E+00,-3.3569E-01, 2.5354E+00,-4.9072E-01, 4.7400E+00,-3.1372E-01, 6.2036E+00
"G                                                                                                                     "
  23553.490, -48446.500,-6.1279E-01, 3.4937E+00,-3.3936E-01, 2.5366E+00,-4.8950E-01, 4.7400E+00,-3.1494E-01, 6.2024E+00
"Z                                                                                                                     "
  23634.930, -48365.060,-1.3269E+00, 2.9175E+00,-3.3569E-01, 2.5354E+00,-4.9194E-01, 4.7388E+00,-3.1616E-01, 6.2012E+00
"P                                                                                                                     "
  23665.370, -48334.620,-2.4500E+00, 1.7310E+00,-3.3447E-01, 2.5354E+00,-4.9194E-01, 4.7388E+00,-3.1616E-01, 6.2024E+00
"B2                                                                                                                    "
  23668.810, -48331.180,-2.3706E+00, 1.8225E+00,-3.3325E-01, 2.5354E+00,-4.9194E-01, 4.7388E+00,-3.1494E-01, 6.2024E+00
"P                                                                                                                     "
  23704.410, -48295.580,-1.0669E+00, 2.9260E+00,-3.4180E-01, 2.5354E+00,-4.9683E-01, 4.7375E+00,-3.1860E-01, 6.2012E+00
"C                                                                                                                     "
  23712.370, -48287.620,-1.3684E+00, 2.7612E+00,-3.4302E-01, 2.5354E+00,-4.9438E-01, 4.7400E+00,-3.1738E-01, 6.2012E+00
"B                                                                                                                     "
  23714.370, -48285.620,-1.4539E+00, 2.7112E+00,-3.4058E-01, 2.5354E+00,-4.9683E-01, 4.7375E+00,-3.1738E-01, 6.2012E+00
"C                                                                                                                     "
  23716.930, -48283.060,-1.5198E+00, 2.7100E+00,-3.3691E-01, 2.5354E+00,-4.8950E-01, 4.7388E+00,-3.1372E-01, 6.2012E+00
"B                                                                                                                     "
  23717.810, -48282.180,-1.3892E+00, 2.7551E+00,-3.3691E-01, 2.5354E+00,-4.9438E-01, 4.7388E+00,-3.1616E-01, 6.2012E+00
"C                                                                                                                     "
  23718.370, -48281.620,-1.1365E+00, 3.4692E+00,-3.3813E-01, 2.5354E+00,-4.9316E-01, 4.7388E+00,-3.1860E-01, 6.2000E+00
"D                                                                                                                     "
  23719.130, -48280.860,-1.3806E+00, 2.7954E+00,-3.3691E-01, 2.5342E+00,-4.9316E-01, 4.7388E+00,-3.1738E-01, 6.2012E+00
"B                                                                                                                     "
  23721.410, -48278.580,-1.2378E+00, 2.7966E+00,-3.4058E-01, 2.5354E+00,-4.9438E-01, 4.7388E+00,-3.1738E-01, 6.2012E+00
"C                                                                                                                     "
  23729.930, -48270.060,-1.5454E+00, 2.6221E+00,-3.4058E-01, 2.5354E+00,-4.9805E-01, 4.7375E+00,-3.1860E-01, 6.2000E+00
"D                                                                                                                     "
  23740.690, -48259.300,-1.6418E+00, 2.5305E+00,-3.3813E-01, 2.5354E+00,-4.8950E-01, 4.7375E+00,-3.1372E-01, 6.2012E+00
"F2                                                                                                                    "
  23746.730, -48253.260,-1.3660E+00, 2.6990E+00,-3.4424E-01, 2.5354E+00,-4.9438E-01, 4.7388E+00,-3.1738E-01, 6.2000E+00
"C                                                                                                                     "
  23751.730, -48248.260,-1.3794E+00, 2.8320E+00,-3.4180E-01, 2.5342E+00,-4.9561E-01, 4.7375E+00,-3.1738E-01, 6.2012E+00
"D                                                                                                                     "
  23752.570, -48247.420,-1.5112E+00, 2.7246E+00,-3.3813E-01, 2.5342E+00,-4.9194E-01, 4.7375E+00,-3.1494E-01, 6.2012E+00
"F1                                                                                                                    "
  23753.450, -48246.540,-1.5784E+00, 2.6416E+00,-3.4302E-01, 2.5354E+00,-4.9438E-01, 4.7375E+00,-3.1494E-01, 6.2012E+00
"F2                                                                                                                    "
  23754.490, -48245.500,-1.4685E+00, 2.6990E+00,-3.4424E-01, 2.5354E+00,-4.9561E-01, 4.7388E+00,-3.1860E-01, 6.2000E+00
"B                                                                                                                     "
  23756.290, -48243.700,-1.1157E+00, 3.0286E+00,-3.3569E-01, 2.5354E+00,-4.9316E-01, 4.7388E+00,-3.1372E-01, 6.2012E+00
"C                                                                                                                     "
  23761.250, -48238.740,-1.1462E+00, 2.9211E+00,-3.4058E-01, 2.5342E+00,-4.9561E-01, 4.7375E+00,-3.1738E-01, 6.2012E+00
"DG                                                                                                                    "
  23828.770, -48171.220,-1.1731E+00, 2.9883E+00,-3.4424E-01, 2.5342E+00,-4.9683E-01, 4.7363E+00,-3.1860E-01, 6.2000E+00
"C                                                                                                                     "
  23830.810, -48169.180,-7.3242E-01, 3.4082E+00,-3.3936E-01, 2.5342E+00,-4.9438E-01, 4.7375E+00,-3.1616E-01, 6.2000E+00
"DG                                                                                                                    "
  23846.290, -48153.700,-1.0742E+00, 3.0823E+00,-3.4302E-01, 2.5342E+00,-4.9561E-01, 4.7375E+00,-3.1982E-01, 6.2000E+00
"C                                                                                                                     "
  23848.090, -48151.900,-1.0400E+00, 3.1091E+00,-3.4180E-01, 2.5342E+00,-4.9438E-01, 4.7375E+00,-3.1860E-01, 6.2012E+00
"DG                                                                                                                    "
  23879.530, -48120.460,-9.4116E-01, 3.1567E+00,-3.4180E-01, 2.5354E+00,-4.9561E-01, 4.7375E+00,-3.1494E-01, 6.2000E+00
"F2                                                                                                                    "
  23882.850, -48117.140,-1.0352E+00, 3.0457E+00,-3.4180E-01, 2.5342E+00,-4.9561E-01, 4.7363E+00,-3.1616E-01, 6.2000E+00
"B                                                                                                                     "
  23887.050, -48112.940,-9.8511E-01, 3.2043E+00,-3.3936E-01, 2.5342E+00,-4.9438E-01, 4.7375E+00,-3.1494E-01, 6.2000E+00
"C                                                                                                                     "
  23888.210, -48111.780,-9.5825E-01, 3.1921E+00,-3.4058E-01, 2.5342E+00,-4.9927E-01, 4.7363E+00,-3.1982E-01, 6.2000E+00
"DG                                                                                                                    "
  23963.210, -48036.780,-6.2134E-01, 3.6206E+00,-3.4424E-01, 2.5342E+00,-4.9316E-01, 4.7375E+00,-3.1860E-01, 6.1987E+00
"B                                                                                                                     "
  23963.970, -48036.020,-6.6528E-01, 3.5083E+00,-3.4058E-01, 2.5342E+00,-4.9316E-01, 4.7375E+00,-3.1616E-01, 6.2000E+00
"F2                                                                                                                    "
  23966.450, -48033.540,-7.5195E-01, 3.3569E+00,-3.4058E-01, 2.5342E+00,-4.9683E-01, 4.7363E+00,-3.1860E-01, 6.1987E+00
"G                                                                                                                     "
  24033.650, -47966.340,-1.0962E+00, 3.0481E+00,-3.4302E-01, 2.5342E+00,-4.9683E-01, 4.7375E+00,-3.1982E-01, 6.2000E+00
"C                                                                                                                     "
  24041.170, -47958.820,-1.0461E+00, 3.1128E+00,-3.3936E-01, 2.5342E+00,-4.9316E-01, 4.7375E+00,-3.1616E-01, 6.2012E+00
"D                                                                                                                     "
  24048.690, -47951.300,-9.3994E-01, 3.2104E+00,-3.3691E-01, 2.5342E+00,-4.9072E-01, 4.7375E+00,-3.1372E-01, 6.2000E+00
"C                                                                                                                     "
  24050.850, -47949.140,-9.2896E-01, 3.2251E+00,-3.4180E-01, 2.5342E+00,-4.9683E-01, 4.7375E+00,-3.1738E-01, 6.2000E+00
"B                                                                                                                     "
  24059.370, -47940.620, 9.0820E-01, 4.8059E+00,-3.4058E-01, 2.5342E+00,-4.9438E-01, 4.7375E+00,-3.1494E-01, 6.2000E+00
"C                                                                                                                     "
  24061.290, -47938.700,-7.3975E-01, 3.4058E+00,-3.4058E-01, 2.5342E+00,-4.9561E-01, 4.7375E+00,-3.1860E-01, 6.2000E+00
"DG                                                                                                                    "
  24119.730, -47880.260,-6.8115E-01, 3.4973E+00,-3.4058E-01, 2.5342E+00,-4.9683E-01, 4.7375E+00,-3.1982E-01, 6.2000E+00
"CG                                                                                                                    "
  24123.370, -47876.620,-6.9336E-01, 3.4875E+00,-3.4058E-01, 2.5342E+00,-4.9561E-01, 4.7375E+00,-3.1616E-01, 6.2000E+00
"DG                                                                                                                    "
  24193.650, -47806.340,-5.7007E-01, 3.5669E+00,-3.4180E-01, 2.5342E+00,-4.9561E-01, 4.7375E+00,-3.1616E-01, 6.2000E+00
"CG                                                                                                                    "
  24195.650, -47804.340,-2.8076E-01, 3.8586E+00,-3.4302E-01, 2.5342E+00,-4.9438E-01, 4.7375E+00,-3.1494E-01, 6.2012E+00
"G                                                                                                                     "
  24915.810, -47084.180,-6.8604E-01, 3.4680E+00,-3.4180E-01, 2.5342E+00,-4.9438E-01, 4.7388E+00,-3.1738E-01, 6.2012E+00
"C                                                                                                                     "
  24918.010, -47081.980,-3.4180E-01, 3.8025E+00,-3.3691E-01, 2.5354E+00,-4.9316E-01, 4.7375E+00,-3.1372E-01, 6.2012E+00
"D                                                                                                                     "
  24930.250, -47069.740,-3.9551E-01, 3.6584E+00,-3.4058E-01, 2.5342E+00,-4.9438E-01, 4.7388E+00,-3.1860E-01, 6.2012E+00
"C                                                                                                                     "
  24933.170, -47066.820,-5.2368E-01, 3.6169E+00,-3.3569E-01, 2.5342E+00,-4.9316E-01, 4.7388E+00,-3.1250E-01, 6.2012E+00
"DG                                                                                                                    "
  24960.450, -47039.540,-5.4932E-01, 3.6523E+00,-3.3569E-01, 2.5342E+00,-4.9316E-01, 4.7375E+00,-3.1372E-01, 6.2000E+00
"CG                                                                                                                    "
  24967.690, -47032.300,-6.0547E-01, 3.5498E+00,-3.4180E-01, 2.5342E+00,-4.9561E-01, 4.7375E+00,-3.1616E-01, 6.2000E+00
"CG                                                                                                                    "
  24985.170, -47014.820,-5.1880E-01, 3.6279E+00,-2.9175E-01, 2.5818E+00,-4.9316E-01, 4.7375E+00,-3.1982E-01, 6.2000E+00
"C                                                                                                                     "
  24988.570, -47011.420,-6.1523E-01, 3.5315E+00,-2.9297E-01, 2.5842E+00,-4.9561E-01, 4.7375E+00,-3.1738E-01, 6.2012E+00
"DG                                                                                                                    "
  25036.770, -46963.220,-4.2725E-01, 3.8025E+00,-3.4180E-01, 2.5354E+00,-4.9438E-01, 4.7375E+00,-3.1738E-01, 6.2000E+00
"B                                                                                                                     "
  25040.570, -46959.420,-1.5381E-01, 3.6621E+00,-3.4424E-01, 2.5342E+00,-4.9683E-01, 4.7375E+00,-3.1738E-01, 6.2000E+00
"DG                                                                                                                    "
  25053.970, -46946.020,-1.6846E-01, 3.9600E+00,-3.3936E-01, 2.5342E+00,-4.9438E-01, 4.7363E+00,-3.1372E-01, 6.2012E+00
"G                                                                                                                     "
  25735.890, -46264.100,-5.5054E-01, 3.5559E+00,-3.3813E-01, 2.5354E+00,-4.8706E-01, 4.7400E+00,-3.1372E-01, 6.2024E+00
"C                                                                                                                     "
  25741.050, -46258.940,-4.7729E-01, 3.6438E+00,-3.4180E-01, 2.5354E+00,-4.9683E-01, 4.7388E+00,-3.1494E-01, 6.2012E+00
"DG                                                                                                                    "
  25780.930, -46219.060,-5.5542E-01, 3.5974E+00,-3.4302E-01, 2.5354E+00,-4.9438E-01, 4.7400E+00,-3.1616E-01, 6.2012E+00
"F2                                                                                                                    "
  25783.370, -46216.620,-3.5645E-01, 3.7744E+00,-3.4180E-01, 2.5354E+00,-4.9438E-01, 4.7388E+00,-3.1494E-01, 6.2000E+00
"B                                                                                                                     "
  25792.210, -46207.780,-6.5063E-01, 3.4937E+00,-3.4058E-01, 2.5354E+00,-4.9438E-01, 4.7400E+00,-3.1372E-01, 6.2024E+00
"C                                                                                                                     "
  25798.410, -46201.580,-5.9204E-01, 3.5681E+00,-3.3936E-01, 2.5354E+00,-4.9194E-01, 4.7400E+00,-3.1616E-01, 6.2012E+00
"G                                                                                                                     "
  25815.930, -46184.060,-2.0630E-01, 3.9270E+00,-3.3813E-01, 2.5354E+00,-4.8828E-01, 4.7400E+00,-3.1250E-01, 6.2012E+00
"C                                                                                                                     "
  25817.370, -46182.620,-6.1768E-01, 3.5254E+00,-3.3936E-01, 2.5354E+00,-4.8950E-01, 4.7400E+00,-3.1006E-01, 6.2024E+00
"B                                                                                                                     "
  25822.850, -46177.140,-4.1016E-01, 3.7183E+00,-3.3936E-01, 2.5354E+00,-4.9561E-01, 4.7388E+00,-3.1738E-01, 6.2024E+00
"C                                                                                                                     "
  25823.890, -46176.100,-2.3926E-01, 3.8843E+00,-3.3813E-01, 2.5354E+00,-4.9072E-01, 4.7400E+00,-3.1616E-01, 6.2012E+00
"DG                                                                                                                    "
  25844.570, -46155.420,-3.0273E-01, 3.8330E+00,-3.3325E-01, 2.5354E+00,-4.9194E-01, 4.7388E+00,-3.1372E-01, 6.2012E+00
"C                                                                                                                     "
  27544.370, -44455.620,-4.4312E-01, 3.7744E+00,-3.3691E-01, 2.5354E+00,-4.8950E-01, 4.7388E+00,-3.1494E-01, 6.2012E+00
"B                                                                                                                     "
  27549.610, -44450.380,-5.4077E-01, 3.6060E+00,-3.4180E-01, 2.5354E+00,-4.8950E-01, 4.7388E+00,-3.1494E-01, 6.2024E+00
"D                                                                                                                     "
  27551.570, -44448.420,-4.2847E-01, 3.7012E+00,-3.3691E-01, 2.5354E+00,-4.9316E-01, 4.7388E+00,-3.1616E-01, 6.2012E+00
"B                                                                                                                     "
  27555.130, -44444.860,-5.8838E-01, 3.5596E+00,-3.4180E-01, 2.5354E+00,-4.9438E-01, 4.7388E+00,-3.1616E-01, 6.2024E+00
"C                                                                                                                     "
  27564.850, -44435.140,-7.3853E-01, 3.3850E+00,-3.3813E-01, 2.5354E+00,-4.9072E-01, 4.7388E+00,-3.1616E-01, 6.2000E+00
"D                                                                                                                     "
  27583.050, -44416.940,-2.3682E-01, 3.8904E+00,-3.3813E-01, 2.5354E+00,-4.9072E-01, 4.7388E+00,-3.1494E-01, 6.2012E+00
"B                                                                                                                     "
  27584.530, -44415.460,-7.3608E-01, 3.4326E+00,-3.3936E-01, 2.5354E+00,-4.9561E-01, 4.7388E+00,-3.1616E-01, 6.2012E+00
"F2                                                                                                                    "
  27587.250, -44412.740,-5.1392E-01, 3.6414E+00,-3.4058E-01, 2.5354E+00,-4.9316E-01, 4.7388E+00,-3.1372E-01, 6.2012E+00
"B                                                                                                                     "
  27590.090, -44409.900,-1.6968E-01, 3.9673E+00,-3.4058E-01, 2.5354E+00,-4.9316E-01, 4.7388E+00,-3.1494E-01, 6.2012E+00
"C                                                                                                                     "
  27594.370, -44405.620,-1.7822E-01, 3.9917E+00,-3.4180E-01, 2.5354E+00,-4.9438E-01, 4.7388E+00,-3.1738E-01, 6.2012E+00
"D                                                                                                                     "
  27616.490, -44383.500,-5.5664E-01, 3.5718E+00,-3.3569E-01, 2.5342E+00,-4.9194E-01, 4.7388E+00,-3.1372E-01, 6.2012E+00
"DG                                                                                                                    "
  27662.050, -44337.940,-4.0039E-01, 3.7512E+00,-3.3936E-01, 2.5342E+00,-4.8950E-01, 4.7375E+00,-3.1616E-01, 6.2000E+00
"G                                                                                                                     "
  30646.850, -41353.140,-3.7720E-01, 3.7671E+00,-3.4424E-01, 2.5354E+00,-4.9316E-01, 4.7375E+00,-3.1616E-01, 6.2000E+00
"B                                                                                                                     "
  30648.770, -41351.220,-5.8350E-01, 3.5681E+00,-3.4180E-01, 2.5354E+00,-4.9683E-01, 4.7375E+00,-3.1616E-01, 6.2000E+00
"C                                                                                                                     "
  30655.130, -41344.860, 9.5337E-01, 5.4578E+00,-3.3691E-01, 2.5354E+00,-4.9072E-01, 4.7375E+00,-3.1372E-01, 6.2012E+00
"B                                                                                                                     "
  30657.210, -41342.780, 1.0168E+00, 4.5764E+00,-3.3936E-01, 2.5354E+00,-4.9316E-01, 4.7375E+00,-3.1738E-01, 6.2000E+00
"C                                                                                                                     "
  30665.770, -41334.220,-6.3232E-01, 3.5815E+00,-3.3813E-01, 2.5354E+00,-4.9072E-01, 4.7375E+00,-3.1494E-01, 6.2000E+00
"G                                                                                                                     "
  30746.530, -41253.460,-5.5298E-01, 3.5498E+00,-3.3936E-01, 2.5354E+00,-4.9316E-01, 4.7363E+00,-3.1494E-01, 6.2000E+00
"C                                                                                                                     "
  30754.650, -41245.340,-1.6479E-01, 3.9465E+00,-3.4180E-01, 2.5342E+00,-4.9683E-01, 4.7375E+00,-3.1860E-01, 6.1987E+00
"D                                                                                                                     "
  30757.890, -41242.100,-4.1748E-01, 3.7292E+00,-3.3691E-01, 2.5354E+00,-4.9561E-01, 4.7363E+00,-3.1860E-01, 6.1987E+00
"B                                                                                                                     "
  30759.970, -41240.020, 7.8125E-02, 4.0417E+00,-3.3936E-01, 2.5354E+00,-4.9561E-01, 4.7375E+00,-3.1982E-01, 6.2000E+00
"C                                                                                                                     "
  30775.810, -41224.180,-2.4658E-01, 3.8855E+00,-3.3936E-01, 2.5354E+00,-4.9438E-01, 4.7363E+00,-3.1860E-01, 6.2000E+00
"B                                                                                                                     "
  30778.210, -41221.780,-4.2603E-01, 3.7598E+00,-3.4058E-01, 2.5354E+00,-4.9316E-01, 4.7363E+00,-3.1616E-01, 6.2000E+00
"C                                                                                                                     "
  30781.850, -41218.140, 1.0864E-01, 4.4800E+00,-3.4058E-01, 2.5342E+00,-4.9561E-01, 4.7375E+00,-3.2104E-01, 6.1987E+00
"B                                                                                                                     "
  30784.250, -41215.740,-3.5400E-01, 3.8550E+00,-3.3691E-01, 2.5354E+00,-4.9194E-01, 4.7375E+00,-3.1250E-01, 6.2000E+00
"C                                                                                                                     "
  30786.330, -41213.660,-8.1787E-02, 4.0527E+00,-3.4302E-01, 2.5354E+00,-4.9805E-01, 4.7363E+00,-3.1860E-01, 6.2000E+00
"G                                                                                                                     "
  31570.130, -40429.860,-5.1392E-01, 3.5791E+00,-3.4180E-01, 2.5354E+00,-4.9805E-01, 4.7375E+00,-3.1860E-01, 6.2000E+00
"C                                                                                                                     "
  31577.570, -40422.420,-5.0049E-02, 4.4849E+00,-3.3936E-01, 2.5354E+00,-4.9438E-01, 4.7363E+00,-3.1738E-01, 6.1987E+00
"B                                                                                                                     "
  31580.050, -40419.940, 8.7402E-01, 4.5410E+00,-3.4058E-01, 2.5354E+00,-4.9316E-01, 4.7375E+00,-3.1860E-01, 6.1987E+00
"C                                                                                                                     "
  31591.410, -40408.580,-5.5664E-01, 3.5889E+00,-3.3936E-01, 2.5354E+00,-4.8950E-01, 4.7375E+00,-3.1372E-01, 6.2036E+00
"B                                                                                                                     "
  31600.850, -40399.140,-7.5684E-02, 4.0613E+00,-3.3936E-01, 2.5354E+00,-4.9683E-01, 4.7363E+00,-3.1738E-01, 6.1987E+00
"C                                                                                                                     "
  31601.970, -40398.020,-1.4160E-01, 3.9917E+00,-3.4058E-01, 2.5354E+00,-4.9194E-01, 4.7375E+00,-3.1860E-01, 6.2000E+00
"D                                                                                                                     "
  31613.290, -40386.700,-1.3428E-02, 4.1199E+00,-3.4180E-01, 2.5354E+00,-4.9194E-01, 4.7363E+00,-3.1616E-01, 6.2012E+00
"G                                                                                                                     "
  34034.410, -37965.580,-6.0425E-01, 3.5486E+00, 8.0933E-01, 3.6816E+00,-4.9072E-01, 4.7400E+00,-3.1250E-01, 6.2036E+00
"C                                                                                                                     "
  34040.330, -37959.660,-1.7334E-01, 3.9636E+00, 8.5571E-01, 3.6670E+00,-4.8828E-01, 4.7412E+00,-3.1250E-01, 6.2024E+00
"D                                                                                                                     "
  34042.130, -37957.860,-6.2988E-01, 3.5718E+00, 8.4717E-01, 3.6938E+00,-4.8828E-01, 4.7412E+00,-3.1250E-01, 6.2036E+00
"B                                                                                                                     "
  34045.770, -37954.220,-4.4312E-01, 3.7744E+00, 8.1665E-01, 3.7012E+00,-4.8950E-01, 4.7412E+00,-3.1372E-01, 6.2036E+00
"D                                                                                                                     "
  34055.890, -37944.100,-1.4038E-01, 3.9978E+00, 8.4473E-01, 3.6963E+00,-4.9194E-01, 4.7412E+00,-3.1494E-01, 6.2036E+00
"B                                                                                                                     "
  34066.250, -37933.740,-2.7100E-01, 3.8550E+00, 8.5571E-01, 3.7036E+00,-4.9072E-01, 4.7400E+00,-3.1128E-01, 6.2048E+00
"C                                                                                                                     "
  34068.170, -37931.820,-6.6650E-01, 3.4717E+00, 9.0576E-01, 3.7671E+00,-4.9438E-01, 4.7400E+00,-3.1372E-01, 6.2048E+00
"D                                                                                                                     "
  34076.250, -37923.740,-5.8472E-01, 3.5681E+00, 8.1299E-01, 3.6853E+00,-4.9316E-01, 4.7400E+00,-3.1128E-01, 6.2061E+00
"F2                                                                                                                    "
  34078.170, -37921.820,-4.8218E-01, 3.6523E+00, 8.8623E-01, 3.7231E+00,-4.8706E-01, 4.7400E+00,-3.1006E-01, 6.2073E+00
"B                                                                                                                     "
  34083.330, -37916.660,-2.4536E-01, 3.8940E+00, 8.3496E-01, 3.7012E+00,-4.8950E-01, 4.7412E+00,-3.1006E-01, 6.2048E+00
"C                                                                                                                     "
  34084.570, -37915.420,-3.2959E-02, 4.0918E+00, 9.3628E-01, 3.7903E+00,-4.9316E-01, 4.7400E+00,-3.1372E-01, 6.2048E+00
"DG                                                                                                                    "
  34100.730, -37899.260,-5.8716E-01, 3.5535E+00, 9.0454E-01, 3.7537E+00,-4.9072E-01, 4.7400E+00,-3.0884E-01, 6.2061E+00
"G                                                                                                                     "
  35666.290, -36333.700,-6.3477E-01, 3.5034E+00, 7.6294E-01, 3.6389E+00,-4.9438E-01, 4.7400E+00, 8.8989E-01, 7.3938E+00
"B                                                                                                                     "
  35670.930, -36329.060,-5.0781E-01, 3.6206E+00, 8.2764E-01, 3.6755E+00,-4.9194E-01, 4.7388E+00, 8.6670E-01, 7.3682E+00
"C                                                                                                                     "
  35677.930, -36322.060,-5.9937E-01, 3.7048E+00, 8.4717E-01, 3.7280E+00,-4.9194E-01, 4.7400E+00, 1.3440E+00, 7.8516E+00
"B                                                                                                                     "
  35680.970, -36319.020,-3.4058E-01, 3.7927E+00, 7.3242E-01, 3.6145E+00,-4.8706E-01, 4.7388E+00, 1.0522E+00, 7.5500E+00
"C                                                                                                                     "
  35683.610, -36316.380,-1.5625E-01, 3.9941E+00, 8.0566E-01, 3.6694E+00,-4.9561E-01, 4.7388E+00, 1.1890E+00, 7.7173E+00
"B                                                                                                                     "
  35687.050, -36312.940,-4.5044E-01, 3.6841E+00, 7.4707E-01, 3.6206E+00,-4.9194E-01, 4.7388E+00, 1.0364E+00, 7.5354E+00
"C                                                                                                                     "
  35693.410, -36306.580,-1.2695E-01, 4.0137E+00, 8.0444E-01, 3.6572E+00,-4.9194E-01, 4.7388E+00, 1.0913E+00, 7.5916E+00
"D                                                                                                                     "
  35703.050, -36296.940,-6.1401E-01, 3.5278E+00, 8.0933E-01, 3.6670E+00,-4.9683E-01, 4.7388E+00, 9.5703E-01, 7.4707E+00
"B                                                                                                                     "
  35710.770, -36289.220,-3.5645E-01, 3.7683E+00, 8.0444E-01, 3.6597E+00,-4.9438E-01, 4.7375E+00, 9.4482E-01, 7.4695E+00
"D                                                                                                                     "
  35713.530, -36286.460,-6.5552E-01, 3.4839E+00, 8.0933E-01, 3.6597E+00,-4.9316E-01, 4.7388E+00, 8.4351E-01, 7.3425E+00
"B                                                                                                                     "
  35717.130, -36282.860, 9.7656E-01, 4.5093E+00, 7.9468E-01, 3.6426E+00,-4.9438E-01, 4.7388E+00, 9.9854E-01, 7.4988E+00
"C                                                                                                                     "
  35727.970, -36272.020,-4.7485E-01, 3.6304E+00, 8.1299E-01, 3.6621E+00,-5.1880E-01, 4.7168E+00, 1.0938E+00, 7.6086E+00
"B                                                                                                                     "
  35733.290, -36266.700,-2.9541E-01, 3.8391E+00, 8.7280E-01, 3.7097E+00,-4.9561E-01, 4.7375E+00, 1.1243E+00, 7.6257E+00
"D                                                                                                                     "
  35735.530, -36264.460,-5.7983E-01, 3.4937E+00, 7.3975E-01, 3.6169E+00,-4.9194E-01, 4.7388E+00, 1.0645E+00, 7.5659E+00
"Z                                                                                                                     "
  35993.810, -36006.180,-1.0083E+00, 3.1409E+00, 7.0068E-01, 3.5571E+00,-4.9561E-01, 4.7400E+00, 9.1309E-01, 7.4207E+00
