"NP                                                                                                                    "
    182.310, -71817.680, 4.7229E+00, 8.4888E+00, 7.3242E-03, 2.8784E+00, 6.8359E-02, 5.3064E+00, 5.4932E-02, 6.5662E+00
"P                                                                                                                     "
    193.170, -71806.820, 2.8967E+00, 7.3657E+00,-3.2837E-01, 2.5513E+00, 6.8359E-02, 5.3064E+00, 5.3711E-02, 6.5662E+00
"G                                                                                                                     "
    204.270, -71795.720, 4.0979E+00, 8.0298E+00, 1.8811E+00, 4.7107E+00, 6.8359E-02, 5.3064E+00, 5.3711E-02, 6.5674E+00
"P                                                                                                                     "
    219.030, -71780.960, 2.9846E+00, 7.3218E+00, 1.3647E+00, 4.1943E+00, 0.0000E+00, 5.2271E+00, 5.1270E-02, 6.5662E+00
"G                                                                                                                     "
    324.030, -71675.960,-2.1240E-01, 4.8193E+00, 2.1790E+00, 4.9976E+00,-4.8706E-01, 4.7449E+00, 9.2407E-01, 7.4292E+00
"Z                                                                                                                     "
   1852.950, -70147.040, 2.1570E+00, 6.3916E+00,-3.3325E-01, 2.5427E+00,-4.9072E-01, 4.7424E+00, 2.9053E-01, 6.7993E+00
"G                                                                                                                     "
   2199.420, -69800.570,-4.2847E-01, 3.7646E+00,-3.3203E-01, 2.5427E+00,-4.9316E-01, 4.7388E+00,-2.9663E-01, 6.2207E+00
"Z                                                                                                                     "
   5847.840, -66152.150,-5.5298E-01, 3.5962E+00,-3.3325E-01, 2.5415E+00,-4.9072E-01, 4.7388E+00, 7.9224E-01, 7.2937E+00
"P                                                                                                                     "
   5901.120, -66098.870, 4.9072E-01, 5.0146E+00,-3.3569E-01, 2.5427E+00,-4.9194E-01, 4.7400E+00, 9.7778E-01, 7.4780E+00
"Z                                                                                                                     "
   6250.350, -65749.640, 9.0820E-01, 4.2236E+00,-3.2959E-01, 2.5439E+00,-4.8218E-01, 4.7461E+00,-1.9897E-01, 6.3135E+00
"P                                                                                                                     "
   6320.760, -65679.230, 8.6182E-01, 5.3052E+00,-3.3325E-01, 2.5452E+00,-4.8462E-01, 4.7449E+00,-2.0630E-01, 6.3098E+00
"Z                                                                                                                     "
   6546.330, -65453.660,-3.6133E-01, 3.7610E+00,-3.3447E-01, 2.5427E+00,-4.8828E-01, 4.7424E+00,-2.3560E-01, 6.2805E+00
"P                                                                                                                     "
   6578.850, -65421.140, 1.2756E+00, 5.4395E+00,-3.3569E-01, 2.5427E+00,-4.8828E-01, 4.7437E+00,-2.3682E-01, 6.2769E+00
"B2                                                                                                                    "
   6581.220, -65418.770, 1.3074E+00, 5.4468E+00,-3.3569E-01, 2.5427E+00,-4.8706E-01, 4.7424E+00,-2.3926E-01, 6.2769E+00
"P                                                                                                                     "
   6627.450, -65372.540, 1.9775E-01, 5.1099E+00,-3.3325E-01, 2.5415E+00,-4.9316E-01, 4.7424E+00,-2.4292E-01, 6.2732E+00
"Z                                                                                                                     "
   6974.280, -65025.710, 2.5195E+00, 5.5981E+00,-3.3081E-01, 2.5439E+00,-4.8828E-01, 4.7412E+00,-1.7578E-01, 6.3403E+00
"P                                                                                                                     "
   7016.070, -64983.920,-4.5898E-01, 3.7073E+00,-3.2959E-01, 2.5427E+00,-4.8950E-01, 4.7412E+00,-1.6357E-01, 6.3501E+00
"Z                                                                                                                     "
   7036.020, -64963.970, 2.2815E+00, 6.0205E+00,-3.3325E-01, 2.5427E+00,-4.8828E-01, 4.7412E+00,-1.6724E-01, 6.3489E+00
"P                                                                                                                     "
   7066.080, -64933.910,-5.2246E-01, 3.6560E+00,-3.3447E-01, 2.5427E+00,-4.8828E-01, 4.7412E+00,-1.3794E-01, 6.3757E+00
"Z                                                                                                                     "
   7203.660, -64796.330, 1.2317E+00, 4.3591E+00,-3.3813E-01, 2.5415E+00,-4.9438E-01, 4.7400E+00,-2.3315E-01, 6.2830E+00
"P                                                                                                                     "
   7285.320, -64714.670, 1.3440E+00, 5.4688E+00,-3.3325E-01, 2.5415E+00,-4.9316E-01, 4.7375E+00,-2.4902E-01, 6.2671E+00
"Z                                                                                                                     "
   7531.620, -64468.370, 1.5662E+00, 5.3503E+00,-3.3691E-01, 2.5415E+00,-4.9316E-01, 4.7388E+00,-2.5024E-01, 6.2659E+00
"P                                                                                                                     "
   7545.450, -64454.540, 1.3635E+00, 5.3625E+00,-3.3813E-01, 2.5415E+00,-4.9561E-01, 4.7400E+00,-2.4780E-01, 6.2683E+00
"C                                                                                                                     "
   7550.970, -64449.020, 1.1060E+00, 5.2478E+00,-3.3691E-01, 2.5415E+00,-4.8950E-01, 4.7400E+00,-2.4658E-01, 6.2683E+00
"D                                                                                                                     "
   7557.000, -64442.990, 1.3611E+00, 5.4773E+00,-3.3691E-01, 2.5415E+00,-4.9194E-01, 4.7388E+00,-2.4658E-01, 6.2695E+00
"C                                                                                                                     "
   7562.400, -64437.590, 2.6538E+00, 6.5881E+00,-3.3569E-01, 2.5415E+00,-4.9194E-01, 4.7388E+00,-2.4658E-01, 6.2708E+00
"D                                                                                                                     "
   7575.030, -64424.960, 1.5527E+00, 5.6641E+00,-3.3936E-01, 2.5415E+00,-4.9561E-01, 4.7388E+00,-2.4292E-01, 6.2732E+00
"C                                                                                                                     "
   7580.550, -64419.440, 1.5686E+00, 5.7300E+00,-3.3569E-01, 2.5415E+00,-4.5654E-01, 4.7693E+00,-2.3926E-01, 6.2744E+00
"D                                                                                                                     "
   7609.920, -64390.070, 1.5833E+00, 5.7788E+00,-3.3203E-01, 2.5415E+00,-4.8950E-01, 4.7400E+00,-2.4048E-01, 6.2781E+00
"F2                                                                                                                    "
   7611.600, -64388.390, 1.5149E+00, 5.6274E+00,-3.3447E-01, 2.5415E+00,-4.9316E-01, 4.7400E+00,-2.3438E-01, 6.2805E+00
"B                                                                                                                     "
   7614.690, -64385.300, 1.2805E+00, 5.3906E+00,-3.3325E-01, 2.5415E+00,-4.8950E-01, 4.7388E+00,-2.3193E-01, 6.2805E+00
"C                                                                                                                     "
   7615.320, -64384.670, 1.5857E+00, 5.7214E+00,-3.3325E-01, 2.5415E+00,-4.9194E-01, 4.7400E+00,-2.3315E-01, 6.2805E+00
"D                                                                                                                     "
   7656.540, -64343.450, 2.0288E+00, 6.2256E+00,-3.3081E-01, 2.5415E+00,-4.4434E-01, 4.7949E+00,-2.2583E-01, 6.2866E+00
"C                                                                                                                     "
   7657.440, -64342.550, 2.1594E+00, 6.5283E+00,-3.3447E-01, 2.5415E+00,-5.0171E-01, 4.7388E+00,-2.2827E-01, 6.2866E+00
"B                                                                                                                     "
   7659.000, -64340.990, 1.7395E+00, 5.9167E+00,-3.3691E-01, 2.5415E+00,-4.5654E-01, 4.8010E+00,-2.2827E-01, 6.2878E+00
"D                                                                                                                     "
   7662.000, -64337.990, 1.9434E+00, 6.2524E+00,-3.3691E-01, 2.5415E+00,-4.9194E-01, 4.7449E+00,-2.3071E-01, 6.2878E+00
"C                                                                                                                     "
   7664.760, -64335.230, 2.6440E+00, 6.3013E+00,-3.2837E-01, 2.5415E+00,-4.9072E-01, 4.7412E+00,-2.2583E-01, 6.2891E+00
"D                                                                                                                     "
   7699.410, -64300.580, 2.1509E+00, 6.3831E+00,-3.3569E-01, 2.5427E+00,-4.9561E-01, 4.7400E+00,-2.2095E-01, 6.2952E+00
"C                                                                                                                     "
   7703.100, -64296.890, 2.2388E+00, 6.3831E+00,-3.3203E-01, 2.5427E+00,-4.9194E-01, 4.7400E+00,-2.1973E-01, 6.2964E+00
"D                                                                                                                     "
   7758.750, -64241.240, 2.7673E+00, 6.8518E+00,-3.3081E-01, 2.5415E+00,-4.4922E-01, 4.7815E+00,-2.1362E-01, 6.3000E+00
"C                                                                                                                     "
   7761.270, -64238.720, 2.8662E+00, 6.9019E+00,-3.3447E-01, 2.5415E+00,-4.4800E-01, 4.7839E+00,-2.1606E-01, 6.3000E+00
"D                                                                                                                     "
   7785.450, -64214.540, 2.2742E+00, 6.3672E+00,-3.3569E-01, 2.5415E+00,-2.8320E-01, 4.9487E+00,-2.1606E-01, 6.3025E+00
"C                                                                                                                     "
   7789.440, -64210.550, 2.5647E+00, 6.7798E+00,-3.3325E-01, 2.5415E+00,-2.5146E-01, 4.9719E+00,-2.0996E-01, 6.3025E+00
"D                                                                                                                     "
   7827.930, -64172.060, 2.1643E+00, 6.2427E+00,-3.3203E-01, 2.5415E+00,-2.6733E-01, 4.9597E+00,-2.1484E-01, 6.2976E+00
"C                                                                                                                     "
   7833.390, -64166.600, 2.1680E+00, 6.2646E+00,-3.3569E-01, 2.5415E+00,-3.0029E-01, 4.9353E+00,-2.1973E-01, 6.2976E+00
"D                                                                                                                     "
   7856.700, -64143.290, 2.2583E+00, 6.4001E+00,-3.3569E-01, 2.5415E+00,-4.9438E-01, 4.7400E+00,-2.2949E-01, 6.2878E+00
"C                                                                                                                     "
   7859.310, -64140.680, 2.2034E+00, 6.3000E+00,-3.3691E-01, 2.5415E+00,-4.9194E-01, 4.7400E+00,-2.2827E-01, 6.2878E+00
"D                                                                                                                     "
   7890.420, -64109.570, 2.5366E+00, 6.7529E+00,-3.3447E-01, 2.5415E+00,-4.9316E-01, 4.7388E+00,-2.3926E-01, 6.2781E+00
"C                                                                                                                     "
   7894.620, -64105.370, 2.4841E+00, 6.5698E+00,-3.3691E-01, 2.5415E+00,-4.9438E-01, 4.7400E+00,-2.3926E-01, 6.2769E+00
"D                                                                                                                     "
   7908.840, -64091.150, 2.5256E+00, 6.5894E+00,-3.3447E-01, 2.5403E+00,-4.9072E-01, 4.7388E+00,-2.4048E-01, 6.2732E+00
"C                                                                                                                     "
   7910.310, -64089.680, 2.5720E+00, 6.6565E+00,-3.3203E-01, 2.5415E+00,-4.8950E-01, 4.7375E+00,-2.4048E-01, 6.2732E+00
"D                                                                                                                     "
   7970.160, -64029.830, 3.1116E+00, 7.0166E+00,-3.3569E-01, 2.5415E+00,-4.9683E-01, 4.7363E+00,-2.5024E-01, 6.2659E+00
"C                                                                                                                     "
   7972.290, -64027.700, 2.8699E+00, 6.9470E+00,-3.3447E-01, 2.5403E+00,-4.9561E-01, 4.7375E+00,-2.5269E-01, 6.2646E+00
"D                                                                                                                     "
   8067.570, -63932.420, 2.8345E+00, 6.9153E+00,-3.3325E-01, 2.5403E+00,-4.9438E-01, 4.7363E+00,-2.5391E-01, 6.2610E+00
"C                                                                                                                     "
   8069.850, -63930.140, 2.8833E+00, 7.2034E+00,-3.3569E-01, 2.5403E+00,-4.9805E-01, 4.7351E+00,-2.5513E-01, 6.2610E+00
"D                                                                                                                     "
   8188.470, -63811.520, 2.7417E+00, 6.8176E+00,-3.3691E-01, 2.5403E+00,-4.9194E-01, 4.7375E+00,-2.6001E-01, 6.2549E+00
"C                                                                                                                     "
   8191.890, -63808.100, 2.7673E+00, 6.8506E+00,-3.3569E-01, 2.5403E+00,-4.9805E-01, 4.7363E+00,-2.5879E-01, 6.2549E+00
"D                                                                                                                     "
   8337.600, -63662.390, 2.9150E+00, 7.0129E+00,-3.3691E-01, 2.5403E+00,-4.9194E-01, 4.7388E+00,-2.3438E-01, 6.2817E+00
"F2                                                                                                                    "
   8340.030, -63659.960, 2.5061E+00, 6.6223E+00,-3.3813E-01, 2.5403E+00,-4.9561E-01, 4.7375E+00,-2.3560E-01, 6.2817E+00
"F3                                                                                                                    "
   8347.050, -63652.940, 2.8333E+00, 6.9836E+00,-3.3447E-01, 2.5403E+00,-4.9194E-01, 4.7375E+00,-2.3071E-01, 6.2830E+00
"F4                                                                                                                    "
   8349.360, -63650.630, 2.6575E+00, 6.7419E+00,-3.3447E-01, 2.5403E+00,-4.9683E-01, 4.7375E+00,-2.3682E-01, 6.2830E+00
"FB                                                                                                                    "
   8352.480, -63647.510, 2.7258E+00, 6.8140E+00,-3.3691E-01, 2.5415E+00,-4.9683E-01, 4.7375E+00,-2.3315E-01, 6.2842E+00
"C                                                                                                                     "
   8354.640, -63645.350, 2.7332E+00, 6.8286E+00,-3.3569E-01, 2.5403E+00,-4.9438E-01, 4.7388E+00,-2.3438E-01, 6.2842E+00
"D                                                                                                                     "
   8399.730, -63600.260, 2.7649E+00, 6.8591E+00,-3.3813E-01, 2.5403E+00,-4.9561E-01, 4.7375E+00,-2.2461E-01, 6.2915E+00
"DG                                                                                                                    "
   8570.610, -63429.380, 2.9602E+00, 7.0422E+00,-3.3447E-01, 2.5403E+00,-4.8096E-01, 4.7473E+00,-2.1606E-01, 6.3013E+00
"G                                                                                                                     "
   8915.370, -63084.620, 2.4512E+00, 6.5540E+00,-3.3691E-01, 2.5391E+00,-4.9683E-01, 4.7351E+00,-2.5757E-01, 6.2573E+00
"C                                                                                                                     "
   8919.690, -63080.300, 1.9421E+00, 6.0364E+00,-3.3691E-01, 2.5391E+00,-4.9316E-01, 4.7375E+00,-2.5879E-01, 6.2585E+00
"D                                                                                                                     "
   8933.280, -63066.710, 1.9556E+00, 6.0474E+00,-3.3325E-01, 2.5403E+00,-4.9316E-01, 4.7388E+00,-2.5269E-01, 6.2622E+00
"C                                                                                                                     "
   8937.420, -63062.570, 1.8958E+00, 6.0742E+00,-3.3569E-01, 2.5403E+00,-4.9927E-01, 4.7363E+00,-2.5513E-01, 6.2622E+00
"D                                                                                                                     "
   8955.210, -63044.780, 1.7529E+00, 5.8521E+00,-3.3569E-01, 2.5403E+00,-4.9438E-01, 4.7363E+00,-2.5146E-01, 6.2646E+00
"C                                                                                                                     "
   8959.920, -63040.070, 2.0459E+00, 6.1328E+00,-3.3691E-01, 2.5391E+00,-4.9683E-01, 4.7351E+00,-2.5024E-01, 6.2659E+00
"D                                                                                                                     "
   8989.290, -63010.700, 1.7383E+00, 5.8386E+00,-3.3936E-01, 2.5403E+00,-4.9805E-01, 4.7375E+00,-2.4536E-01, 6.2708E+00
"C                                                                                                                     "
   8993.070, -63006.920, 2.1448E+00, 6.2329E+00,-3.3325E-01, 2.5403E+00,-4.9683E-01, 4.7339E+00,-2.4414E-01, 6.2720E+00
"DG                                                                                                                    "
   9052.620, -62947.370, 2.4133E+00, 6.5002E+00,-3.3203E-01, 2.5403E+00,-4.9316E-01, 4.7363E+00,-2.3315E-01, 6.2817E+00
"G                                                                                                                     "
   9921.000, -62078.990,-4.6631E-01, 3.8086E+00,-3.3813E-01, 2.5391E+00,-4.9683E-01, 4.7351E+00,-2.2705E-01, 6.2891E+00
"Z                                                                                                                     "
   9972.270, -62027.720, 8.1909E-01, 4.1382E+00,-3.3813E-01, 2.5391E+00,-4.9683E-01, 4.7351E+00,-2.4292E-01, 6.2732E+00
"P                                                                                                                     "
   9979.500, -62020.490, 1.2793E+00, 5.3003E+00,-3.3569E-01, 2.5391E+00,-4.9561E-01, 4.7339E+00,-2.4048E-01, 6.2720E+00
"C                                                                                                                     "
   9987.780, -62012.210, 1.3721E+00, 5.4797E+00,-3.3936E-01, 2.5391E+00,-5.0049E-01, 4.7351E+00,-2.4536E-01, 6.2708E+00
"D                                                                                                                     "
  10056.540, -61943.450, 1.9641E+00, 6.0828E+00,-3.3813E-01, 2.5391E+00,-5.0049E-01, 4.7339E+00,-2.5635E-01, 6.2634E+00
"F2                                                                                                                    "
  10059.510, -61940.480, 1.7188E+00, 5.8081E+00,-3.3936E-01, 2.5391E+00,-4.9927E-01, 4.7327E+00,-2.5269E-01, 6.2634E+00
"B                                                                                                                     "
  10064.910, -61935.080, 1.7126E+00, 5.8386E+00,-3.3936E-01, 2.5391E+00,-4.9927E-01, 4.7339E+00,-2.5391E-01, 6.2622E+00
"C                                                                                                                     "
  10066.980, -61933.010, 2.4609E+00, 6.5344E+00,-3.3691E-01, 2.5391E+00,-4.9927E-01, 4.7339E+00,-2.5391E-01, 6.2622E+00
"D                                                                                                                     "
  10140.660, -61859.330, 1.9763E+00, 6.2830E+00,-3.3936E-01, 2.5391E+00,-5.0171E-01, 4.7339E+00,-2.6001E-01, 6.2585E+00
"C                                                                                                                     "
  10142.910, -61857.080, 2.5269E+00, 6.7078E+00,-3.3936E-01, 2.5391E+00,-4.7852E-01, 4.7571E+00,-2.6001E-01, 6.2585E+00
"D                                                                                                                     "
  10152.660, -61847.330, 2.0825E+00, 6.1621E+00,-3.3691E-01, 2.5391E+00,-4.9805E-01, 4.7339E+00,-2.5879E-01, 6.2573E+00
"F2                                                                                                                    "
  10157.160, -61842.830, 1.7566E+00, 5.8228E+00,-3.3936E-01, 2.5391E+00,-4.9683E-01, 4.7339E+00,-2.6001E-01, 6.2573E+00
"B                                                                                                                     "
  10158.360, -61841.630, 1.8640E+00, 5.9705E+00,-3.3813E-01, 2.5378E+00,-4.9805E-01, 4.7327E+00,-2.6001E-01, 6.2573E+00
"C                                                                                                                     "
  10159.860, -61840.130, 1.8713E+00, 5.9888E+00,-3.4058E-01, 2.5391E+00,-4.9683E-01, 4.7339E+00,-2.5879E-01, 6.2573E+00
"B                                                                                                                     "
  10162.620, -61837.370, 2.1045E+00, 6.2000E+00,-3.3936E-01, 2.5391E+00,-5.0171E-01, 4.7339E+00,-2.6489E-01, 6.2573E+00
"C                                                                                                                     "
  10164.750, -61835.240, 2.3108E+00, 6.5759E+00,-3.3813E-01, 2.5378E+00,-4.9927E-01, 4.7339E+00,-2.6245E-01, 6.2573E+00
"D                                                                                                                     "
  10171.560, -61828.430, 2.0593E+00, 6.4331E+00,-3.3691E-01, 2.5391E+00,-5.0415E-01, 4.7253E+00,-2.6367E-01, 6.2561E+00
"F2                                                                                                                    "
  10175.400, -61824.590, 1.7371E+00, 5.8521E+00,-3.4302E-01, 2.5391E+00,-5.0537E-01, 4.7290E+00,-2.6245E-01, 6.2573E+00
"B                                                                                                                     "
  10176.630, -61823.360, 2.0154E+00, 6.1011E+00,-3.3569E-01, 2.5378E+00,-4.9561E-01, 4.7375E+00,-2.6001E-01, 6.2561E+00
"C                                                                                                                     "
  10177.770, -61822.220, 2.0520E+00, 6.1035E+00,-3.3813E-01, 2.5391E+00,-4.9683E-01, 4.7339E+00,-2.6123E-01, 6.2561E+00
"F2                                                                                                                    "
  10178.790, -61821.200, 1.9934E+00, 6.1792E+00,-3.3813E-01, 2.5378E+00,-4.4189E-01, 4.7754E+00,-2.6123E-01, 6.2561E+00
"B                                                                                                                     "
  10181.940, -61818.050, 1.7651E+00, 5.8728E+00,-3.4180E-01, 2.5391E+00, 2.1936E+00, 7.4097E+00,-2.6367E-01, 6.2561E+00
"C                                                                                                                     "
  10183.230, -61816.760, 2.0471E+00, 6.4404E+00,-3.3813E-01, 2.5378E+00, 2.0825E+00, 7.2888E+00,-2.6123E-01, 6.2561E+00
"B                                                                                                                     "
  10184.130, -61815.860, 1.6882E+00, 5.7983E+00,-3.3569E-01, 2.5391E+00, 2.0251E+00, 7.2339E+00,-2.6245E-01, 6.2561E+00
"F2                                                                                                                    "
  10185.330, -61814.660, 1.7017E+00, 5.7837E+00,-3.3813E-01, 2.5391E+00, 1.9678E+00, 7.1790E+00,-2.6001E-01, 6.2561E+00
"B                                                                                                                     "
  10189.680, -61810.310, 1.8713E+00, 5.9656E+00,-3.4058E-01, 2.5391E+00, 1.8738E+00, 7.0886E+00,-2.6367E-01, 6.2561E+00
"C                                                                                                                     "
  10190.970, -61809.020, 1.7200E+00, 5.8130E+00,-3.3936E-01, 2.5391E+00, 1.8420E+00, 7.0532E+00,-2.5879E-01, 6.2561E+00
"B                                                                                                                     "
  10193.820, -61806.170, 1.7798E+00, 5.8643E+00,-3.3691E-01, 2.5391E+00, 1.7664E+00, 6.9763E+00,-2.6123E-01, 6.2561E+00
"C                                                                                                                     "
  10195.080, -61804.910, 2.4060E+00, 6.6614E+00,-3.3569E-01, 2.5378E+00, 1.7334E+00, 6.9470E+00,-2.6123E-01, 6.2561E+00
"D                                                                                                                     "
  10199.460, -61800.530, 2.3438E+00, 6.4709E+00,-3.3569E-01, 2.5391E+00, 1.6553E+00, 6.8677E+00,-2.5879E-01, 6.2561E+00
"B                                                                                                                     "
  10200.360, -61799.630, 3.1445E+00, 6.5149E+00,-3.3569E-01, 2.5378E+00, 1.6431E+00, 6.8542E+00,-2.6001E-01, 6.2549E+00
"C                                                                                                                     "
  10203.750, -61796.240, 2.3804E+00, 6.3745E+00,-3.3447E-01, 2.5391E+00, 1.5894E+00, 6.8042E+00,-2.5757E-01, 6.2561E+00
"D                                                                                                                     "
  10216.200, -61783.790, 1.7639E+00, 5.8704E+00,-3.4058E-01, 2.5378E+00, 1.4905E+00, 6.7041E+00,-2.6245E-01, 6.2549E+00
"C                                                                                                                     "
  10218.960, -61781.030, 2.2864E+00, 6.6431E+00,-3.3813E-01, 2.5391E+00, 1.4734E+00, 6.6907E+00,-2.6367E-01, 6.2549E+00
"D                                                                                                                     "
  10219.620, -61780.370, 2.0239E+00, 6.2878E+00,-3.3813E-01, 2.5391E+00, 1.4771E+00, 6.6870E+00,-2.6123E-01, 6.2549E+00
"B                                                                                                                     "
  10220.670, -61779.320, 3.0127E+00, 6.5137E+00,-3.4058E-01, 2.5391E+00, 1.4673E+00, 6.6809E+00,-2.6123E-01, 6.2549E+00
"C                                                                                                                     "
  10222.650, -61777.340, 2.0032E+00, 6.1621E+00,-3.3447E-01, 2.5391E+00, 1.4575E+00, 6.6699E+00,-2.6367E-01, 6.2549E+00
"D                                                                                                                     "
  10330.860, -61669.130, 2.2888E+00, 6.4563E+00,-3.3936E-01, 2.5391E+00, 9.9609E-01, 6.2158E+00,-2.6611E-01, 6.2524E+00
"B                                                                                                                     "
  10331.820, -61668.170, 3.8159E+00, 7.7856E+00,-3.3569E-01, 2.5391E+00, 9.9731E-01, 6.2183E+00,-2.6123E-01, 6.2537E+00
"C                                                                                                                     "
  10333.380, -61666.610, 2.1924E+00, 6.3293E+00,-3.4058E-01, 2.5391E+00, 9.9976E-01, 6.2219E+00,-2.6611E-01, 6.2524E+00
"D                                                                                                                     "
  10439.550, -61560.440, 2.8442E+00, 6.5894E+00,-3.3447E-01, 2.5391E+00,-4.9194E-01, 4.7400E+00,-2.6245E-01, 6.2537E+00
"C                                                                                                                     "
  10440.810, -61559.180, 2.2937E+00, 6.5515E+00,-3.3569E-01, 2.5391E+00,-4.9438E-01, 4.7363E+00,-2.6123E-01, 6.2537E+00
"C                                                                                                                     "
  10442.100, -61557.890, 2.2803E+00, 6.4612E+00,-3.3936E-01, 2.5403E+00,-5.0171E-01, 4.7363E+00,-2.6367E-01, 6.2537E+00
"D                                                                                                                     "
  10451.970, -61548.020, 2.6477E+00, 6.6809E+00,-3.3813E-01, 2.5403E+00,-4.9072E-01, 4.7375E+00,-2.6001E-01, 6.2537E+00
"C                                                                                                                     "
  10454.460, -61545.530, 2.7258E+00, 6.8030E+00,-3.4058E-01, 2.5403E+00,-4.9438E-01, 4.7375E+00,-2.6489E-01, 6.2537E+00
"D                                                                                                                     "
  10460.910, -61539.080, 2.2913E+00, 6.4722E+00,-3.3936E-01, 2.5391E+00,-5.0049E-01, 4.7363E+00,-2.6489E-01, 6.2537E+00
"F2                                                                                                                    "
  10463.760, -61536.230, 1.6614E+00, 5.7446E+00,-3.3569E-01, 2.5391E+00,-4.9683E-01, 4.7375E+00,-2.6489E-01, 6.2537E+00
"B                                                                                                                     "
  10464.690, -61535.300, 2.0850E+00, 6.1169E+00,-3.3569E-01, 2.5403E+00,-4.9438E-01, 4.7363E+00,-2.6367E-01, 6.2537E+00
"C                                                                                                                     "
  10465.680, -61534.310, 1.9849E+00, 6.0364E+00,-3.3813E-01, 2.5391E+00,-4.9194E-01, 4.7375E+00,-2.6245E-01, 6.2537E+00
"B                                                                                                                     "
  10466.310, -61533.680, 2.0020E+00, 6.0999E+00,-3.3325E-01, 2.5391E+00,-4.9316E-01, 4.7363E+00,-2.6001E-01, 6.2537E+00
"C                                                                                                                     "
  10468.590, -61531.400, 2.1057E+00, 6.3647E+00,-3.3569E-01, 2.5403E+00,-4.9561E-01, 4.7327E+00,-2.6123E-01, 6.2537E+00
"D                                                                                                                     "
  10476.600, -61523.390, 2.2717E+00, 6.5442E+00,-3.3691E-01, 2.5391E+00,-4.9561E-01, 4.7375E+00,-2.6245E-01, 6.2537E+00
"B                                                                                                                     "
  10477.260, -61522.730, 2.7942E+00, 6.5417E+00,-3.3936E-01, 2.5391E+00,-4.9561E-01, 4.7363E+00,-2.6489E-01, 6.2537E+00
"C                                                                                                                     "
  10478.700, -61521.290, 2.6892E+00, 6.7883E+00,-3.3691E-01, 2.5391E+00,-4.9316E-01, 4.7363E+00,-2.6245E-01, 6.2537E+00
"D                                                                                                                     "
  10511.310, -61488.680, 2.2253E+00, 6.4612E+00,-3.3569E-01, 2.5391E+00,-4.9194E-01, 4.7363E+00,-2.6001E-01, 6.2537E+00
"C                                                                                                                     "
  10513.410, -61486.580, 2.2766E+00, 6.4417E+00,-3.3691E-01, 2.5391E+00,-4.9561E-01, 4.7375E+00,-2.6245E-01, 6.2537E+00
"D                                                                                                                     "
  10666.590, -61333.400, 2.7759E+00, 6.5845E+00,-3.3325E-01, 2.5415E+00,-4.8950E-01, 4.7388E+00,-2.5146E-01, 6.2634E+00
"C                                                                                                                     "
  10668.240, -61331.750, 2.4622E+00, 6.6895E+00,-3.3569E-01, 2.5403E+00,-4.8950E-01, 4.7388E+00,-2.5024E-01, 6.2634E+00
"D                                                                                                                     "
  10699.620, -61300.370, 2.4963E+00, 6.6711E+00,-3.3447E-01, 2.5415E+00,-4.9438E-01, 4.7400E+00,-2.4902E-01, 6.2695E+00
"C                                                                                                                     "
  10701.990, -61298.000, 2.5952E+00, 6.5332E+00,-3.3813E-01, 2.5403E+00,-4.9438E-01, 4.7388E+00,-2.4658E-01, 6.2695E+00
"D                                                                                                                     "
  10812.720, -61187.270, 2.2705E+00, 6.3794E+00,-3.3569E-01, 2.5415E+00,-4.8828E-01, 4.7449E+00,-2.3438E-01, 6.2830E+00
"P                                                                                                                     "
  10813.950, -61186.040,-1.1841E-01, 4.7156E+00,-3.3691E-01, 2.5415E+00,-4.8828E-01, 4.7449E+00,-2.3193E-01, 6.2830E+00
"Z                                                                                                                     "
  11367.600, -60632.390,-5.6396E-01, 3.5718E+00,-3.3569E-01, 2.5403E+00,-4.8828E-01, 4.7498E+00,-2.5879E-01, 6.2561E+00
"P                                                                                                                     "
  11381.250, -60618.740, 7.5317E-01, 4.8804E+00,-3.3203E-01, 2.5415E+00,-4.8340E-01, 4.7437E+00,-2.5879E-01, 6.2561E+00
"C                                                                                                                     "
  11391.480, -60608.510, 1.0950E+00, 5.1770E+00,-3.3447E-01, 2.5415E+00,-4.8828E-01, 4.7412E+00,-2.6123E-01, 6.2561E+00
"F2                                                                                                                    "
  11416.860, -60583.130, 1.0071E+00, 5.0879E+00,-3.3203E-01, 2.5415E+00,-4.9072E-01, 4.7388E+00,-2.5879E-01, 6.2561E+00
"B                                                                                                                     "
  11419.890, -60580.100, 1.1560E+00, 5.2661E+00,-3.3081E-01, 2.5415E+00,-4.9194E-01, 4.7388E+00,-2.6123E-01, 6.2561E+00
"C                                                                                                                     "
  11422.710, -60577.280, 1.3147E+00, 5.4150E+00,-3.3325E-01, 2.5415E+00,-4.9316E-01, 4.7400E+00,-2.5879E-01, 6.2561E+00
"B                                                                                                                     "
  11424.540, -60575.450, 2.4695E+00, 6.2805E+00,-3.3081E-01, 2.5415E+00,-4.9194E-01, 4.7400E+00,-2.5757E-01, 6.2561E+00
"C                                                                                                                     "
  11434.980, -60565.010, 1.2549E+00, 5.3503E+00,-3.3691E-01, 2.5415E+00,-4.9561E-01, 4.7388E+00,-2.6001E-01, 6.2561E+00
"D                                                                                                                     "
  11530.800, -60469.190, 1.5405E+00, 5.8984E+00,-3.3447E-01, 2.5415E+00,-4.9194E-01, 4.7400E+00,-2.5635E-01, 6.2622E+00
"C                                                                                                                     "
  11534.490, -60465.500, 1.7432E+00, 5.8411E+00,-3.3447E-01, 2.5427E+00,-4.9194E-01, 4.7400E+00,-2.5391E-01, 6.2622E+00
"P                                                                                                                     "
  11535.810, -60464.180, 1.3647E+00, 5.4626E+00,-3.3325E-01, 2.5415E+00,-4.9072E-01, 4.7400E+00,-2.5024E-01, 6.2622E+00
"Z                                                                                                                     "
  12797.010, -59202.980, 6.8726E-01, 4.5081E+00,-3.3569E-01, 2.5403E+00,-4.9316E-01, 4.7375E+00,-2.5757E-01, 6.2585E+00
"P                                                                                                                     "
  12807.780, -59192.210, 4.0405E-01, 4.5520E+00,-3.3447E-01, 2.5403E+00,-4.9194E-01, 4.7375E+00,-2.5757E-01, 6.2573E+00
"C                                                                                                                     "
  12810.300, -59189.690, 4.8096E-01, 4.6387E+00,-3.3691E-01, 2.5403E+00,-4.9438E-01, 4.7388E+00,-2.6001E-01, 6.2585E+00
"P                                                                                                                     "
  12829.740, -59170.250, 2.9053E-01, 4.5630E+00,-3.3691E-01, 2.5415E+00,-4.9438E-01, 4.7388E+00,-2.5879E-01, 6.2573E+00
"Z                                                                                                                     "
  13126.530, -58873.460,-5.3833E-01, 3.5840E+00,-3.2104E-01, 2.5574E+00,-4.9316E-01, 4.7375E+00,-2.6367E-01, 6.2549E+00
"P                                                                                                                     "
  13167.420, -58832.570, 6.2622E-01, 4.7412E+00,-3.1738E-01, 2.5562E+00,-4.9438E-01, 4.7400E+00,-2.6245E-01, 6.2561E+00
"C                                                                                                                     "
  13173.540, -58826.450, 7.0557E-01, 4.8291E+00,-3.2471E-01, 2.5500E+00,-4.9072E-01, 4.7400E+00,-2.6123E-01, 6.2549E+00
"D                                                                                                                     "
  13239.900, -58760.090, 8.5327E-01, 4.9854E+00,-3.2715E-01, 2.5476E+00,-4.9194E-01, 4.7412E+00,-2.6367E-01, 6.2561E+00
"F2                                                                                                                    "
  13240.950, -58759.040, 8.0322E-01, 4.8767E+00,-3.2471E-01, 2.5488E+00,-4.9072E-01, 4.7400E+00,-2.5879E-01, 6.2561E+00
"B                                                                                                                     "
  13252.110, -58747.880, 1.2415E+00, 5.3760E+00,-3.2593E-01, 2.5464E+00,-5.0781E-01, 4.7314E+00,-2.6367E-01, 6.2549E+00
"C                                                                                                                     "
  13255.500, -58744.490, 1.7700E+00, 5.8875E+00,-3.2959E-01, 2.5464E+00,-4.9316E-01, 4.7388E+00,-2.6123E-01, 6.2549E+00
"D                                                                                                                     "
  13278.000, -58721.990, 9.1187E-01, 5.0354E+00,-3.3081E-01, 2.5452E+00,-4.8340E-01, 4.7424E+00,-2.5879E-01, 6.2561E+00
"C                                                                                                                     "
  13279.950, -58720.040, 1.3574E+00, 5.3162E+00,-3.3081E-01, 2.5452E+00,-4.9072E-01, 4.7424E+00,-2.6123E-01, 6.2561E+00
"D                                                                                                                     "
  13308.690, -58691.300, 1.1011E+00, 5.2271E+00,-3.3447E-01, 2.5415E+00,-4.8950E-01, 4.7400E+00,-2.6001E-01, 6.2561E+00
"P                                                                                                                     "
  13310.580, -58689.410, 1.1426E+00, 5.2625E+00,-3.3569E-01, 2.5403E+00,-4.9316E-01, 4.7412E+00,-2.6245E-01, 6.2561E+00
"Z                                                                                                                     "
  13340.370, -58659.620, 1.5320E+00, 5.3943E+00,-3.0762E-01, 2.5647E+00,-4.8828E-01, 4.7400E+00,-2.5635E-01, 6.2561E+00
"P                                                                                                                     "
  13402.560, -58597.430, 4.0405E-01, 4.5520E+00,-3.1738E-01, 2.5623E+00,-4.9316E-01, 4.7400E+00,-2.6245E-01, 6.2561E+00
"B2                                                                                                                  "
  13404.510, -58595.480, 3.7231E-01, 4.4861E+00,-3.1128E-01, 2.5623E+00,-4.8828E-01, 4.7400E+00,-2.5879E-01, 6.2573E+00
"P                                                                                                                     "
  13423.350, -58576.640, 6.1157E-01, 4.7168E+00,-3.0762E-01, 2.5623E+00,-4.8950E-01, 4.7400E+00,-2.5757E-01, 6.2573E+00
"C                                                                                                                     "
  13427.010, -58572.980, 5.3467E-01, 4.6594E+00,-3.1372E-01, 2.5623E+00,-4.8706E-01, 4.7534E+00,-2.6123E-01, 6.2573E+00
"D                                                                                                                     "
  13446.390, -58553.600, 5.2368E-01, 4.6606E+00,-3.1250E-01, 2.5623E+00,-4.8584E-01, 4.7424E+00,-2.6001E-01, 6.2573E+00
"C                                                                                                                     "
  13450.980, -58549.010, 6.5674E-01, 4.7656E+00,-3.1128E-01, 2.5623E+00,-4.8706E-01, 4.7424E+00,-2.5879E-01, 6.2573E+00
"D                                                                                                                     "
  13510.470, -58489.520, 1.2708E+00, 5.1477E+00,-3.0762E-01, 2.5635E+00,-4.8950E-01, 4.7412E+00,-2.6001E-01, 6.2573E+00
"B                                                                                                                     "
  13513.770, -58486.220, 1.4392E+00, 5.2551E+00,-3.1250E-01, 2.5623E+00,-4.9072E-01, 4.7400E+00,-2.5879E-01, 6.2561E+00
"D                                                                                                                     "
  13549.050, -58450.940, 1.4551E+00, 5.6506E+00,-3.1372E-01, 2.5623E+00,-6.3477E-02, 5.0012E+00,-2.6123E-01, 6.2573E+00
"C                                                                                                                     "
  13551.930, -58448.060, 1.2756E+00, 5.4407E+00,-3.1250E-01, 2.5623E+00,-4.7974E-01, 4.7534E+00,-2.6123E-01, 6.2573E+00
"D                                                                                                                     "
  13658.190, -58341.800, 1.3403E+00, 5.4602E+00,-3.1372E-01, 2.5635E+00,-4.9194E-01, 4.7424E+00,-2.6245E-01, 6.2573E+00
"F2                                                                                                                    "
  13661.220, -58338.770, 1.2402E+00, 5.3467E+00,-3.1250E-01, 2.5635E+00,-4.8828E-01, 4.7437E+00,-2.5757E-01, 6.2573E+00
"B                                                                                                                     "
  13669.860, -58330.130, 1.3440E+00, 5.4675E+00,-3.1006E-01, 2.5635E+00,-4.8584E-01, 4.7461E+00,-2.6123E-01, 6.2573E+00
"C                                                                                                                     "
  13671.030, -58328.960, 1.3123E+00, 5.4321E+00,-3.1372E-01, 2.5635E+00,-4.8828E-01, 4.7449E+00,-2.6001E-01, 6.2573E+00
"B                                                                                                                     "
  13672.140, -58327.850, 1.4587E+00, 5.5591E+00,-3.0884E-01, 2.5635E+00,-4.7729E-01, 4.7510E+00,-2.5757E-01, 6.2573E+00
"C                                                                                                                     "
  13672.830, -58327.160, 1.4124E+00, 5.6348E+00,-3.1372E-01, 2.5635E+00,-4.7729E-01, 4.7534E+00,-2.5635E-01, 6.2585E+00
"D                                                                                                                     "
  13674.510, -58325.480, 1.3965E+00, 5.6897E+00,-3.1128E-01, 2.5635E+00,-4.8584E-01, 4.7449E+00,-2.5635E-01, 6.2573E+00
"B                                                                                                                     "
  13676.190, -58323.800, 2.8003E+00, 6.6284E+00,-3.1006E-01, 2.5635E+00,-4.8950E-01, 4.7449E+00,-2.6001E-01, 6.2573E+00
"C                                                                                                                     "
  13678.830, -58321.160, 2.0178E+00, 5.7751E+00,-3.1250E-01, 2.5647E+00,-4.8828E-01, 4.7449E+00,-2.6123E-01, 6.2585E+00
"D                                                                                                                     "
  13855.800, -58144.190, 1.7603E+00, 5.8508E+00,-3.1006E-01, 2.5647E+00,-4.8706E-01, 4.7437E+00,-2.5024E-01, 6.2634E+00
"c                                                                                                                     "
  13858.560, -58141.430, 1.8042E+00, 5.8899E+00,-3.1128E-01, 2.5647E+00,-4.8584E-01, 4.7437E+00,-2.5146E-01, 6.2634E+00
"d                                                                                                                     "
  13956.630, -58043.360, 1.5686E+00, 5.9644E+00,-3.0518E-01, 2.5659E+00,-4.8950E-01, 4.7424E+00,-2.5024E-01, 6.2634E+00
"f2                                                                                                                    "
  13959.150, -58040.840, 1.6199E+00, 5.7263E+00,-3.1128E-01, 2.5659E+00,-3.7720E-01, 4.8523E+00,-2.5513E-01, 6.2634E+00
"b                                                                                                                     "
  13961.280, -58038.710, 1.6663E+00, 5.7654E+00,-3.1128E-01, 2.5659E+00,-3.5278E-01, 4.8950E+00,-2.5146E-01, 6.2634E+00
"c                                                                                                                     "
  13963.770, -58036.220, 1.8701E+00, 6.2500E+00,-3.1006E-01, 2.5659E+00,-4.8340E-01, 4.7473E+00,-2.5024E-01, 6.2646E+00
"b                                                                                                                     "
  13968.390, -58031.600, 1.8628E+00, 5.9656E+00,-3.0762E-01, 2.5659E+00,-4.7485E-01, 4.7522E+00,-2.5146E-01, 6.2634E+00
"c                                                                                                                     "
  13970.280, -58029.710, 2.6721E+00, 6.7932E+00,-3.1128E-01, 2.5659E+00,-4.8828E-01, 4.7449E+00,-2.5269E-01, 6.2634E+00
"d                                                                                                                     "
  14316.690, -57683.300, 1.6394E+00, 5.8191E+00,-3.1006E-01, 2.5659E+00,-4.8950E-01, 4.7400E+00,-2.5391E-01, 6.2585E+00
"f2                                                                                                                    "
  14320.170, -57679.820, 1.5137E+00, 5.6226E+00,-3.1250E-01, 2.5659E+00,-4.9438E-01, 4.7400E+00,-2.5879E-01, 6.2585E+00
"g                                                                                                                     "
  14372.130, -57627.860, 1.5259E+00, 5.6360E+00,-3.0640E-01, 2.5659E+00,-4.9194E-01, 4.7388E+00,-2.5757E-01, 6.2585E+00
"z                                                                                                                     "
  15285.780, -56714.210, 1.1023E+00, 4.9536E+00,-3.0518E-01, 2.5708E+00,-4.6631E-01, 4.7656E+00,-2.5757E-01, 6.2585E+00
"p                                                                                                                     "
  15345.300, -56654.690, 1.5503E-01, 4.2554E+00,-3.0273E-01, 2.5720E+00,-4.8950E-01, 4.7424E+00,-2.6001E-01, 6.2585E+00
"g                                                                                                                     "
  15805.230, -56194.760,-5.8228E-01, 3.5999E+00,-2.9663E-01, 2.5720E+00,-4.8706E-01, 4.7424E+00,-2.5513E-01, 6.2598E+00
"z                                                                                                                     "
  18511.770, -53488.220,-5.4321E-01, 3.5950E+00,-2.9419E-01, 2.5745E+00,-4.8950E-01, 4.7400E+00,-2.5391E-01, 6.2585E+00
"p                                                                                                                     "
  18529.680, -53470.310,-4.1992E-01, 3.7366E+00,-3.0151E-01, 2.5745E+00,-4.8706E-01, 4.7461E+00,-2.5757E-01, 6.2573E+00
"b2                                                                                                                    "
  18532.110, -53467.880,-3.1982E-01, 3.8330E+00,-3.0151E-01, 2.5745E+00,-4.8218E-01, 4.7559E+00,-2.6123E-01, 6.2573E+00
"p                                                                                                                     "
  18562.710, -53437.280,-2.4780E-01, 3.9026E+00,-3.0029E-01, 2.5732E+00,-4.9072E-01, 4.7424E+00,-2.5635E-01, 6.2585E+00
"z                                                                                                                     "
  22448.160, -49551.830,-1.4319E+00, 2.7234E+00,-3.2715E-01, 2.5439E+00,-4.8218E-01, 4.7461E+00,-2.5513E-01, 6.2585E+00
"p                                                                                                                     "
  22469.970, -49530.020,-1.0742E-01, 4.0063E+00,-3.2837E-01, 2.5439E+00,-4.8584E-01, 4.7461E+00,-2.5879E-01, 6.2585E+00
"b2                                                                                                                    "
  22473.450, -49526.540,-4.7607E-02, 4.0564E+00,-3.2715E-01, 2.5439E+00,-4.8340E-01, 4.7449E+00,-2.5635E-01, 6.2573E+00
"p                                                                                                                     "
  22480.650, -49519.340,-5.0659E-01, 3.6536E+00,-3.2959E-01, 2.5439E+00,-4.8706E-01, 4.7461E+00,-2.6001E-01, 6.2573E+00
"g                                                                                                                     "
  22515.810, -49484.180, 3.3813E-01, 4.4470E+00,-3.3081E-01, 2.5439E+00,-4.8462E-01, 4.7461E+00,-2.5879E-01, 6.2585E+00
"g                                                                                                                     "
  22613.730, -49386.260,-8.0933E-01, 3.3423E+00,-3.2837E-01, 2.5439E+00,-4.8462E-01, 4.7449E+00,-2.5635E-01, 6.2573E+00
"p                                                                                                                     "
  22648.530, -49351.460,-7.7026E-01, 3.3728E+00,-3.2715E-01, 2.5439E+00,-4.8584E-01, 4.7449E+00,-2.5513E-01, 6.2585E+00
"p                                                                                                                     "
  22582.140, -49417.850,-5.7251E-01, 3.5608E+00,-3.2715E-01, 2.5452E+00,-4.8584E-01, 4.7449E+00,-2.5879E-01, 6.2585E+00
"g                                                                                                                     "
  22909.500, -49090.490,-3.6621E-02, 4.0857E+00,-3.3325E-01, 2.5415E+00,-4.9805E-01, 4.7327E+00,-2.6367E-01, 6.2561E+00
"p                                                                                                                     "
  22981.440, -49018.550,-3.0273E-01, 3.8464E+00,-3.3081E-01, 2.5403E+00,-4.8828E-01, 4.7412E+00,-2.5757E-01, 6.2561E+00
"z                                                                                                                     "
  23314.860, -48685.130,-4.1260E-01, 3.5950E+00,-3.3325E-01, 2.5403E+00,-4.9194E-01, 4.7375E+00,-2.6367E-01, 6.2537E+00
"p                                                                                                                     "
  23322.630, -48677.360,-2.1606E-01, 3.8269E+00,-3.2959E-01, 2.5403E+00,-4.9072E-01, 4.7400E+00,-2.6001E-01, 6.2549E+00
"c                                                                                                                     "
  23338.020, -48661.970,-2.0264E-01, 3.9441E+00,-3.3447E-01, 2.5403E+00,-4.9316E-01, 4.7388E+00,-2.6245E-01, 6.2549E+00
"d                                                                                                                     "
  23363.310, -48636.680,-1.7090E-02, 4.1040E+00,-3.3081E-01, 2.5403E+00,-4.9561E-01, 4.7388E+00,-2.6123E-01, 6.2549E+00
"f2                                                                                                                    "
  23366.460, -48633.530,-2.5024E-01, 3.9075E+00,-3.3447E-01, 2.5391E+00,-4.9561E-01, 4.7388E+00,-2.6367E-01, 6.2549E+00
"b                                                                                                                     "
  23368.980, -48631.010,-5.4932E-02, 4.1748E+00,-3.3081E-01, 2.5403E+00,-4.8584E-01, 4.7388E+00,-2.5757E-01, 6.2537E+00
"b                                                                                                                     "
  23368.980, -48631.010,-5.4932E-02, 4.1748E+00,-3.3081E-01, 2.5403E+00,-4.8584E-01, 4.7388E+00,-2.5757E-01, 6.2537E+00
"c                                                                                                                     "
  23378.340, -48621.650, 1.5625E-01, 4.2883E+00,-3.3325E-01, 2.5391E+00,-4.9316E-01, 4.7375E+00,-2.6367E-01, 6.2537E+00
"d                                                                                                                     "
  23395.410, -48604.580,-1.7090E-02, 4.1089E+00,-3.3325E-01, 2.5403E+00,-4.9438E-01, 4.7375E+00,-2.6367E-01, 6.2537E+00
"f2                                                                                                                    "
  23397.540, -48602.450,-2.4414E-03, 4.1724E+00,-3.3447E-01, 2.5403E+00,-4.9194E-01, 4.7375E+00,-2.6123E-01, 6.2549E+00
"b                                                                                                                     "
  23399.970, -48600.020,-2.0874E-01, 3.9465E+00,-3.3203E-01, 2.5403E+00,-4.9194E-01, 4.7388E+00,-2.6123E-01, 6.2537E+00
"c                                                                                                                     "
  23401.530, -48598.460, 4.0771E-01, 4.5642E+00,-3.2959E-01, 2.5391E+00,-4.9072E-01, 4.7400E+00,-2.6245E-01, 6.2537E+00
"b                                                                                                                     "
  23403.330, -48596.660, 4.6631E-01, 4.3652E+00,-3.3203E-01, 2.5403E+00,-4.9194E-01, 4.7388E+00,-2.6245E-01, 6.2549E+00
"c                                                                                                                     "
  23407.500, -48592.490, 2.1240E-01, 4.3359E+00,-3.3447E-01, 2.5391E+00,-4.9438E-01, 4.7388E+00,-2.6489E-01, 6.2549E+00
"d                                                                                                                     "
  23425.290, -48574.700, 2.0996E-01, 4.3420E+00,-3.3203E-01, 2.5403E+00,-4.9194E-01, 4.7388E+00,-2.5879E-01, 6.2549E+00
"c                                                                                                                     "
  23431.800, -48568.190, 4.8950E-01, 4.5410E+00,-3.2959E-01, 2.5391E+00,-4.9194E-01, 4.7388E+00,-2.6245E-01, 6.2537E+00
"d                                                                                                                     "
  23440.500, -48559.490, 4.1138E-01, 4.5447E+00,-3.3325E-01, 2.5403E+00,-4.9194E-01, 4.7400E+00,-2.6123E-01, 6.2537E+00
"c                                                                                                                     "
  23443.830, -48556.160, 6.8604E-01, 4.8389E+00,-3.3081E-01, 2.5391E+00,-2.8931E-01, 4.9341E+00,-2.6001E-01, 6.2537E+00
"d                                                                                                                     "
  23502.030, -48497.960, 9.1064E-01, 4.9133E+00,-3.3447E-01, 2.5403E+00,-2.5391E-01, 4.9695E+00,-2.6001E-01, 6.2549E+00
"f1                                                                                                                    "
  23502.630, -48497.360, 1.2781E+00, 5.4053E+00,-3.3081E-01, 2.5403E+00, 4.5166E-02, 5.2820E+00,-2.5757E-01, 6.2549E+00
"f2                                                                                                                    "
  23505.630, -48494.360, 3.8940E-01, 4.5923E+00,-3.3203E-01, 2.5403E+00,-3.0273E-01, 4.9316E+00,-2.6001E-01, 6.2549E+00
"b                                                                                                                     "
  23506.980, -48493.010, 7.0190E-01, 4.7998E+00,-3.3081E-01, 2.5403E+00,-4.9072E-01, 4.7388E+00,-2.6001E-01, 6.2549E+00
"c                                                                                                                     "
  23508.690, -48491.300, 7.7759E-01, 4.8706E+00,-3.2959E-01, 2.5403E+00,-4.9194E-01, 4.7388E+00,-2.5879E-01, 6.2549E+00
"b                                                                                                                     "
  23509.290, -48490.700, 7.4097E-01, 4.8450E+00,-3.2715E-01, 2.5403E+00,-4.8828E-01, 4.7388E+00,-2.6245E-01, 6.2549E+00
"d                                                                                                                     "
  23512.050, -48487.940, 5.1636E-01, 4.7473E+00,-3.3081E-01, 2.5403E+00,-4.9316E-01, 4.7388E+00,-2.6245E-01, 6.2549E+00
"c                                                                                                                     "
  23515.650, -48484.340, 8.3618E-01, 4.9231E+00,-3.3325E-01, 2.5403E+00,-4.9316E-01, 4.7388E+00,-2.6123E-01, 6.2549E+00
"d                                                                                                                     "
  23522.520, -48477.470, 9.9976E-01, 5.2222E+00,-3.3081E-01, 2.5403E+00,-4.9438E-01, 4.7388E+00,-2.6611E-01, 6.2537E+00
"b                                                                                                                     "
  23524.200, -48475.790, 1.0400E+00, 4.9915E+00,-3.3691E-01, 2.5403E+00,-4.9438E-01, 4.7388E+00,-2.6367E-01, 6.2537E+00
"c                                                                                                                     "
  23525.910, -48474.080, 6.3721E-01, 4.8621E+00,-3.3081E-01, 2.5403E+00,-4.8950E-01, 4.7449E+00,-2.6245E-01, 6.2537E+00
"d                                                                                                                     "
  23532.450, -48467.540, 6.7383E-01, 4.7815E+00,-3.3691E-01, 2.5391E+00,-4.7485E-01, 4.7498E+00,-2.6001E-01, 6.2537E+00
"c                                                                                                                     "
  23537.010, -48462.980, 8.2275E-01, 4.9072E+00,-3.3081E-01, 2.5403E+00,-4.9072E-01, 4.7388E+00,-2.6001E-01, 6.2549E+00
"d                                                                                                                     "
  23657.040, -48342.950, 9.0088E-01, 5.0122E+00,-3.3447E-01, 2.5391E+00,-4.9561E-01, 4.7375E+00,-2.6001E-01, 6.2549E+00
"c                                                                                                                     "
  23658.330, -48341.660, 8.7524E-01, 5.0635E+00,-3.3325E-01, 2.5403E+00,-4.9194E-01, 4.7388E+00,-2.6245E-01, 6.2537E+00
"f2                                                                                                                    "
  23659.500, -48340.490, 8.6548E-01, 4.9890E+00,-3.3325E-01, 2.5403E+00,-4.8950E-01, 4.7388E+00,-2.6123E-01, 6.2537E+00
"b                                                                                                                     "
  23663.100, -48336.890, 1.1157E+00, 5.1489E+00,-3.3569E-01, 2.5403E+00, 2.8809E-01, 5.5212E+00,-2.6367E-01, 6.2549E+00
"c                                                                                                                     "
  23667.390, -48332.600, 1.2415E+00, 5.2441E+00,-3.3691E-01, 2.5391E+00, 1.3428E-01, 5.4944E+00,-2.6367E-01, 6.2549E+00
"d                                                                                                                     "
  23897.940, -48102.050, 1.6895E+00, 5.8069E+00,-3.3203E-01, 2.5403E+00, 5.0415E-01, 5.8142E+00,-2.6001E-01, 6.2549E+00
"f2                                                                                                                    "
  23901.000, -48098.990, 1.4465E+00, 5.5383E+00,-3.3447E-01, 2.5403E+00, 5.2368E-01, 5.7971E+00,-2.6489E-01, 6.2549E+00
"b                                                                                                                     "
  23903.010, -48096.980, 1.5588E+00, 5.6055E+00,-3.2959E-01, 2.5403E+00, 3.2837E-01, 5.5554E+00,-2.6001E-01, 6.2549E+00
"c                                                                                                                     "
  23903.820, -48096.170, 1.5393E+00, 5.6885E+00,-3.3813E-01, 2.5403E+00, 9.8511E-01, 6.2109E+00,-2.6245E-01, 6.2549E+00
"b                                                                                                                     "
  23910.330, -48089.660, 2.6990E+00, 6.3232E+00,-3.3325E-01, 2.5403E+00, 3.0640E-01, 5.5750E+00,-2.6489E-01, 6.2549E+00
"c                                                                                                                     "
  23912.730, -48087.260, 1.7737E+00, 5.8789E+00,-3.3081E-01, 2.5403E+00, 3.1250E-01, 5.5432E+00,-2.6001E-01, 6.2561E+00
"d                                                                                                                     "
  23938.770, -48061.220, 1.5613E+00, 5.6470E+00,-3.3081E-01, 2.5403E+00, 1.1377E+00, 6.3672E+00,-2.6245E-01, 6.2549E+00
"b                                                                                                                     "
  23941.290, -48058.700, 1.5930E+00, 5.8118E+00,-3.3203E-01, 2.5403E+00, 4.7119E-01, 5.8154E+00,-2.6367E-01, 6.2549E+00
"d                                                                                                                     "
  23953.290, -48046.700, 1.4624E+00, 5.5920E+00,-3.3325E-01, 2.5391E+00, 7.9468E-01, 5.9692E+00,-2.6123E-01, 6.2549E+00
"c                                                                                                                     "
  23958.960, -48041.030, 1.6223E+00, 5.8057E+00,-3.3691E-01, 2.5403E+00, 8.2275E-01, 6.1060E+00,-2.6245E-01, 6.2549E+00
"d                                                                                                                     "
  24009.090, -47990.900, 1.5930E+00, 5.6885E+00,-3.2959E-01, 2.5403E+00, 1.0840E+00, 6.3110E+00,-2.6001E-01, 6.2561E+00
"p                                                                                                                     "
  24024.360, -47975.630, 9.8022E-01, 5.1111E+00,-3.3325E-01, 2.5391E+00, 1.0498E+00, 6.2744E+00,-2.6367E-01, 6.2537E+00
"z                                                                                                                     "
  36000.060, -35999.930,-5.9448E-01, 3.5547E+00, 1.0486E+00, 3.8916E+00,-5.0537E-01, 4.7314E+00,-2.6123E-01, 6.2585E+00
