"NP                                                                                                                    "
   9980.400, -62019.590,-6.0181E-01, 3.5413E+00, 3.3691E-01, 3.1860E+00,-5.0171E-01, 4.7290E+00,-3.1250E-01, 6.1707E+00
"P                                                                                                                     "
  10014.060, -61985.930,-6.0181E-01, 3.5425E+00, 1.1597E-01, 2.9761E+00,-4.4312E-01, 4.7974E+00,-1.2695E-01, 6.3818E+00
"Z                                                                                                                     "
  10017.780, -61982.210,-5.9814E-01, 3.5413E+00, 2.9297E-01, 3.1580E+00,-4.9316E-01, 4.7327E+00,-7.9712E-01, 6.0266E+00
"P                                                                                                                     "
  10034.850, -61965.140,-6.0059E-01, 3.5425E+00, 2.2339E-01, 3.0713E+00,-5.0049E-01, 4.7302E+00,-1.0010E+00, 5.5249E+00
"B2                                                                                                                    "
  10036.770, -61963.220,-6.0059E-01, 3.5413E+00, 1.8066E-01, 3.0237E+00,-4.8828E-01, 4.7375E+00,-1.0364E+00, 5.4822E+00
"P                                                                                                                     "
  10057.060, -61940.990,-6.0425E-01, 3.5425E+00,-2.2827E-01, 2.6514E+00,-4.9683E-01, 4.7339E+00,-7.1045E-01, 5.7947E+00
"B2                                                                                                                     "
  10063.500, -61936.490,-5.9692E-01, 3.5413E+00,-9.3994E-02, 2.7734E+00,-4.9805E-01, 4.7290E+00,-6.9214E-01, 5.8215E+00
"P                                                                                                                     "
  10068.660, -61931.330,-6.0303E-01, 3.5425E+00,-1.5869E-02, 2.8589E+00,-5.0171E-01, 4.7302E+00,-9.7412E-01, 5.5530E+00
"B2                                                                                                                    "
  10075.020, -61924.970,-6.0181E-01, 3.5425E+00,-1.5137E-01, 2.7332E+00,-4.9927E-01, 4.7302E+00,-9.9976E-01, 5.5298E+00
"P                                                                                                                     "
  10122.450, -61877.540,-5.9692E-01, 3.5449E+00,-1.3916E-01, 2.7234E+00,-4.9927E-01, 4.7302E+00,-3.3081E-01, 6.1450E+00
"Z                                                                                                                     "
  10128.990, -61871.000,-5.9448E-01, 3.5437E+00,-2.0996E-01, 2.6538E+00,-4.9683E-01, 4.7314E+00,-6.2744E-01, 5.9753E+00
"P                                                                                                                     "
  10142.550, -61857.440,-5.9326E-01, 3.5425E+00,-3.0151E-01, 2.5720E+00,-5.0171E-01, 4.7314E+00,-1.2891E+00, 5.2380E+00
"B2                                                                                                                    "
  10147.890, -61852.100,-6.0303E-01, 3.5437E+00,-4.3335E-01, 2.4475E+00,-5.0049E-01, 4.7314E+00,-1.1804E+00, 5.3564E+00
"P                                                                                                                     "
  10187.310, -61812.680,-6.0059E-01, 3.5437E+00, 1.2451E-01, 2.9956E+00,-4.9683E-01, 4.7327E+00,-1.1060E+00, 5.4175E+00
"B2                                                                                                                    "
  10191.990, -61808.000,-6.0303E-01, 3.5437E+00,-7.5684E-02, 2.7881E+00,-4.9438E-01, 4.7388E+00,-1.1230E+00, 5.4150E+00
"P                                                                                                                     "
  10284.540, -61715.450,-5.9692E-01, 3.5449E+00, 3.4302E-01, 3.1995E+00,-4.9561E-01, 4.7339E+00,-6.0181E-01, 5.7922E+00
"C                                                                                                                     "
  10315.830, -61684.160,-5.9937E-01, 3.5437E+00, 4.3335E-01, 3.2837E+00,-4.9805E-01, 4.7339E+00,-6.6895E-01, 5.8533E+00
"CG                                                                                                                    "
  10561.590, -61438.400,-5.9937E-01, 3.5425E+00, 8.4717E-01, 3.6914E+00,-5.4321E-01, 4.6936E+00,-5.3467E-01, 6.0132E+00
"F2                                                                                                                    "
  10568.160, -61431.830,-6.0425E-01, 3.5425E+00, 7.8125E-01, 3.6292E+00,-4.7241E-01, 4.7681E+00,-5.2612E-01, 6.0083E+00
"B                                                                                                                     "
  10583.730, -61416.260,-6.0181E-01, 3.5425E+00,-3.4790E-01, 2.5256E+00,-6.5674E-01, 4.5935E+00,-6.4331E-01, 5.8960E+00
"DG                                                                                                                    "
  11114.250, -60885.740,-6.0303E-01, 3.5437E+00,-3.4912E-01, 2.5244E+00,-4.7729E-01, 4.7522E+00,-2.3682E-01, 6.2817E+00
"CG                                                                                                                    "
  12037.140, -59962.850,-6.0303E-01, 3.5449E+00,-3.4912E-01, 2.5232E+00, 2.3071E-01, 5.3101E+00,-1.9043E-01, 6.3269E+00
"G                                                                                                                     "
  12187.110, -59812.880,-5.9692E-01, 3.5461E+00,-3.4912E-01, 2.5244E+00, 4.8096E-01, 5.7153E+00,-4.0283E-02, 6.4734E+00
"B                                                                                                                     "
  12188.190, -59811.800,-5.9937E-01, 3.5461E+00,-3.5034E-01, 2.5244E+00, 4.8340E-01, 5.7214E+00,-4.0039E-01, 6.1206E+00
"F2                                                                                                                    "
  12194.310, -59805.680,-5.9448E-01, 3.5461E+00,-3.4912E-01, 2.5232E+00, 5.0171E-01, 5.7263E+00,-6.4209E-01, 5.8948E+00
"B                                                                                                                     "
  12201.270, -59798.720,-5.9448E-01, 3.5461E+00,-3.4790E-01, 2.5244E+00, 6.2500E-01, 5.8472E+00,-5.6763E-01, 5.9521E+00
"CG                                                                                                                    "
  12357.090, -59642.900,-5.9570E-01, 3.5449E+00,-3.5156E-01, 2.5232E+00, 6.3232E-01, 5.8569E+00,-2.0874E-01, 6.3049E+00
"G                                                                                                                     "
  36000.000, -58951.340,-5.9937E-01, 3.5437E+00,-3.5156E-01, 2.5220E+00,-3.1982E-01, 4.8450E+00,-1.0010E-01, 6.4124E+00
